30 2
21 3.4600961 4.768798
10 5.4435964 -1.4595131
16 3.780867 1.7195296
22 3.771913 1.5965456
26 3.7092628 2.0660758
28 5.868472 -2.2977343
4 3.9729662 1.0291876
27 3.489852 6.1238503
7 3.6220307 2.072389
19 5.3192987 -1.4995422
13 5.3857284 -1.636264
1 3.419147 5.1028795
3 3.4573967 4.362336
14 3.7939355 1.8995206
20 4.0454845 0.7608962
0 3.460904 4.6735682
23 6.819558 -3.280431
25 6.1716146 -2.4836068
2 3.6586795 6.53806
8 6.170619 -2.6334417
15 3.9353075 1.2784773
17 3.937451 1.2627271
12 3.6397045 6.406368
5 6.3781376 -2.689673
11 3.507012 6.1117654
29 6.9336867 -3.3660057
6 6.2764044 -2.6341631
18 3.8484328 1.2800459
24 3.5289826 4.6857204
9 3.4447343 4.7428517
