30 2
21 3.8746154 4.510474
4 3.987399 0.8029813
7 3.7852292 1.9212259
1 3.8391006 4.944493
16 3.8938107 1.4211904
10 5.299012 -1.9508034
19 5.3095965 -2.0697095
14 3.9125128 1.7256116
8 5.847035 -2.8965595
26 3.705772 2.0545626
22 3.904567 1.255037
28 5.8441696 -2.8213673
15 3.9691567 1.0355415
3 3.7967231 4.1991057
17 3.9873908 1.2104466
25 5.934927 -2.907625
0 3.7265618 4.1533837
11 3.9389071 5.569573
12 4.0420494 6.110283
27 3.9587398 5.7588687
23 6.5246663 -3.7917001
6 6.045669 -3.0282516
5 6.1307235 -3.233323
20 4.0628495 0.59371006
2 4.1071954 6.0739117
29 6.580969 -3.6982186
13 5.2976165 -1.8918346
24 3.7462602 4.461851
9 3.8399184 4.4457636
18 3.8881514 0.95522124
