30 2
7 4.391486 2.9747047
29 4.8027706 3.0124533
5 2.1795979 3.5757809
14 -1.8383635 6.156273
3 1.8252338 3.8577924
2 -1.4844747 5.8949156
21 2.8750267 3.5849116
1 5.938294 2.8488698
6 5.364907 2.745039
8 -1.0499595 5.420997
20 -0.95933485 5.323745
4 -1.594294 5.843579
18 -0.80278283 5.2071495
24 1.896277 3.822292
0 1.2246829 4.070841
25 5.6538815 2.8635988
10 4.615408 2.9720495
11 1.4680905 4.0497327
26 5.5937147 2.7063549
12 5.4588466 2.813022
15 6.061207 2.853924
13 2.9182696 3.4802747
22 4.40345 2.9709365
17 -1.3997358 5.7927885
23 -2.1174448 6.4060335
9 1.3220533 4.142067
28 -1.2258917 5.460085
27 2.312223 3.7054594
16 1.3741941 4.1516795
19 -2.2254987 6.3413973
