30 2
7 3.7627828 1.7678041
1 3.8329978 4.9127693
21 3.8562343 4.3566017
14 3.884176 1.7215425
10 5.2317357 -1.9647242
22 3.8975344 1.3416349
19 5.266939 -2.0138347
17 4.037161 1.1564047
23 6.4664817 -3.7055848
3 3.7989624 4.00866
8 5.858557 -2.9178474
15 4.023708 1.094424
25 5.9812903 -3.1301956
16 3.9709983 1.3792468
13 5.299356 -2.1197035
20 4.0182242 0.39488977
11 4.090382 5.415731
6 5.9530983 -3.0187025
29 6.502794 -3.773161
4 4.000492 0.7466943
2 4.094722 6.046384
18 3.8991244 1.0592022
12 4.139739 6.217822
28 5.7711635 -2.9283392
9 3.8403778 4.572041
5 6.1053123 -3.3331425
27 4.0182385 5.7429724
0 3.7699564 4.2040515
26 3.800521 1.7563878
24 3.769033 4.3633966
