30 2
7 4.234995 3.1690135
20 -1.1941782 5.3860936
29 4.862392 3.2070022
2 -1.8057783 5.8837276
3 1.6402822 3.968047
5 1.7945371 3.8105364
18 -1.0289601 5.1304235
14 -2.1607418 6.014455
4 -1.9353542 5.807079
10 4.3673673 3.191324
0 1.0137093 4.141811
1 5.7332287 3.0174494
24 1.9030067 3.899447
23 -2.3994126 6.3099785
21 2.6347835 3.6569161
25 5.348527 3.0537293
6 5.2605443 3.0041168
12 5.3958583 3.1501505
8 -1.2056882 5.2772927
9 1.13566 4.126414
11 1.4429859 4.0484176
16 1.2625111 4.1479006
22 4.3441257 3.2048898
28 -1.5392747 5.485544
27 2.1879385 3.7548327
19 -2.4820898 6.431317
13 2.5578358 3.615416
15 5.9295073 3.051014
17 -1.5664341 5.5922937
26 5.4112554 2.8733585
