30 2
29 4.0254474 4.0018115
7 3.7068987 3.8674576
2 -2.7959914 5.5336933
20 -2.2352905 5.0742183
0 0.20427813 4.262538
5 1.0938529 4.0468655
3 1.0072236 4.1949267
25 4.872689 3.977762
1 5.2523823 4.0414906
14 -3.0124044 5.5265803
6 4.8021593 3.8791804
21 1.8788848 4.088609
10 3.8872237 3.9248736
4 -2.7600558 5.320174
24 1.3180964 4.2074604
8 -2.1460798 4.9047885
18 -1.9633834 4.9499373
17 -2.6202161 5.340489
28 -2.4229221 5.0637774
16 0.3138237 4.4046164
26 4.9596567 3.8940964
12 4.7117624 3.9834285
11 0.7215303 4.227518
15 5.008762 4.0026507
19 -3.434138 5.7475123
13 2.2409818 4.063111
22 3.717623 3.8450048
23 -3.331844 5.7472515
27 1.203514 4.0952764
9 0.5014053 4.3231897
