30 2
16 3.8402085 1.7584503
22 3.7491696 1.5727916
1 3.546408 5.0217304
4 3.9252634 1.0844548
15 3.8646684 1.3158572
14 3.7335079 1.9980277
13 5.4556866 -1.8187237
25 6.041254 -2.7322083
19 5.407371 -1.679803
26 3.6338964 2.2888818
27 3.7235992 5.9745536
21 3.5878088 4.5807405
23 6.642844 -3.379608
10 5.2640696 -1.6546675
7 3.7152102 2.0871909
28 6.015853 -2.5981982
20 4.056686 0.8575691
11 3.7321315 5.905984
8 6.1195574 -2.6999767
3 3.5644233 4.285042
29 6.818945 -3.4778123
2 3.8732424 6.262821
6 6.116898 -2.9377596
17 3.9235344 1.2766092
18 3.8718076 1.2897645
0 3.550477 4.488312
24 3.609407 4.668643
12 3.7596862 6.2465296
5 6.4152513 -2.944495
9 3.5409367 4.5993023
