30 2
3 1.6225615 3.976205
20 -1.22293 5.3697567
7 4.2324266 3.165917
29 4.85378 3.2156196
14 -2.1379466 6.0129848
2 -1.8045033 5.879569
10 4.3855524 3.2108443
5 1.8042507 3.7993836
4 -1.9300178 5.7985773
1 5.7298646 3.0257833
24 1.9092166 3.897184
25 5.3504868 3.0702744
8 -1.2036697 5.2683506
23 -2.4178145 6.309607
17 -1.5646164 5.6183105
22 4.3600974 3.1986737
0 1.0040518 4.1575484
12 5.374393 3.152375
21 2.639602 3.662291
26 5.3893757 2.8757892
11 1.446344 4.062543
18 -1.0356603 5.1307077
13 2.5642447 3.6195464
15 5.932313 3.0522661
19 -2.4846945 6.425566
28 -1.5275435 5.4951024
16 1.271316 4.1451864
27 2.184602 3.7341352
6 5.2471495 2.9715104
9 1.1470131 4.134319
