30 2
16 3.5435462 2.1180422
22 3.5891035 1.9842561
25 6.386041 -1.7355995
21 2.8796399 5.100661
10 5.4455714 -0.81083906
19 5.718854 -1.109578
7 3.3723226 2.5345912
4 3.7777593 1.4904287
17 3.716039 1.8080959
20 4.0188193 1.1363028
13 5.5426226 -0.9766767
2 3.028632 6.931097
6 6.463231 -1.9508221
28 6.120944 -1.6499451
26 3.3874469 2.6013708
1 2.8080466 5.595153
15 3.7236886 1.8942021
0 2.9180841 5.0703993
3 2.9240663 4.5857844
8 6.4083376 -1.6808345
14 3.5521965 2.1628976
23 7.0044284 -2.405271
24 2.9048564 5.027027
29 7.289536 -2.509604
11 2.8553705 6.159738
18 3.6023402 1.6785934
5 6.6459713 -2.0804217
9 2.858222 5.0869794
12 2.9189398 6.7582135
27 2.8202455 6.481716
