30 2
22 3.687447 1.7461455
15 3.9296856 1.2644852
6 6.262847 -2.6582391
28 5.9873433 -2.2756214
26 3.597037 2.2366617
10 5.3559566 -1.4066159
1 3.4204187 5.2070913
14 3.7662303 1.9439691
16 3.8185272 1.6777272
20 4.0480094 0.85140604
4 3.9053302 1.0649462
19 5.311863 -1.5324066
18 3.8098032 1.2736791
25 6.191647 -2.5473464
21 3.4397445 4.7331295
11 3.5145762 6.0752816
8 6.0898495 -2.4907413
13 5.401127 -1.4889325
23 6.890582 -3.3113484
12 3.6447012 6.465252
7 3.6249144 2.115845
3 3.445567 4.3852177
17 3.9175708 1.3190962
9 3.4686067 4.6934524
0 3.4858313 4.7912455
2 3.662068 6.5679817
5 6.41738 -2.7545598
24 3.4162233 4.68621
29 6.948493 -3.2108364
27 3.442072 6.144799
