30 2
7 3.6266222 2.1331007
21 3.3651378 4.7156386
15 3.9027338 1.2635473
25 6.2083883 -2.4221523
10 5.269574 -1.41787
4 3.9732952 0.91181636
22 3.7441003 1.6497285
1 3.4058352 5.2571645
16 3.865284 1.5991675
19 5.325356 -1.5361636
13 5.38289 -1.5157446
0 3.503793 4.745856
27 3.4837165 6.1801105
17 3.9816701 1.3032012
8 6.1110888 -2.4710355
14 3.7631845 1.9493762
26 3.5957732 2.148595
28 5.915981 -2.381361
3 3.4127462 4.394445
11 3.5844104 6.094165
29 6.978687 -3.220177
12 3.5661888 6.4191527
20 4.093054 0.7940719
18 3.8446822 1.2202723
2 3.677655 6.573717
5 6.411071 -2.716229
6 6.241867 -2.6323504
23 6.865995 -3.3015559
24 3.4261453 4.6819696
9 3.4433858 4.666227
