30 2
21 3.4474778 4.8300633
14 3.6655695 1.9288538
22 3.76576 1.6653438
10 5.429986 -1.449229
19 5.3991694 -1.4788427
8 6.0804005 -2.2844186
28 6.0549574 -2.3165286
13 5.5316286 -1.6790758
15 3.8506649 1.485078
7 3.642333 2.1049721
6 6.307911 -2.5950277
11 3.4555757 5.98179
16 3.844123 1.6134408
23 6.845299 -3.153064
26 3.5903041 2.1910553
4 3.9723783 1.086312
20 4.038385 0.8536488
25 6.14886 -2.345818
1 3.34108 5.2549205
0 3.3529875 4.754725
3 3.4116426 4.5145125
17 3.8913677 1.5567905
27 3.3988843 6.179859
2 3.6111772 6.5810504
29 7.0043855 -3.2013168
9 3.4302142 4.9047184
12 3.472256 6.532832
18 3.893344 1.2499641
5 6.3779016 -2.6376016
24 3.3850894 4.8076277
