30 2
16 3.667597 1.9912033
10 5.4860044 -1.0280272
14 3.5077703 2.2562776
22 3.5901299 2.1146567
4 3.8108218 1.5654048
12 3.0240312 6.6934404
15 3.785702 1.7959436
25 6.364415 -1.9409512
7 3.3354807 2.6277885
21 2.9844916 4.9446874
1 2.904738 5.6783304
11 2.9134696 6.3066416
28 6.230847 -1.8230875
13 5.387743 -0.99688125
27 3.0048099 6.433557
29 7.1458287 -2.522382
26 3.3517914 2.6040483
23 7.0888524 -2.4684722
6 6.4442644 -1.9812032
19 5.558644 -1.0873448
2 2.9408934 6.854379
5 6.6903386 -2.190019
24 3.0431325 4.993377
8 6.475338 -1.9838761
0 3.02418 4.796095
17 3.768556 1.838426
20 3.9438097 1.1335347
18 3.6809733 1.6557462
9 3.0580552 4.962542
3 2.993147 4.527044
