30 2
7 4.335085 2.9900756
4 -1.6363566 5.8161077
29 4.790428 3.0692887
3 1.8238697 3.888169
1 5.844961 2.7872107
14 -1.9542273 6.1826506
6 5.37177 2.8032062
18 -0.7747694 5.1205416
2 -1.4940321 5.7914467
24 1.9366001 3.797329
5 2.1367013 3.6287022
20 -0.9872343 5.2974677
28 -1.2170947 5.5130663
15 6.1439705 2.8045814
0 1.1722546 4.106583
8 -1.1393985 5.4130144
21 2.7453616 3.586412
19 -2.1451104 6.4133053
23 -2.2146945 6.4650784
17 -1.4193892 5.775084
25 5.6657324 2.8218548
16 1.3873161 4.14112
12 5.4884615 2.8921921
22 4.4353766 2.9518552
26 5.516341 2.7937148
27 2.3134513 3.6895127
10 4.5313344 3.0015805
11 1.3858911 4.0145955
13 2.7913907 3.575481
9 1.3414425 4.1441817
