30 2
7 4.204704 3.3811061
29 4.6088057 3.4195333
20 -1.3512322 5.2454176
0 0.7477179 4.221578
25 5.459714 3.3852637
3 1.6433941 4.0038166
22 4.3985915 3.3591368
2 -2.0215907 5.7335153
5 1.6096305 3.968563
23 -2.7530496 6.0805883
4 -2.1823523 5.790865
6 5.053589 3.2820985
14 -2.444805 6.01015
8 -1.5988944 5.2388325
12 5.1191077 3.2734585
16 0.90729237 4.325441
18 -1.3331933 5.109023
24 1.5329758 4.0365105
1 5.6950564 3.2972403
10 4.421615 3.439554
28 -1.6788756 5.2777734
9 0.7870801 4.324945
11 1.0583357 4.025816
17 -1.8990997 5.5572376
21 2.3513708 3.9089887
26 5.102536 3.191686
15 5.916627 3.363926
13 2.359747 3.711643
19 -2.6902945 6.272071
27 1.8547232 3.889343
