30 2
16 3.6991332 1.8366457
28 6.076954 -1.916572
15 3.8327806 1.5734179
13 5.355446 -1.1863065
4 3.8061528 1.4745009
1 3.0868602 5.4439893
10 5.398189 -1.085679
25 6.2435493 -2.0256796
26 3.3812437 2.71731
6 6.404483 -2.2005954
20 4.0172553 1.0295007
7 3.5402718 2.3897371
19 5.717372 -1.6023611
14 3.534396 2.2531507
27 3.1794608 6.2120385
22 3.7110665 1.7274654
0 3.002665 4.7635636
21 3.150246 4.9080377
11 3.0895298 6.1281276
12 3.122472 6.656816
9 3.068091 4.9241247
18 3.7922528 1.5656918
2 3.2507412 6.8701987
23 7.0096354 -2.7189643
5 6.497568 -2.232696
17 3.8050873 1.7569432
3 3.135398 4.619473
8 6.241847 -2.0137794
24 3.1207988 4.889206
29 7.2120924 -2.8493204
