30 2
16 3.9175947 1.4274442
28 5.8632865 -2.849842
15 4.0506444 1.0487658
4 3.9958613 0.85594064
21 3.8453774 4.3891096
10 5.3005238 -1.8239827
22 3.8609188 1.2474673
20 4.1020737 0.53637457
26 3.78806 1.9018859
14 3.803621 1.7190058
19 5.3426194 -2.104915
23 6.6168666 -3.7107959
1 3.7844927 5.054692
7 3.7939618 1.9403908
25 6.018171 -2.9193416
11 3.9813623 5.7253866
18 3.8624496 1.1973065
8 5.994622 -2.870766
12 4.0116415 6.1214943
13 5.180564 -1.926426
6 6.003947 -3.1622982
3 3.7080991 4.285319
27 3.9110289 5.8645387
0 3.7117383 4.214903
5 6.16545 -3.1332335
9 3.754884 4.485818
17 4.0274267 1.1723397
2 4.132798 6.1805706
24 3.743213 4.53899
29 6.576785 -3.6426692
