30 2
7 3.6825366 3.8695183
5 0.9607756 4.0681562
14 -3.2150314 5.4647555
0 0.13708444 4.2272444
2 -2.959129 5.4031506
3 0.8295227 4.2139378
20 -2.3273525 4.9662776
4 -3.0609088 5.368873
18 -2.0203362 4.863705
1 5.2052236 4.2001495
29 3.9889076 4.0745964
22 3.7425213 3.91161
26 4.747699 3.9796457
23 -3.5453477 5.6960135
24 1.0732957 4.117185
10 3.7454758 4.0093193
6 4.5493298 4.007928
28 -2.437422 5.004078
15 5.0099726 4.2329693
25 4.807764 4.1569757
19 -3.5989676 5.675786
8 -2.29765 4.926742
16 0.19858599 4.3868403
11 0.59153825 4.121803
21 1.6511532 4.092455
9 0.40282372 4.251717
12 4.7887464 4.1903653
13 1.8891065 4.037242
17 -2.914828 5.3074355
27 1.3213975 4.1510143
