30 2
21 3.647832 4.465692
1 3.6961699 5.028518
10 5.262949 -1.7078477
25 6.096636 -2.6941948
8 6.0853066 -2.679398
4 3.9753492 0.89221966
22 3.7502816 1.575002
15 3.880944 1.3077059
13 5.319733 -1.7653468
27 3.8208559 6.039375
17 3.9590251 1.2593232
12 3.946455 6.2117267
16 3.8386674 1.8281716
7 3.6822398 2.039054
26 3.6378844 2.226458
6 6.1365843 -2.8361309
28 6.0440226 -2.734131
23 6.6840453 -3.4575062
14 3.7018344 1.9476479
11 3.6883 5.802114
2 3.8646898 6.2629223
0 3.6728609 4.5156417
20 3.99661 0.6784614
19 5.5295944 -1.991932
29 6.817222 -3.687604
5 6.1907578 -2.992241
3 3.583808 4.2679434
24 3.6586056 4.7450805
9 3.6213915 4.560823
18 3.8846867 1.2003272
