30 2
16 3.6098554 2.1284068
21 2.9057417 5.0863857
22 3.6333892 2.0058687
13 5.591602 -0.9580088
1 2.779373 5.60318
26 3.381297 2.6286836
4 3.788661 1.5421089
28 6.13687 -1.5772433
7 3.3463442 2.5572765
20 3.9955626 1.2427986
3 2.9394634 4.598383
14 3.5053933 2.210508
8 6.3591914 -1.7972234
25 6.4081893 -1.7876745
19 5.6971726 -1.1245973
15 3.740466 1.8754603
17 3.6882658 1.8498973
10 5.4909725 -0.89935595
12 2.927599 6.738031
0 2.9260218 5.0632725
27 2.8087707 6.4110913
6 6.41565 -2.0166328
29 7.3370585 -2.4837546
18 3.6814137 1.6466367
11 2.8736959 6.1453786
23 7.0149703 -2.414035
9 2.9544837 5.006995
5 6.6764145 -2.0534525
24 2.896496 5.0081344
2 2.9660704 6.9750323
