30 2
7 4.007887 3.5542657
18 -1.6645107 5.0682955
1 5.5430098 3.6464016
2 -2.3737977 5.7548175
4 -2.3421576 5.5800796
20 -1.9148525 5.2312217
14 -2.555787 5.7627897
6 4.9145107 3.5174763
3 1.3765187 4.0057034
29 4.3113737 3.620542
10 4.255505 3.5712464
0 0.6409573 4.218361
5 1.4739553 3.9202147
25 5.0079274 3.5491788
12 4.9892874 3.6396744
21 2.2528715 3.9106705
23 -2.8688695 5.9148107
24 1.2976354 4.0382724
11 1.1091343 4.1721683
19 -3.1549225 6.114147
27 1.6778444 4.00833
8 -1.9276762 5.172525
15 5.516741 3.658615
22 4.1490912 3.521089
26 5.2426634 3.4042888
16 0.6268612 4.338248
9 0.6024109 4.3488016
13 2.2738872 3.8108354
17 -2.1731856 5.467111
28 -1.9211378 5.2645087
