30 2
1 3.289527 5.464076
10 5.373728 -1.3951231
16 3.7427747 1.8994577
22 3.623207 1.687999
15 3.8842618 1.4061924
8 6.1600375 -2.2396872
19 5.520668 -1.5717099
23 6.9579725 -3.0522473
21 3.3144999 4.8679013
4 4.030505 0.9681584
28 6.0588894 -2.111844
14 3.6765983 2.084352
18 3.7940896 1.3106015
12 3.3507833 6.6046963
17 3.9056256 1.4185878
27 3.3654075 6.1374454
3 3.2985127 4.647412
7 3.5410228 2.210049
13 5.5005636 -1.5053828
20 4.0368457 0.99638903
6 6.4306397 -2.5253453
29 7.026251 -3.1120725
25 6.2109795 -2.1853154
26 3.5404806 2.3110783
9 3.3429375 4.8867927
0 3.2239525 4.680821
11 3.2813447 5.982817
2 3.4402196 6.538974
24 3.2516987 5.018335
5 6.3830013 -2.3820834
