300 2
234 -2.125276 0.6227293
90 -3.413595 -1.421952
243 -1.9553133 1.0186503
282 -2.096031 0.5899115
30 -1.469056 3.458254
251 -1.4515527 3.8640645
127 -1.9938034 0.81314725
149 -1.970513 0.9282821
82 -3.400367 -1.4180068
106 -1.4755698 3.3884473
46 -1.4241966 4.1781187
166 -1.4409169 3.8353992
8 -2.128728 0.634436
170 -2.1691537 0.5447388
191 -1.4869212 3.9492028
115 -1.434846 3.9603002
18 -1.9888927 0.8306021
189 -1.4104731 3.3627205
110 -3.0756223 -1.0934993
100 -1.4577543 3.8890812
119 -1.4259167 3.3808894
29 -3.7586982 -1.8438547
42 -1.4458011 4.1964626
89 -2.0138752 0.76100874
94 -2.044876 0.6890497
209 -3.3257601 -1.4346293
260 -3.9067135 -2.0045176
14 -3.4718118 -1.6390398
241 -2.0487745 0.725577
159 -1.435951 3.684696
158 -1.4517007 3.8102584
242 -2.0112135 0.88620853
31 -1.4424367 3.9738343
277 -2.00172 0.75786656
33 -1.9162625 1.0489619
195 -1.4477662 3.3400955
107 -1.9747359 0.97984284
233 -2.139702 0.5522821
164 -4.026589 -2.006584
105 -3.1775534 -1.2267094
291 -1.967291 0.854467
266 -2.0347912 0.8770712
271 -1.4629884 3.8844867
225 -1.421528 3.4982622
259 -3.3664951 -1.3970294
72 -3.3512125 -1.382126
91 -1.9902555 0.9611642
293 -2.0130534 0.875246
150 -2.1738985 0.3761671
190 -2.1334069 0.60358846
256 -2.1278553 0.5827132
73 -1.9914341 0.7855749
263 -2.0179193 0.8490217
47 -1.4594971 3.254365
65 -3.385009 -1.4503132
265 -1.4013101 3.4335997
80 -1.4797168 3.9012032
114 -2.145488 0.5709309
99 -1.431255 3.6444697
55 -1.9896867 0.8390467
118 -1.4577043 3.971328
204 -3.4033005 -1.4142406
219 -3.6151733 -1.6279876
184 -3.7780018 -1.8868189
246 -1.4056659 3.6634161
123 -1.4767706 3.864984
267 -3.3586087 -1.5021858
7 -1.4212323 3.6515121
294 -3.6077893 -1.7393514
255 -2.0741625 0.8621845
23 -2.0874026 0.7389135
67 -1.472625 3.6041973
84 -1.4617151 3.5934532
208 -3.5108557 -1.6230944
128 -2.1251268 0.65594774
212 -1.4499573 3.89539
224 -3.6877427 -1.7750379
198 -3.3388093 -1.3402121
201 -2.0804937 0.61268395
54 -3.6539335 -1.7405897
63 -2.0601673 0.9089755
274 -1.9562063 1.039729
253 -1.9685699 0.8810062
97 -2.1418605 0.49286172
133 -3.5046365 -1.6600775
152 -3.580704 -1.6656994
116 -1.5092674 3.6521103
151 -2.0939088 0.59541035
231 -2.0171785 0.8579543
276 -2.0318015 0.7984412
10 -1.4346977 4.0355787
183 -1.9192617 1.0128891
19 -1.4816663 3.674685
283 -1.4619414 3.7449992
248 -3.7997694 -1.8556672
44 -3.147185 -1.1421844
180 -2.1404092 0.5013629
275 -2.0677333 0.77964234
52 -2.0574825 0.7276883
126 -1.9484973 0.9813078
238 -1.4914078 3.9732754
3 -1.4974031 3.931731
83 -2.0509849 0.7619336
86 -3.324952 -1.4239523
50 -2.8176281 -0.8265092
51 -3.5648487 -1.6037242
141 -3.6202836 -1.7182729
213 -2.1115968 0.5858653
272 -1.4201248 3.2864292
117 -2.0142357 0.9301138
132 -1.4532332 3.4535074
203 -3.6046712 -1.662011
165 -3.6485484 -1.6016842
69 -1.4062015 3.511066
27 -3.4403093 -1.5028826
142 -1.4672208 3.6754048
37 -3.462843 -1.5411597
53 -1.4839052 3.5925572
167 -1.5137868 3.5472603
78 -1.4722583 3.536074
172 -3.5801582 -1.6347301
92 -1.4649006 4.3080583
232 -3.576086 -1.7189832
6 -2.073865 0.78479576
16 -3.88736 -1.8345263
157 -3.5988488 -1.5940219
38 -1.556934 3.6277182
207 -1.4786015 3.9233449
229 -1.9944065 0.9823869
70 -1.461493 3.723571
130 -1.4437252 3.7546563
169 -1.4348763 3.5649724
297 -1.4425851 3.9300573
160 -3.6276968 -1.68076
223 -4.024932 -2.0656624
194 -2.0197275 0.8603795
200 -1.4620483 3.7893057
197 -1.4818692 3.941662
49 -2.030988 0.9847506
22 -1.417272 3.678538
9 -2.0401464 0.8414609
15 -2.054531 0.7652312
124 -1.515274 4.2367315
57 -2.1188977 0.56965303
230 -1.4520309 3.404823
298 -1.9332523 1.037809
262 -2.1484702 0.64768386
289 -3.744615 -1.7981989
5 -1.9586321 0.8957024
177 -2.0632544 0.87547636
258 -2.0599759 0.7995766
137 -1.4828575 3.6843228
205 -1.4530154 3.103145
34 -1.984302 1.06329
75 -3.66818 -1.6995543
85 -3.9035523 -1.9254662
239 -1.4707829 3.9522898
108 -2.0037553 0.90682584
279 -2.124424 0.761505
252 -2.1113002 0.6857619
153 -3.374909 -1.4221872
290 -1.4708935 3.2398505
181 -3.589483 -1.6219546
257 -1.4257786 3.6067402
299 -1.4883864 3.6127305
273 -3.9854765 -2.0806231
79 -3.7620926 -1.8772917
11 -2.1116388 0.6333001
12 -2.0530436 0.74062425
81 -1.4511434 3.8201592
41 -1.4860618 3.8301961
60 -2.1122575 0.6184214
222 -3.8094916 -1.8618882
112 -3.5818367 -1.6719757
173 -2.0643628 0.7717648
187 -3.709621 -1.8285605
148 -3.6813233 -1.8520286
131 -3.3691251 -1.4581736
176 -1.4352269 3.323287
215 -1.4510665 3.5093982
77 -1.4246747 3.3121011
93 -1.4648006 3.7640033
237 -1.4660928 3.594459
129 -1.9414006 1.0932068
113 -2.1480198 0.53740853
59 -3.652037 -1.7859395
147 -2.1352248 0.66895723
154 -4.1590514 -2.1835644
162 -2.0403235 0.9321616
185 -3.6449332 -1.8388271
168 -3.4711874 -1.5835131
244 -2.2134445 0.49729866
0 -1.4480938 3.695124
2 -3.3993118 -1.3920692
217 -1.4059919 3.5020463
17 -1.4481715 4.190134
56 -1.9676348 0.90389013
62 -3.7640855 -1.7959334
175 -2.0035858 0.93971187
280 -2.1363103 0.6708529
87 -2.0078812 0.8723229
102 -1.9697652 0.97592247
286 -1.4702414 3.9826016
121 -2.04998 0.7944228
155 -3.7910388 -1.8058
192 -3.4121265 -1.5573679
196 -1.5160652 3.9956894
206 -3.28408 -1.459862
236 -1.4865884 3.1593196
228 -2.0265195 0.75481445
146 -3.8622737 -1.9622953
136 -3.9024825 -1.9594934
28 -3.5646594 -1.6115041
120 -3.631669 -1.6571908
288 -3.4877715 -1.566784
32 -3.4595869 -1.493242
71 -2.0914469 0.6973323
226 -1.4769336 3.8535287
95 -3.8693764 -1.9416393
249 -3.8769803 -1.9025923
221 -3.584274 -1.6335342
295 -3.2603142 -1.3225183
122 -1.3924128 4.162778
61 -2.073661 0.7213176
179 -1.4567544 3.6860178
26 -1.4412566 3.0681446
40 -3.6159623 -1.7886776
64 -3.7264879 -1.7199812
96 -1.4254478 3.4896739
270 -3.7656403 -1.8041581
88 -1.4879041 3.1770992
4 -1.4544026 3.5356333
20 -1.4764367 3.53291
21 -1.4641622 3.7987905
39 -2.005083 0.81588745
45 -1.436581 3.6918023
66 -1.4904091 3.9021049
144 -1.542688 3.6269038
254 -3.5566397 -1.6496235
174 -2.0879786 0.5198228
284 -3.3919928 -1.4486077
36 -1.4569888 3.800823
125 -1.4008044 3.8074558
199 -2.0734694 0.7919901
292 -3.6411405 -1.6622099
235 -1.4235617 3.9073846
287 -3.835874 -1.852426
296 -3.659302 -1.6424181
216 -3.583287 -1.7132406
250 -3.7650852 -1.795579
68 -1.4490027 3.3454752
101 -1.9788547 0.8275045
156 -1.3841145 3.7535286
143 -1.4228389 3.36462
278 -1.4720949 3.59227
285 -1.4578174 4.1123266
193 -3.3803396 -1.4963689
240 -2.2059963 0.47735867
13 -1.967235 0.814534
188 -2.0808175 0.7163729
25 -3.4098656 -1.5745127
35 -2.0549893 0.7642099
76 -1.4356567 3.6213264
186 -1.9838617 0.9020309
163 -2.1784112 0.49443704
261 -3.6938722 -1.8445191
269 -3.2213075 -1.2999142
218 -2.0309782 0.91253555
247 -1.4171301 3.5069852
140 -2.1409051 0.6488335
104 -1.9697865 0.7988908
227 -1.444994 3.4563363
134 -1.9199967 1.0328958
109 -3.7536733 -1.7417023
210 -1.43088 3.5505662
135 -3.3534567 -1.3810693
48 -3.763418 -1.7426006
98 -3.257575 -1.2674781
1 -3.5808585 -1.7158626
43 -1.9665018 0.9673843
161 -2.0086448 0.8300484
202 -3.8325472 -1.9051561
111 -3.451459 -1.4802647
103 -1.4636639 3.5907552
245 -3.489797 -1.4415396
145 -3.5468678 -1.5922002
214 -2.0439746 0.9328561
182 -3.5483937 -1.5714597
220 -3.6915274 -1.7710776
211 -2.0171232 0.75476915
139 -3.668995 -1.7639223
268 -1.4588993 4.0626965
171 -1.9694545 1.0228795
281 -2.0886364 0.6449516
24 -1.4806874 3.6741898
138 -1.4106468 3.633412
178 -3.1656632 -1.2086979
74 -3.4733124 -1.5464482
264 -3.8356707 -1.8962364
58 -3.5884168 -1.6399527
