30 2
21 3.7219908 4.515667
14 3.7514067 1.9945213
19 5.293725 -1.9965291
16 3.8911102 1.5939856
4 4.02227 0.83383185
1 3.6835907 5.007441
25 6.0511284 -2.8199518
28 5.8772407 -2.6657956
10 5.357046 -1.8428017
22 3.8035986 1.5276713
8 6.0021114 -2.7356486
7 3.7618248 2.0063088
3 3.6829448 4.208002
15 3.9788744 1.3414341
2 3.9791985 6.2258515
26 3.7009237 2.097806
6 6.121029 -2.9477875
27 3.8397768 5.993543
13 5.172922 -1.851305
23 6.5903435 -3.5813162
18 3.925324 1.1036754
17 4.0542016 1.2220881
24 3.7357392 4.548306
20 4.054747 0.48203763
12 3.9730291 6.17972
0 3.6544433 4.430251
9 3.7122052 4.7045536
29 6.873689 -3.727481
11 3.8529716 5.7210674
5 6.1490364 -3.0865011
