30 2
5 1.9490484 3.7605913
29 4.8822603 3.117361
18 -0.9343074 5.1713777
2 -1.6654862 5.8830786
14 -2.0786765 6.23
3 1.7156312 3.8419344
7 4.3003063 3.021128
1 5.8570957 2.9392111
24 1.9244349 3.8359973
0 1.1905891 4.0868807
22 4.4480233 3.039693
4 -1.7382396 5.855069
20 -1.2130167 5.344714
25 5.5826406 2.9905734
21 2.71816 3.6770558
10 4.576413 3.1337216
17 -1.4665229 5.698253
26 5.4641438 2.8141751
11 1.2962807 4.111076
28 -1.3940191 5.497886
23 -2.2450347 6.447367
16 1.2864672 4.1994076
6 5.3003325 2.8719022
15 5.952756 2.9496846
12 5.44414 3.0145109
8 -1.127828 5.333506
13 2.7343667 3.522165
27 2.2676837 3.705766
9 1.2820541 4.129577
19 -2.3773973 6.3473287
