30 2
4 3.813643 1.498848
10 5.473211 -0.97251445
1 2.9423518 5.665702
22 3.594601 1.9452637
21 2.9436934 4.998204
7 3.3603818 2.488383
15 3.739751 1.7925911
16 3.6337292 1.978547
17 3.7278497 1.7999854
8 6.374482 -1.8394394
25 6.3512464 -1.9596213
23 7.0143113 -2.5415728
14 3.4542627 2.4503992
28 6.3100133 -1.762928
13 5.4995437 -0.956965
11 2.9046578 6.276025
19 5.64716 -1.1515913
0 2.9265742 4.958352
20 4.0322347 1.0431714
3 2.9466279 4.6496344
27 2.9741185 6.4681587
29 7.2064395 -2.5157497
26 3.361535 2.5531619
18 3.6729088 1.5578047
6 6.4110613 -1.933987
2 3.0358388 6.826837
24 3.033421 4.975672
5 6.6074104 -2.1272185
9 2.9691713 5.0222077
12 3.0031295 6.678798
