30 2
21 2.9933693 5.0278883
1 2.9567273 5.583173
14 3.5259125 2.3066888
16 3.5866995 2.0813363
12 3.0286467 6.5725064
10 5.4431186 -0.96742123
17 3.844982 1.7661468
22 3.6657317 1.83604
4 3.845589 1.402346
26 3.3793669 2.5653515
7 3.4473815 2.463728
25 6.294538 -1.895181
23 7.1616697 -2.649899
28 6.185629 -1.7946554
11 2.9499097 6.179691
13 5.489977 -1.0884472
9 2.968794 5.0749593
19 5.517704 -1.1285284
15 3.8099988 1.7153237
6 6.4262476 -2.0908134
8 6.3857336 -2.0364268
0 2.9608786 4.75309
2 3.1034167 6.909159
3 3.0628333 4.62846
20 4.034186 1.0842808
18 3.7278652 1.6122938
29 7.114542 -2.6255877
27 3.0298786 6.355601
5 6.565477 -2.177702
24 3.0281126 4.8918843
