300 2
8 -1.999534 0.8689462
201 -2.0304952 0.7217623
209 -3.2327213 -1.1223714
265 -1.2945135 3.2525713
53 -1.3502806 3.5680177
235 -1.3305205 3.4806914
244 -2.0594687 0.73142517
252 -2.1384375 0.56612396
56 -2.0615127 0.7018925
274 -1.8496633 1.2211708
96 -1.3447791 4.1379232
17 -1.2838594 4.049799
121 -2.0623438 0.73975253
205 -1.2678825 3.6594005
86 -3.4383488 -1.3018347
158 -1.3100512 3.5687525
34 -1.8463987 1.1486262
69 -1.3215958 3.5143976
101 -1.9509325 0.77565277
106 -1.2614939 3.5490243
18 -1.9403512 1.0061216
289 -3.575694 -1.4929924
147 -2.0464628 0.7642252
216 -3.6666703 -1.5634896
16 -3.5785558 -1.4635469
55 -2.1677446 0.51154315
207 -1.3025014 3.923359
98 -3.3415527 -1.2719692
255 -1.9846036 0.90061504
7 -1.3561461 3.5657427
240 -2.0791059 0.5415536
165 -3.6484652 -1.4549489
196 -1.3841555 3.8219042
282 -2.0917108 0.6618371
169 -1.3171692 3.630128
231 -1.8337827 1.1145351
233 -2.2080693 0.4672757
124 -1.3347368 3.766336
294 -3.57529 -1.4084609
195 -1.3087964 3.3981128
9 -1.8532429 1.1884003
83 -1.9662921 0.90073687
153 -3.4291883 -1.2383353
40 -3.7452815 -1.6235694
129 -1.874549 1.0415938
192 -3.3942432 -1.2196485
176 -1.2616007 3.6042054
267 -3.3362586 -1.2013078
100 -1.3083506 4.031363
45 -1.2560493 3.4562917
30 -1.3108824 3.5421388
228 -1.9531721 1.0221831
72 -3.321084 -1.2254294
198 -3.4011729 -1.2559892
292 -3.7138796 -1.5527885
79 -3.7285187 -1.6333055
44 -3.3626108 -1.2389957
93 -1.263298 3.7241223
48 -3.8111017 -1.6316671
217 -1.3010379 4.085305
224 -3.9638143 -1.6931796
99 -1.3244122 3.9206333
260 -3.9482384 -1.7464665
146 -3.8023932 -1.7191892
175 -1.9308316 0.9097013
225 -1.3066355 3.6219802
57 -1.9676397 0.92002475
190 -2.0313787 0.82408226
197 -1.3071424 3.9020054
51 -3.4437683 -1.3468403
141 -3.7464366 -1.5385298
287 -3.9405599 -1.749386
105 -3.1650448 -1.1059968
151 -2.0587327 0.6780375
152 -3.5665362 -1.4408078
203 -3.880403 -1.6915509
206 -3.5848088 -1.4370694
5 -1.961839 0.9667332
23 -2.1067452 0.67645687
258 -2.0806057 0.7227621
249 -3.9253964 -1.834234
166 -1.241704 3.8732038
144 -1.3282017 3.949026
191 -1.2417741 3.9040926
211 -2.0286572 0.88752294
181 -3.5970817 -1.4900737
242 -1.930331 0.9263007
256 -2.2000651 0.44175956
46 -1.2815865 4.4299216
28 -3.7382953 -1.6377953
243 -1.9638959 0.97698694
157 -3.7531576 -1.5744542
212 -1.3633074 3.588997
91 -1.8996203 1.1247816
298 -1.9274166 0.9221585
179 -1.2883893 3.5070648
232 -3.6042795 -1.467194
182 -3.4886947 -1.4079562
247 -1.2742058 3.4021351
276 -2.0314162 0.7518211
63 -1.9220483 0.97632456
108 -1.9652398 0.9615677
66 -1.3495619 4.110334
269 -3.5117123 -1.4347757
82 -3.5176914 -1.3881471
184 -3.9698126 -1.8212417
126 -2.0223556 0.7744026
154 -4.184868 -1.9178283
273 -3.4250154 -1.3154896
204 -3.574977 -1.4097923
104 -1.8992758 0.9657588
21 -1.3764973 3.8681803
226 -1.2621127 3.6552196
15 -1.933336 1.024142
283 -1.3570372 3.7134542
50 -3.1863186 -1.1775829
73 -2.0212946 0.7964996
174 -2.0321836 0.7237587
97 -2.1377816 0.58751637
180 -2.0371017 0.74357206
122 -1.3266686 4.241051
162 -1.8811337 1.0926927
163 -2.0567868 0.65579844
68 -1.2957183 3.1834092
49 -1.9274507 0.9803946
266 -2.0404313 0.8511072
42 -1.3357939 3.8521087
127 -1.9747216 0.8043565
263 -2.0074863 0.75859576
20 -1.3540632 3.6659245
71 -2.0152507 0.88372153
295 -3.597899 -1.4710397
39 -2.0961773 0.6812622
140 -2.007448 0.70863193
59 -3.859596 -1.619657
187 -3.5989504 -1.479231
251 -1.2709744 3.7034805
210 -1.3492961 3.8052523
130 -1.2696236 4.037596
229 -1.8440018 1.2092241
0 -1.2814585 3.9308863
109 -3.7407546 -1.6148845
156 -1.2717154 3.672338
164 -3.9086514 -1.7802705
277 -1.8077743 1.338422
90 -3.6484203 -1.5147151
102 -2.007156 0.7953307
259 -3.618135 -1.47456
133 -3.4453554 -1.3599488
117 -2.0651 0.720209
155 -3.7772799 -1.6355916
170 -1.9714324 0.86957115
183 -1.84682 1.2014953
250 -3.984374 -1.7144316
148 -3.6393285 -1.4177375
6 -2.0262525 0.7322852
41 -1.2976664 3.9714904
52 -1.9844592 0.86601585
161 -1.9840419 0.8927514
219 -3.4822369 -1.363993
193 -3.6023042 -1.4546639
279 -2.0293868 0.75191975
236 -1.2933682 3.2063696
297 -1.3622216 3.5425742
4 -1.2894064 3.766836
1 -3.547939 -1.5233383
3 -1.3317808 3.8133879
12 -1.9482328 1.0072051
33 -1.842034 1.1981252
254 -3.7871027 -1.5802783
218 -1.9148266 1.0410086
70 -1.3158089 3.7014406
78 -1.2450335 3.8044028
81 -1.2540554 3.8124213
262 -1.9686524 0.95609385
118 -1.3030716 4.1614246
85 -3.6882885 -1.4875462
92 -1.3406978 4.458736
142 -1.351859 4.000226
138 -1.362939 4.0114737
145 -3.8152733 -1.7686282
149 -1.9306399 0.97710156
186 -2.052561 0.73011833
213 -2.0889733 0.6022883
291 -2.0405629 0.75140774
2 -3.6921458 -1.5709274
19 -1.2881912 3.571393
290 -1.2925675 3.5002515
177 -1.9920702 0.83745575
35 -2.1201527 0.5827735
36 -1.2707849 3.9172506
272 -1.2870902 3.1548395
61 -2.049291 0.7071913
111 -3.4569027 -1.2415136
115 -1.3539354 3.8314042
88 -1.38575 3.408021
103 -1.4237912 3.7815
107 -1.9252142 0.9675986
234 -1.8995076 0.99045616
167 -1.3029584 3.6192818
246 -1.2786676 3.9607813
189 -1.3279511 3.5060287
11 -2.0277019 0.77889484
25 -3.748927 -1.5589832
172 -3.6468964 -1.4685197
29 -3.5597696 -1.4680185
288 -3.7696161 -1.578023
67 -1.329487 3.8884652
77 -1.2983924 3.17277
95 -4.106945 -1.9929321
110 -3.0963323 -0.9820055
132 -1.2744472 3.6947641
200 -1.262385 4.1452823
113 -1.9752614 0.8698123
75 -3.3583043 -1.2058556
22 -1.2930366 3.6115825
37 -3.7337074 -1.6050696
199 -1.8709645 1.1234561
185 -3.9802744 -1.8351891
60 -2.0163777 0.8481916
87 -1.9695517 0.88615185
214 -1.7680166 1.194102
173 -1.9605491 0.91550785
119 -1.3119272 3.4897711
13 -2.0019217 0.86044765
208 -3.8148773 -1.6554986
24 -1.3871783 3.792429
27 -3.452119 -1.415183
65 -3.472091 -1.3084043
84 -1.3432884 3.664146
285 -1.3443063 3.6086276
136 -3.9015367 -1.6965938
139 -3.886428 -1.6925777
261 -3.7926836 -1.6551276
284 -3.5171525 -1.3191068
227 -1.2888585 3.4297547
278 -1.302952 3.9054756
280 -2.0513992 0.7152281
135 -3.3911874 -1.2605002
134 -1.9410143 0.9092943
64 -3.7480698 -1.5837893
241 -1.9069036 1.1303535
94 -1.9854821 0.8700934
128 -2.0641713 0.67297965
168 -3.760667 -1.592269
32 -3.5464888 -1.384117
171 -1.9897654 0.92883366
248 -3.7576861 -1.6113002
47 -1.3564984 3.1523168
239 -1.302851 4.146471
76 -1.3614796 3.6832354
264 -3.6353083 -1.5887951
112 -3.5219786 -1.3300103
188 -2.0457034 0.82665354
230 -1.3940156 3.193615
238 -1.2582921 4.061476
237 -1.3643934 3.2810464
137 -1.2990716 3.584115
114 -2.291506 0.31856275
116 -1.3149319 3.5130095
178 -3.0750988 -0.97418755
275 -2.0652053 0.7125203
222 -3.488739 -1.4211563
194 -2.0393684 0.7361237
296 -3.4827259 -1.4631021
223 -3.9907038 -1.7780186
215 -1.3249552 3.8718028
150 -2.1946428 0.5430395
62 -3.696164 -1.615171
123 -1.2827553 3.7956166
257 -1.2887187 4.1609635
14 -3.6607683 -1.5040115
38 -1.2321178 3.7731578
286 -1.2857697 3.5206602
143 -1.223446 3.6232293
120 -3.6884058 -1.5264418
270 -3.8207195 -1.628729
80 -1.3174182 3.959515
74 -3.5796251 -1.3481519
221 -3.392012 -1.2931175
10 -1.335162 4.0298977
268 -1.3614521 3.9581406
159 -1.3265913 3.849561
299 -1.3746294 3.702384
253 -2.0061018 0.81808335
89 -1.8630698 1.2185951
58 -3.8714402 -1.6451808
54 -3.692262 -1.56596
220 -3.904231 -1.5972322
131 -3.5620904 -1.3802557
202 -4.2563834 -1.968015
293 -2.0328603 0.669504
31 -1.3704019 3.7431557
26 -1.3855073 2.9691238
43 -1.9420958 1.0664735
271 -1.3685626 3.9571195
125 -1.2934588 3.5930865
281 -2.0176542 0.82304573
160 -3.95031 -1.8039187
245 -3.6758769 -1.4817479
