300 2
247 -1.554702 3.3595347
157 -3.334287 -1.4029027
219 -3.620648 -1.6729321
120 -3.5859556 -1.573008
183 -2.028108 0.7776571
111 -3.3701313 -1.5111921
298 -1.8922361 1.1321633
209 -3.413918 -1.4645698
187 -3.5718617 -1.7307429
189 -1.5049254 3.0555387
192 -3.3865576 -1.6210488
195 -1.4731113 3.552136
38 -1.4720091 3.3019257
232 -3.7032714 -1.812883
122 -1.4988823 3.9443417
283 -1.514328 3.8714025
292 -3.7037437 -1.861076
105 -3.1192026 -1.257201
54 -3.7523644 -1.8677729
158 -1.5204858 3.739319
170 -1.9950881 0.8280245
264 -3.753349 -1.8714916
250 -3.53224 -1.7088646
80 -1.427766 3.4988549
96 -1.5616574 3.8036466
50 -3.0271823 -1.0855912
116 -1.495927 3.6388211
273 -3.4911177 -1.6488639
299 -1.468209 3.4852958
255 -1.9466673 0.9973158
284 -3.4693382 -1.5711758
275 -2.1569123 0.60099226
7 -1.4791886 3.1501331
37 -3.7252288 -1.8514044
199 -2.017266 0.75735056
124 -1.4901234 4.0461006
141 -3.7571673 -1.9048581
274 -1.9614238 1.00684
136 -3.8766375 -1.9626664
11 -2.0915759 0.5921763
18 -1.9710795 0.8583974
101 -2.0607247 0.69116664
20 -1.4505953 3.4855592
86 -3.4810534 -1.6585172
277 -2.0227945 0.8221435
129 -2.0052066 0.89628994
126 -2.093298 0.7700559
149 -2.0889263 0.68012273
231 -1.9122943 1.0713179
262 -2.153284 0.6288933
296 -3.5097723 -1.6933036
39 -2.0977364 0.66304606
261 -3.6629858 -1.7225106
53 -1.443813 3.580354
238 -1.5320041 3.7950542
112 -3.5110962 -1.6790704
121 -2.0300791 0.80961454
278 -1.514225 3.660723
196 -1.5394378 3.6638136
6 -2.1471953 0.5471737
9 -2.0448773 0.78656065
17 -1.4489224 4.0698214
279 -2.14188 0.61704975
55 -2.092144 0.6898917
99 -1.5039885 3.6579773
144 -1.5188739 3.5590482
174 -2.088375 0.54893684
185 -3.3839467 -1.5281085
236 -1.5013597 3.20184
258 -2.096838 0.71237624
280 -2.1135063 0.6374284
77 -1.4777764 3.180289
132 -1.46918 3.5185006
163 -2.2038548 0.41913298
83 -2.0468187 0.6489025
276 -2.0280113 0.69177616
78 -1.5107576 3.627356
115 -1.5219773 3.9933383
290 -1.5040298 3.3731399
87 -2.0503905 0.81048393
47 -1.4569724 3.168759
165 -3.3487804 -1.4169328
49 -2.068926 0.7988865
65 -3.501824 -1.6374707
233 -2.1138167 0.65444565
156 -1.4929212 3.6659622
91 -1.9208225 1.0724585
93 -1.4296865 3.635874
216 -3.774108 -1.888253
206 -3.2153215 -1.4345949
243 -2.1277604 0.5841063
237 -1.4765205 3.5818982
186 -2.046079 0.7560587
34 -1.9844965 1.0373302
256 -2.0676684 0.6706532
63 -2.076366 0.6955733
271 -1.5537927 4.016803
167 -1.5069312 3.3687925
234 -2.0372636 0.84456855
8 -2.0176072 0.7454301
177 -2.030801 0.7732876
155 -3.7300236 -1.9260224
36 -1.5543966 3.6822062
43 -2.0621922 0.839232
58 -3.60399 -1.6972022
175 -2.0698 0.66234016
249 -3.7660506 -1.8950773
119 -1.50513 3.731803
152 -3.4097548 -1.5587217
12 -1.8942131 1.264639
13 -2.0814192 0.76728076
230 -1.4298493 3.0724897
178 -3.4897575 -1.6187773
248 -3.7549195 -1.9045122
146 -3.7401512 -1.9059788
221 -3.6065624 -1.7711095
108 -2.0698454 0.69361275
197 -1.4443096 3.665486
171 -2.0883422 0.67643946
220 -3.7647865 -1.788922
182 -3.4286635 -1.5156701
246 -1.4710388 3.562267
257 -1.5516504 4.3564467
45 -1.4894682 3.544449
201 -2.064955 0.7097217
140 -2.1761463 0.47374395
26 -1.4286836 3.2967384
33 -2.0608306 0.76154
76 -1.437025 3.989301
44 -3.1559799 -1.2636437
97 -2.1052892 0.4152649
228 -2.0278187 0.88932794
67 -1.5611732 3.84742
82 -3.6367738 -1.7196182
84 -1.5194578 3.8642354
203 -3.573524 -1.6537215
259 -3.6402504 -1.8714334
226 -1.5149034 3.833726
225 -1.5161746 3.5732658
210 -1.5046186 3.6729312
74 -3.2123694 -1.360916
205 -1.4448913 3.2583652
200 -1.5513636 4.0353494
89 -1.9792364 1.0077763
107 -2.0593743 0.75865227
181 -3.1510806 -1.323928
104 -2.0012546 0.8125738
173 -2.0570495 0.81603783
204 -3.680372 -1.8732504
21 -1.547695 3.5095844
22 -1.4897078 3.5865273
137 -1.5228614 3.5833168
272 -1.467505 3.0999331
59 -3.7140005 -1.8810169
229 -1.9369419 1.0521833
79 -3.7712793 -1.9263172
81 -1.438139 3.811617
117 -2.0702567 0.7781752
217 -1.4564891 3.64152
242 -1.9299473 0.94477385
253 -1.9489194 1.0149623
213 -2.121644 0.6222631
3 -1.5197852 4.1912556
73 -2.0068328 0.9098696
15 -2.0230532 0.9324781
176 -1.4306241 3.065973
147 -2.1580393 0.63036025
241 -2.0402153 0.79754835
68 -1.5060387 3.5042453
130 -1.4742023 3.7256763
100 -1.5084982 4.059351
114 -2.1371896 0.6141739
153 -3.541467 -1.7604113
224 -3.6600811 -1.8317837
172 -3.5900798 -1.6289834
180 -2.166431 0.47969198
194 -1.9923654 0.81016225
207 -1.4710919 3.658764
293 -2.1158037 0.68070436
252 -2.101172 0.5298387
208 -3.3508909 -1.5698917
64 -3.626246 -1.667354
123 -1.5289742 3.575399
265 -1.4975501 3.3200138
32 -3.5041773 -1.6477461
211 -2.1007578 0.63054574
134 -1.9916558 0.85454255
184 -3.7000833 -1.8439476
254 -3.805583 -1.9855115
190 -2.0185225 0.7898595
295 -3.2366989 -1.3051509
287 -3.8100364 -1.9699094
188 -2.0908346 0.7082915
94 -2.0480483 0.7353511
214 -2.0299134 0.7788617
151 -2.0438697 0.75027215
90 -3.4157474 -1.4748299
41 -1.5791411 4.2378173
56 -1.9732053 0.91543686
69 -1.5169628 3.3425488
282 -2.099871 0.629148
263 -2.1607876 0.53782904
162 -1.9395746 0.98303485
235 -1.5103166 4.02268
150 -2.2350976 0.45007774
169 -1.4893339 3.613964
251 -1.492557 3.5056233
244 -2.1414344 0.67329246
289 -3.5588374 -1.640167
1 -3.586452 -1.7862825
16 -3.5452378 -1.7480757
19 -1.4711442 3.4772265
35 -2.0397184 0.7242529
51 -3.3901477 -1.5492482
60 -2.0971668 0.7524919
118 -1.5001068 3.9170449
106 -1.4785062 3.102635
297 -1.5409222 3.6926837
148 -3.3951483 -1.514814
159 -1.5037749 3.6401534
2 -3.5011983 -1.6874635
268 -1.5264904 4.1223006
288 -3.5208747 -1.6627014
14 -3.4621165 -1.5357653
27 -3.8001637 -1.8753523
75 -3.4234734 -1.6237515
52 -1.944421 0.9200132
57 -2.1438248 0.55664986
113 -1.9876394 1.0876673
164 -3.9346797 -2.086757
212 -1.4279794 3.7218149
223 -3.9203384 -2.0196445
142 -1.5149652 3.888465
240 -2.1339636 0.5335202
5 -1.9296237 1.0352614
198 -3.1609523 -1.2889863
24 -1.4672481 3.637962
102 -2.0303547 0.81659204
48 -3.6830652 -1.8345588
62 -3.5634522 -1.6767173
88 -1.5095202 3.5961435
103 -1.532232 3.9981377
267 -3.3829885 -1.4983729
168 -3.7503233 -1.8693353
179 -1.432916 3.4331648
191 -1.3920207 4.0405946
215 -1.4781711 3.5935671
28 -3.6826067 -1.7892814
61 -2.1443908 0.51425576
128 -2.0790272 0.5879732
239 -1.4856788 3.2621014
92 -1.5007493 4.2128186
98 -3.5260816 -1.6784841
193 -3.557001 -1.6868659
227 -1.5222138 3.6779888
291 -1.97594 0.8856041
4 -1.4843171 3.5970666
85 -3.5409768 -1.7066059
31 -1.4969776 3.6834629
245 -3.7086275 -1.8508164
135 -3.5647624 -1.6827414
154 -3.6393507 -1.6954852
23 -2.1081398 0.7038545
29 -3.4290838 -1.5788387
40 -3.3847136 -1.5130385
66 -1.5018493 3.933024
71 -1.952675 0.9734333
109 -3.7903397 -1.841164
127 -2.0701377 0.69038945
143 -1.4709593 3.3015761
222 -3.5591476 -1.5880177
294 -3.3567622 -1.4713863
0 -1.4283469 3.2953136
30 -1.4712433 3.7197607
125 -1.4504164 3.1803415
72 -3.2568185 -1.3547362
139 -3.801005 -1.9951186
131 -3.3152144 -1.4518129
218 -2.090491 0.65187347
10 -1.4745494 3.951865
266 -2.0071325 0.8980653
202 -4.0199966 -2.234782
25 -3.7053492 -1.7780154
95 -3.6870441 -1.775143
145 -3.521308 -1.6943624
161 -2.0776732 0.7109924
270 -3.55912 -1.690045
286 -1.477804 3.8475554
70 -1.4617888 3.564547
138 -1.5385277 3.7355225
285 -1.4780506 3.8973444
166 -1.5358597 3.9713254
133 -3.3289876 -1.5369532
160 -3.5093877 -1.6104008
42 -1.5108047 3.731049
46 -1.4940188 4.0457573
281 -2.0990388 0.692008
110 -3.3643818 -1.4117614
269 -3.3036335 -1.3917699
260 -3.8512 -2.0610354
