30 2
22 3.5755002 1.9698641
1 2.9300246 5.6544733
15 3.7605085 1.8084894
19 5.6559534 -1.2076447
10 5.507872 -1.008793
7 3.3576698 2.4653687
21 3.025461 5.001931
16 3.633018 1.9692893
28 6.2954845 -1.8277574
4 3.7807274 1.5360998
26 3.3594632 2.5177934
17 3.7566984 1.7918457
14 3.4520535 2.3927295
6 6.463627 -1.8866711
18 3.5979278 1.6549051
25 6.3593616 -1.9257917
8 6.4486256 -1.789758
29 7.1890826 -2.5466776
20 4.008249 1.0618957
11 2.930837 6.343214
0 2.8988154 4.9132276
27 2.9994516 6.4454927
23 6.9963346 -2.555448
3 3.0098426 4.5545406
2 2.9620333 6.8233843
13 5.495845 -0.95458156
12 3.0124187 6.672576
9 3.0185397 5.0443954
5 6.574646 -2.1634102
24 2.9918268 5.027715
