30 2
22 3.513152 2.080864
23 7.0560136 -2.3621726
10 5.3978095 -0.8740639
14 3.516004 2.203385
15 3.7536826 1.8512921
19 5.6894956 -1.1300914
25 6.4166603 -1.6659411
16 3.58331 2.115763
1 2.7881107 5.6731358
28 6.122441 -1.6886846
7 3.3509188 2.6329973
21 2.8911705 5.184425
20 3.9572313 1.2451605
0 2.8615263 5.1303835
11 2.7958736 6.190827
26 3.3802977 2.6325417
13 5.5874643 -1.0971732
18 3.6433887 1.6662393
4 3.7831552 1.4825419
8 6.3960843 -1.6906632
6 6.413817 -1.9181796
12 2.8317552 6.7584615
17 3.6932685 1.9676064
2 2.9333303 6.994307
27 2.8012996 6.4144764
29 7.2512608 -2.3672009
5 6.6768765 -1.8781766
24 2.9237046 5.04979
9 2.863122 5.096017
3 2.863856 4.6601577
