30 2
16 3.8798277 1.4737102
21 3.798278 4.4534135
14 3.8638136 1.6621828
22 3.897344 1.3311808
25 5.981804 -2.8828545
10 5.248692 -1.8714024
4 4.000276 0.8904801
13 5.216999 -1.7795589
23 6.635891 -3.7371068
28 5.821892 -2.7756302
15 4.0532484 1.0252184
11 3.9765363 5.761603
1 3.745757 5.0270143
19 5.430269 -2.1443405
12 4.0494103 6.2351546
8 6.008491 -2.8785443
18 3.9084184 1.0807759
7 3.7498322 1.9540386
0 3.7089376 4.2949286
3 3.7309642 4.351789
6 6.000384 -2.997982
20 4.135863 0.5243113
17 4.055882 0.92439765
29 6.5821915 -3.647055
2 4.014264 6.2199364
27 3.8947973 5.885939
26 3.7904336 1.8975418
9 3.7541294 4.507523
5 6.2156897 -3.1673956
24 3.7779388 4.5681896
