30 2
26 3.6803834 2.0562258
10 5.4187317 -1.5143323
8 6.196009 -2.6118565
4 4.030351 0.9766803
15 3.893842 1.2449514
22 3.765152 1.595407
19 5.33673 -1.5151647
1 3.374254 5.145477
16 3.7786937 1.6815712
0 3.4391885 4.6334243
7 3.641808 1.9938926
21 3.524791 4.7405667
20 4.077344 0.76467687
14 3.7487595 1.9283743
25 6.1471677 -2.5282755
23 6.8147845 -3.2321022
28 5.9189467 -2.3054018
17 3.9345026 1.3685696
29 6.855651 -3.3000593
3 3.5059614 4.352135
24 3.4257054 4.749061
18 3.862597 1.2533181
11 3.5059679 6.11917
27 3.5631993 6.132889
2 3.6596122 6.4485326
6 6.240379 -2.684801
12 3.6589975 6.4205365
9 3.4140186 4.754444
13 5.418445 -1.6042358
5 6.3529577 -2.6637492
