30 2
10 5.452029 -1.1538006
16 3.6946976 1.8900977
21 3.1583827 5.0063477
22 3.7179856 1.7119534
4 3.8293247 1.5038259
13 5.3520465 -1.1320834
17 3.7568705 1.8143455
8 6.2852387 -2.0943167
11 3.0175567 6.1390944
19 5.6147127 -1.3743023
1 3.0461066 5.4882846
14 3.5963695 2.3226357
6 6.408078 -2.1219995
25 6.2701073 -1.9686891
28 6.121445 -1.9342166
12 3.0424573 6.6186857
23 7.0305696 -2.6775162
15 3.8291924 1.5914716
7 3.4466567 2.5121891
0 3.1220443 4.792612
20 4.026376 0.82605773
9 3.132484 5.0049734
27 3.0763671 6.26265
29 7.135839 -2.8207464
24 3.0425782 4.970611
26 3.420725 2.6628616
18 3.7118263 1.5552552
2 3.1046906 6.8419185
5 6.47922 -2.0941923
3 3.0653098 4.5706377
