300 2
276 -2.0658216 0.67253816
130 -1.4888041 3.7449083
158 -1.461954 3.6136837
31 -1.4420339 3.662645
174 -2.0023751 0.86495817
5 -1.9343894 1.1357071
236 -1.3439671 3.2014744
93 -1.4529506 3.5551665
298 -1.9108127 1.1181054
62 -3.7793477 -1.8080873
9 -2.065322 0.7110168
8 -1.9899682 0.81217355
95 -3.5631049 -1.6812958
157 -3.5552468 -1.593643
124 -1.4901469 3.9798977
198 -3.4359682 -1.4790319
270 -3.5902398 -1.5988909
15 -2.0421777 0.8542286
25 -3.8391812 -1.8962553
117 -2.0443819 0.7282719
263 -2.0617762 0.68131125
94 -1.9844868 0.8009186
37 -3.614861 -1.6618102
128 -2.0174918 0.8472988
89 -2.0798395 0.78685385
99 -1.3735183 3.7874932
190 -1.9545928 1.1173261
33 -1.9590966 0.9508093
189 -1.4578234 3.349782
56 -2.1338623 0.59657234
84 -1.4409294 3.463983
149 -1.9465314 0.94680256
203 -3.373113 -1.4636483
238 -1.4218377 3.9529276
294 -3.6957562 -1.7161921
288 -3.7078767 -1.7560804
194 -2.064541 0.72638094
247 -1.4003773 3.4864755
210 -1.3831297 3.5883365
79 -3.8244786 -1.7757235
150 -2.149833 0.5572132
246 -1.4611523 3.7460837
282 -2.066562 0.64257
255 -1.9387285 1.0053734
3 -1.4552798 3.9111145
119 -1.4296416 3.5610223
242 -2.031208 0.8157663
71 -2.0869744 0.83431536
144 -1.4173858 3.6318278
133 -3.4524374 -1.4962279
273 -3.5291243 -1.5360489
201 -2.0676174 0.63849026
7 -1.3919708 3.4457264
234 -1.9461523 0.9644383
48 -3.550979 -1.6490285
126 -1.9552033 0.9042425
63 -2.0046017 0.97649485
113 -2.008306 0.81615657
151 -2.048498 0.75203407
231 -1.9380813 0.9012404
284 -3.369284 -1.3999593
195 -1.4181874 3.3337538
212 -1.3783482 3.7822838
24 -1.4357209 3.4910328
35 -2.0566516 0.8011582
180 -2.0518234 0.6433241
76 -1.4522231 4.185426
193 -3.6398594 -1.7456223
141 -3.7043486 -1.7340385
172 -3.6874712 -1.7355589
283 -1.4281958 3.9005065
64 -3.6396923 -1.7342947
67 -1.4797441 3.783346
277 -1.910264 1.0136759
187 -3.571352 -1.6239824
170 -2.1236343 0.6762567
105 -3.2854657 -1.3553373
127 -2.0832732 0.58611166
225 -1.4331748 4.1307435
12 -1.9718338 1.1011283
211 -2.079412 0.65389746
21 -1.4150703 3.5159664
252 -2.104181 0.6691537
68 -1.4048765 3.6166582
34 -1.9774212 1.0479646
256 -2.0368865 0.7129903
47 -1.3913372 3.4321709
215 -1.388521 3.8468084
88 -1.4001895 3.4749107
243 -2.0410774 0.75077695
103 -1.4600284 3.903191
173 -1.9691738 0.96205205
213 -2.022904 0.8132571
26 -1.3758944 3.7455163
160 -3.7876146 -1.7812846
232 -3.679772 -1.729576
102 -2.0248294 0.862497
207 -1.389464 3.7408748
115 -1.4364407 3.5729063
135 -3.2771192 -1.2687969
161 -2.0176 0.7318416
192 -3.6095378 -1.5984719
241 -2.0056376 0.9105877
293 -2.109139 0.54156685
291 -1.8684177 1.0962188
19 -1.428138 3.4369552
139 -3.7512755 -1.7970302
257 -1.4420725 3.8590367
58 -3.617967 -1.6687723
269 -3.2937834 -1.3298743
77 -1.4570156 3.0146508
83 -2.045562 0.6995779
296 -3.6889913 -1.7441847
237 -1.4000647 3.81442
219 -3.5654404 -1.6319523
191 -1.4087071 3.9232364
148 -3.9585202 -1.9371709
162 -2.027439 0.96677685
217 -1.3888648 3.8802116
229 -1.8275348 1.277728
259 -3.6163955 -1.7378452
11 -2.0608232 0.7145417
188 -2.1392922 0.66810095
166 -1.4960515 4.026285
59 -3.3511305 -1.4072067
265 -1.3756659 3.914292
164 -3.9742837 -2.05434
299 -1.399544 3.674364
233 -2.1222494 0.59887284
107 -2.0262735 0.773206
147 -2.0480332 0.7103256
165 -3.3541849 -1.4290075
176 -1.4253353 3.3659258
183 -2.0630257 0.753593
230 -1.417881 3.3857431
271 -1.4073957 3.802037
4 -1.368009 3.3775873
214 -1.9965271 0.8848551
138 -1.4906623 3.6205816
10 -1.4117875 4.150385
16 -3.6281233 -1.7087578
18 -1.9777364 0.95486116
81 -1.3669308 3.600854
36 -1.451403 4.0177665
43 -2.0076916 0.9425365
112 -3.5144978 -1.4965538
74 -3.4194043 -1.4741775
131 -3.539294 -1.6254048
184 -3.7155821 -1.8412702
154 -3.9527605 -1.9259894
90 -3.217262 -1.2346725
290 -1.4674771 3.4460578
266 -2.0374494 0.8042952
70 -1.4715046 3.714948
167 -1.4310704 3.432894
104 -2.0693843 0.80816
250 -3.6544297 -1.637839
96 -1.4600693 3.6312234
52 -2.0468926 0.86928445
53 -1.439216 3.5251482
169 -1.4108411 3.8700085
82 -3.6366386 -1.6718904
80 -1.4346613 3.9916782
106 -1.4828503 3.3556416
235 -1.4580083 3.5279539
118 -1.3958839 4.090716
227 -1.4125875 3.4868386
258 -2.0583773 0.7286855
206 -3.2918055 -1.228612
222 -3.607014 -1.6532546
272 -1.4004512 3.2340357
38 -1.4319425 3.5386753
121 -2.0187864 0.76546735
22 -1.4152473 3.8649483
27 -3.4585724 -1.5342377
28 -3.558618 -1.6458148
116 -1.4065732 3.4077544
40 -3.713545 -1.781957
45 -1.4082817 3.5750186
60 -2.0610816 0.7617197
279 -2.1027837 0.7495114
69 -1.3743578 3.5058851
253 -1.8877676 1.1305759
111 -3.6192446 -1.6558479
267 -3.2097926 -1.3527713
200 -1.385692 3.680799
199 -2.0178065 0.99142915
6 -2.0159378 0.7907766
29 -3.5478714 -1.6158673
239 -1.4246621 3.4531367
72 -3.4651477 -1.4212279
101 -2.0236933 0.7768243
221 -3.4242773 -1.4874176
248 -3.873319 -1.8943219
137 -1.3871677 3.5774634
260 -3.900065 -1.909428
289 -3.6658497 -1.72147
14 -3.5356965 -1.5820822
20 -1.446931 3.25539
23 -2.0451047 0.8196745
97 -2.0971868 0.6838074
292 -3.6174212 -1.5360317
251 -1.4033605 3.543449
185 -3.5971935 -1.6565375
281 -2.11476 0.6315528
123 -1.4299128 3.5612378
136 -4.18465 -2.1811848
142 -1.4106972 4.2777653
175 -2.1200836 0.74951994
254 -3.4190423 -1.5324882
228 -2.0830305 0.69805014
286 -1.3993058 3.735175
75 -3.485299 -1.5546535
13 -2.1260068 0.61695254
287 -3.7182827 -1.8022394
17 -1.4432915 4.048619
87 -2.118715 0.7000671
209 -3.2717345 -1.2507056
30 -1.3786407 3.3362873
41 -1.4298038 4.08275
39 -2.0730221 0.69756275
42 -1.4206028 3.5220933
44 -3.3204036 -1.3576388
78 -1.4466769 3.6325738
205 -1.3799059 3.4416034
114 -2.085068 0.771362
280 -2.11423 0.6512089
197 -1.4232348 3.6878626
100 -1.4123591 3.7026703
50 -3.1518528 -1.2125381
182 -3.4729657 -1.5642979
153 -3.4206455 -1.4800117
202 -3.978911 -2.0720453
218 -2.0773358 0.72806394
91 -1.9775676 1.0764986
268 -1.4511076 3.8120666
98 -3.2292566 -1.2108227
208 -3.560917 -1.5926852
171 -1.9626279 0.9897912
223 -4.013844 -2.0014856
120 -3.5744476 -1.7727101
55 -2.0098147 0.80782956
179 -1.4278224 4.0663643
65 -3.4196887 -1.5442955
196 -1.4159622 3.562913
186 -2.054356 0.72458494
146 -3.8094864 -1.835344
86 -3.2398183 -1.2567594
122 -1.3845981 4.5239663
177 -2.1118393 0.66312075
145 -4.01365 -1.9735079
249 -3.7961984 -1.8239683
0 -1.4018434 3.4894035
155 -3.9201536 -1.8734267
262 -1.9815321 0.8430862
295 -3.360187 -1.3727895
285 -1.3798004 3.4171767
297 -1.4062128 4.0680776
204 -3.7052803 -1.7445598
110 -2.950831 -0.94344145
224 -3.9285023 -1.8856769
168 -3.8512504 -1.8013066
178 -3.4788153 -1.4658421
159 -1.430431 3.6917377
32 -3.3225827 -1.3262885
61 -2.0581987 0.78410125
134 -2.0016284 0.9418569
54 -3.9500113 -2.0237784
244 -2.0876951 0.7517026
226 -1.4599231 3.8087013
140 -2.186839 0.49507707
129 -2.0409336 0.82471925
163 -2.1821165 0.47951302
73 -1.9841926 0.837871
143 -1.3798826 3.337632
261 -3.5588658 -1.566169
85 -3.639375 -1.6660135
51 -3.659378 -1.6245432
274 -2.0407457 0.86129165
240 -2.1310058 0.5108858
2 -3.5936365 -1.6563693
275 -2.0485275 0.81018203
156 -1.3738021 3.4401228
46 -1.3748056 4.233842
109 -3.894441 -1.9423404
216 -3.8557346 -1.8224573
132 -1.3877026 3.6056
264 -3.8760588 -1.8378127
152 -3.7701077 -1.8571779
278 -1.5451084 3.4070842
1 -3.7293048 -1.7700481
57 -2.0763516 0.66421777
66 -1.4159844 3.834058
245 -3.616681 -1.6365274
220 -3.5757844 -1.7364329
49 -2.079327 0.75388986
92 -1.4499863 4.2830234
181 -3.5479848 -1.5003804
125 -1.4368216 3.7079058
108 -1.9873202 1.0036405
