30 2
8 6.112094 -2.2187502
11 3.2936401 6.093237
22 3.697151 1.8014327
28 6.0856 -2.1834588
26 3.480954 2.3928027
18 3.7957835 1.4148719
10 5.369222 -1.2738968
14 3.577353 2.149877
1 3.18728 5.430227
7 3.5397696 2.260022
25 6.2263093 -2.1881394
17 3.9177604 1.3469623
21 3.2638755 4.9381266
4 4.037001 1.1031822
15 3.872571 1.5913419
23 6.9580617 -2.9805624
6 6.339095 -2.4334178
16 3.6344845 1.9469397
27 3.3234417 6.183673
19 5.5813885 -1.5895578
3 3.2927442 4.6002684
12 3.4011445 6.458541
13 5.5145097 -1.4328257
0 3.170831 4.799887
2 3.4202523 6.5813627
20 4.050718 0.98300344
24 3.3214962 4.8338256
9 3.3108158 4.790455
5 6.4672747 -2.4196959
29 7.1173315 -3.0905316
