30 2
22 3.5924623 2.0536826
16 3.5995865 2.0357053
10 5.456386 -0.88274205
1 2.8663478 5.61655
8 6.360281 -1.8215739
19 5.70611 -1.1908965
4 3.815372 1.4476324
21 2.929205 5.1469183
25 6.4026084 -1.845065
3 3.0120125 4.5833635
28 6.1701307 -1.7353134
6 6.407863 -2.0031936
15 3.8211195 1.9132476
20 3.98531 1.1498556
13 5.498296 -0.9924567
0 2.8922865 4.9304013
17 3.6992824 1.8308247
14 3.5146961 2.3508697
27 2.8538182 6.375533
18 3.6473339 1.7296172
23 6.992438 -2.397971
26 3.3295364 2.5990908
24 2.9809306 4.9936943
7 3.3433142 2.5281646
2 2.9646335 6.95526
12 2.9102464 6.7224174
11 2.8957114 6.2062864
5 6.6672516 -2.0301056
9 2.886192 5.043657
29 7.2752204 -2.5233366
