30 2
10 5.1606264 -1.9562213
16 3.8811088 1.3017186
23 6.4469886 -3.7295532
7 3.7480934 1.8762925
27 4.071887 5.7866917
1 3.8671055 4.8552017
4 3.9520392 0.7590777
21 3.9265351 4.49377
13 5.2535267 -2.0467064
15 3.9585295 1.1721349
25 5.9844117 -3.0584333
22 3.894371 1.2657427
26 3.8159554 1.8893032
8 5.8950567 -2.8435574
14 3.824628 1.8151845
17 4.007205 1.1730334
11 3.9677126 5.5165753
28 5.8400617 -2.722979
5 6.123149 -3.2527838
6 5.95732 -3.0581656
0 3.7282572 4.1719546
3 3.725297 4.052545
9 3.8516033 4.517922
12 4.1423926 6.164885
19 5.287489 -2.0311108
18 3.8269918 1.0597628
2 4.1068406 6.024351
20 4.0567045 0.50729066
29 6.652168 -3.8009965
24 3.7909024 4.397943
