30 2
29 3.879567 4.2458
20 -2.290704 4.902052
2 -3.0737882 5.398231
7 3.361533 4.0432696
14 -3.3399982 5.399951
3 0.77369976 4.180914
4 -3.1003602 5.2419496
25 4.856486 4.2365613
5 0.97771645 4.0864344
0 0.018048713 4.26652
10 3.7858813 4.023281
23 -3.6033363 5.6003976
6 4.463117 4.0483956
18 -2.2186034 4.8296714
16 0.24157876 4.4097815
11 0.5664638 4.2066593
22 3.526491 4.021574
24 0.93391937 4.2178164
17 -2.8421867 5.3160067
26 4.632202 4.102689
28 -2.5638094 5.0223613
19 -3.713786 5.59061
15 4.9524426 4.279442
21 1.7174859 4.203749
13 1.8090153 4.0886974
8 -2.396075 4.8858852
27 1.1169719 4.124294
1 5.0391045 4.2268615
12 4.7812204 4.185681
9 0.24073038 4.36016
