300 2
87 -1.9130657 1.105515
234 -1.9253657 0.9194461
71 -2.0906494 0.68826526
115 -1.3366311 3.737163
7 -1.2190183 3.4648287
192 -3.781311 -1.6293784
184 -3.70252 -1.4486041
236 -1.2688961 3.4400926
210 -1.2323338 3.5736442
31 -1.199821 3.7705226
189 -1.2991242 3.519054
174 -2.1525154 0.5982013
107 -1.9112808 1.0115534
130 -1.2944748 3.5891736
224 -3.8566728 -1.6474284
52 -1.9485911 1.0124831
29 -3.458581 -1.3729578
68 -1.208738 3.9517517
120 -3.2644093 -1.1172065
296 -3.6577072 -1.5164402
207 -1.2999145 3.5766943
90 -3.5773323 -1.3963553
159 -1.2729453 3.808081
290 -1.287174 3.3761868
211 -2.0235033 0.7551548
2 -3.4973457 -1.3129991
280 -2.0760791 0.79081774
127 -2.0322127 0.6549173
231 -1.8427231 1.2440598
108 -2.0224605 0.8883781
19 -1.2102216 3.6736853
20 -1.285962 3.4086032
47 -1.2794127 3.4585826
215 -1.2796301 3.7400053
276 -1.9911226 0.81924725
77 -1.2735833 3.294828
111 -3.409798 -1.2213252
225 -1.216899 3.908015
86 -3.3457518 -1.2393086
132 -1.3052537 3.585236
117 -1.9074732 1.1354867
194 -1.8908128 1.1379771
18 -1.970348 0.91622925
199 -1.995605 0.94828516
175 -2.0927052 0.8504726
106 -1.3022144 3.2463627
233 -2.1367805 0.58418936
152 -3.7225914 -1.4774532
1 -3.4887004 -1.3353231
298 -1.9317827 0.9747793
34 -2.0447364 0.8928641
149 -2.0050094 0.9019867
50 -3.2082539 -1.0646633
198 -3.032322 -0.92935157
104 -1.9587852 0.8987388
257 -1.2304788 4.2614393
103 -1.223426 3.6578658
235 -1.2852229 3.6257749
282 -2.0980978 0.66008997
22 -1.3206328 3.7709002
12 -1.9504586 0.92251074
17 -1.208074 4.0231805
247 -1.2743574 3.5582135
137 -1.2925615 3.8164568
122 -1.2101042 4.191364
237 -1.2824497 3.7595627
135 -3.2106187 -1.1280619
148 -3.8433847 -1.5053061
187 -3.5484047 -1.4473553
196 -1.265227 4.185836
140 -2.0368235 0.7126144
271 -1.2467804 4.226117
46 -1.3112121 4.079637
11 -2.0156329 0.84765166
219 -3.540769 -1.2815821
63 -2.0660515 0.70222723
180 -2.0903583 0.8009767
195 -1.190622 3.6183467
221 -3.8901603 -1.6603163
51 -3.7516549 -1.5080512
53 -1.3205277 3.5083768
89 -1.8798499 1.2153964
84 -1.209529 3.9078543
293 -2.0957763 0.6890197
3 -1.2643452 3.8338284
169 -1.2408532 3.7373834
23 -1.9859324 0.8599829
96 -1.222648 3.8197713
32 -3.6604934 -1.3988179
246 -1.1829304 4.073268
158 -1.2763324 3.5441165
121 -1.9528854 0.9808614
176 -1.2458527 3.6568606
93 -1.2889961 3.315725
292 -3.7470865 -1.6168575
253 -1.9713874 0.9801926
205 -1.2628126 3.6650019
43 -2.0339391 0.8493959
239 -1.2532248 3.6677098
49 -1.9711498 0.99927425
54 -3.64803 -1.4687389
64 -3.5364366 -1.4455665
66 -1.224751 3.8299706
166 -1.2948192 3.8757782
172 -3.6784961 -1.5168741
209 -3.5194979 -1.4059681
4 -1.3207822 3.3969624
9 -2.0789557 0.6895676
177 -2.0406961 0.8185695
16 -3.4770644 -1.2318927
28 -3.8517644 -1.69104
227 -1.2387376 3.6482503
151 -2.011125 0.72060037
255 -1.9391507 1.0291353
261 -3.6781003 -1.5191766
138 -1.3469242 3.6553404
78 -1.1860298 3.842482
114 -2.1085486 0.59671354
188 -2.0740402 0.73726356
217 -1.259797 3.8574638
21 -1.274997 3.5421133
153 -3.3511937 -1.2510359
24 -1.2667114 3.7262397
36 -1.2626748 3.7943068
123 -1.2113471 3.9310665
278 -1.2241913 3.7760048
82 -3.8470447 -1.6370788
105 -3.1918938 -1.0763112
128 -1.9860169 0.89876884
254 -3.6621413 -1.4714826
274 -1.8936534 1.120736
229 -1.8712813 1.1579304
15 -2.0653713 0.8748238
35 -2.2384155 0.49335697
265 -1.267601 3.6288111
171 -1.9783267 0.9399817
38 -1.2483493 3.7757754
74 -3.3675508 -1.2762315
72 -3.3145359 -1.1518192
98 -3.4119532 -1.2599611
131 -3.5082495 -1.3382174
173 -1.9447404 1.0566334
145 -3.8281312 -1.6396239
124 -1.2911972 4.11446
147 -2.0451798 0.82973945
193 -3.8635304 -1.6020452
270 -3.6276066 -1.4880341
157 -3.5358443 -1.3695148
204 -3.5087295 -1.3502245
242 -2.0011077 0.8025519
258 -1.9505135 1.0158147
133 -3.5241337 -1.2567376
150 -2.1441379 0.651486
262 -2.0506308 0.8798952
116 -1.2893978 3.455925
160 -3.866153 -1.5067312
163 -2.2066596 0.540759
273 -3.6068249 -1.4313563
294 -3.6537647 -1.4794967
101 -1.9188637 1.0518008
27 -3.736851 -1.5113621
41 -1.2709885 4.2888303
59 -3.8329744 -1.7018093
65 -3.566159 -1.4464508
289 -3.8356946 -1.6235979
75 -3.351699 -1.0596582
79 -3.5881002 -1.3449452
279 -2.1410089 0.7870067
214 -1.9409127 1.0317408
245 -3.9114437 -1.6635582
182 -3.7242088 -1.5276003
228 -1.9334872 1.0628885
0 -1.3556851 3.1446247
60 -2.1033616 0.72182673
61 -2.1197555 0.6195949
73 -1.9575351 0.95235705
30 -1.3366442 3.5710862
162 -1.9623756 0.9578398
40 -3.8090057 -1.5699741
42 -1.240942 4.141324
287 -3.9009662 -1.7109708
170 -1.9381955 0.9515565
232 -3.7993379 -1.6011839
109 -3.9983468 -1.8822902
190 -1.8500319 1.1755396
155 -3.6661181 -1.4544375
284 -3.5130732 -1.3736248
165 -3.727497 -1.6031882
197 -1.2105209 3.73246
268 -1.3002926 4.4937444
251 -1.2404447 3.7759728
161 -2.0364416 0.7674732
88 -1.3088967 3.5065567
213 -2.116377 0.61261225
181 -3.3265111 -1.1798985
206 -3.7876039 -1.5049474
62 -3.7313824 -1.5767791
100 -1.2838296 4.084408
299 -1.2624797 3.5792537
81 -1.3176093 3.6214724
266 -2.0269032 0.98046535
95 -3.983208 -1.7614397
97 -2.1463568 0.657887
208 -3.4936297 -1.311215
125 -1.2402761 3.8234088
129 -2.0012543 0.92510575
178 -3.4453223 -1.3288065
269 -3.1989763 -1.0480583
220 -3.765224 -1.6093782
256 -2.0920274 0.6077776
291 -1.916698 1.0405875
283 -1.2637131 3.5916939
83 -1.9856431 0.9262416
13 -1.9682949 1.0460236
26 -1.2927303 3.3444815
267 -3.1929624 -0.99190694
113 -2.036958 0.8697588
203 -3.7819352 -1.5358099
212 -1.2682184 3.6831517
259 -3.5621812 -1.4619108
272 -1.258466 3.1720908
5 -1.9141457 1.1285149
6 -2.0845902 0.808313
92 -1.2501258 4.6310825
275 -2.0586247 0.7717063
56 -2.0181057 0.7802857
91 -1.8850746 1.1986164
218 -2.06915 0.7305854
168 -3.864052 -1.6326035
250 -3.5677888 -1.3936937
263 -1.9569191 0.91046464
102 -1.9443856 1.0884695
14 -3.7010818 -1.5537121
119 -1.2369857 3.551204
202 -4.2113376 -1.949225
33 -1.827715 1.0994598
288 -3.7604005 -1.5358055
45 -1.3195705 3.7939427
67 -1.2086165 3.8028138
223 -3.765545 -1.582448
226 -1.2197248 3.9969316
264 -3.8055313 -1.6347505
134 -1.9381814 0.996042
136 -3.9727848 -1.7707326
141 -3.6653998 -1.4522055
156 -1.2834182 3.7083127
164 -3.933625 -1.8044916
216 -3.7005131 -1.5379919
55 -2.056076 0.7789987
25 -3.766181 -1.5942739
37 -3.7456243 -1.4795918
99 -1.2756796 3.7363555
285 -1.2566245 4.180432
139 -3.879413 -1.747444
167 -1.3045715 3.561785
240 -2.1872153 0.4508586
241 -2.023399 0.9225538
243 -2.0015962 0.8463832
248 -3.926519 -1.7595158
249 -4.0017724 -1.7917671
144 -1.3662268 3.3740845
8 -2.0457613 0.7092066
10 -1.222017 3.9888673
58 -3.8520095 -1.6243601
118 -1.2407477 4.0691257
154 -3.732193 -1.5987891
44 -3.1807847 -1.034321
76 -1.2088293 4.0900445
185 -3.8535373 -1.6754792
200 -1.299764 3.9513295
222 -3.84637 -1.682902
297 -1.2755564 3.6282952
286 -1.2657185 3.7171497
281 -2.1492612 0.6798525
186 -1.9745028 0.92370504
230 -1.3244832 3.1528356
146 -3.9102168 -1.7240994
94 -1.9936968 0.9184737
48 -3.689609 -1.483728
191 -1.3017832 3.8183813
252 -2.0818717 0.6808468
277 -1.8752563 1.186679
260 -3.9482489 -1.7546024
112 -3.742294 -1.5506845
69 -1.283219 3.7458322
80 -1.2705594 3.7722516
85 -3.648274 -1.529388
179 -1.2305499 3.651459
143 -1.2477419 3.4341772
39 -2.0198276 0.87537384
126 -1.8995937 1.00329
295 -3.4599676 -1.3957216
201 -1.9175793 0.96139544
183 -2.0268023 0.83830327
70 -1.1693794 3.7026393
244 -2.0236497 0.7260849
238 -1.2646817 3.6461587
57 -2.1401968 0.5941639
110 -3.1622515 -1.0555695
142 -1.2432758 3.6785269
