30 2
1 3.6822987 5.1152587
22 3.8045132 1.6364387
26 3.7334273 2.1605773
19 5.4360914 -2.0641356
8 5.9366946 -2.6884768
23 6.669757 -3.4540968
4 3.995176 0.87486887
27 3.8421366 5.99459
10 5.3128157 -1.7799495
21 3.6883035 4.3913674
7 3.720107 2.120873
3 3.5568855 4.3501844
14 3.7645059 1.970675
25 6.067137 -2.7617648
20 4.119941 0.5018191
15 4.022537 1.3462515
6 6.0862083 -2.918414
28 5.9063525 -2.7439387
18 3.834889 1.2296743
16 3.9080017 1.6423638
0 3.6634223 4.4290667
2 3.836278 6.2601867
17 3.983913 1.3292912
29 6.8656836 -3.6653721
24 3.6191387 4.646166
11 3.7795424 5.672414
13 5.259816 -1.8616667
12 3.8882222 6.179258
9 3.7316008 4.605136
5 6.24356 -3.0833113
