30 2
7 3.875881 3.5462162
5 1.4011004 3.9520757
20 -1.8261585 5.2165246
14 -2.5612955 5.699988
4 -2.4025805 5.5764775
29 4.298486 3.6344225
2 -2.4718013 5.7214484
25 4.97119 3.5675237
22 4.1122417 3.5844498
21 2.2096977 3.9534345
24 1.3346229 4.045782
26 5.127341 3.4757512
18 -1.6330127 4.988124
1 5.4830503 3.5982153
11 1.0183828 4.186138
6 4.9138627 3.5191944
10 4.259065 3.6230545
0 0.63355225 4.2030873
3 1.351545 4.013894
15 5.4865117 3.6432817
23 -2.932692 5.9310184
28 -1.9619849 5.1433306
8 -1.7657276 5.128071
19 -3.11849 6.0941663
12 5.0048604 3.7082474
17 -2.3077977 5.408352
16 0.53575957 4.3503275
13 2.2664194 3.85182
9 0.5496588 4.353478
27 1.6032277 3.9892797
