30 2
7 4.038926 3.4791126
2 -2.2156572 5.6742306
29 4.5837975 3.580931
3 1.4551055 4.0558767
4 -2.3820066 5.7445617
5 1.4698023 3.8869429
20 -1.6648837 5.2541037
21 2.40789 3.8896348
24 1.3780893 4.0582476
10 4.255732 3.5344799
14 -2.524729 5.9160867
18 -1.474741 4.9982915
25 5.188032 3.512762
8 -1.6363971 5.1273217
1 5.7112327 3.4259205
0 0.65840083 4.2749705
19 -3.0090454 6.1963487
9 0.7866624 4.2708554
27 1.7527558 3.9281769
23 -2.7373111 5.9114304
6 5.0028777 3.3736544
28 -1.5867747 5.1869006
11 1.1217074 4.091264
15 5.5459127 3.5412812
26 5.207891 3.3501403
17 -2.0181563 5.562951
12 4.965054 3.4007163
16 0.7150995 4.331315
22 4.2241488 3.411053
13 2.3564773 3.753139
