300 2
107 -1.9609616 1.054416
259 -3.4585786 -1.4999689
242 -1.9206084 1.0746824
127 -2.0642047 0.75708985
56 -2.0298567 0.7603339
94 -2.016061 0.7843981
34 -1.9683465 0.9987368
33 -1.9395844 1.0208465
189 -1.402988 3.0693123
63 -1.9614552 0.812513
169 -1.4099542 3.7125885
90 -3.363894 -1.336172
134 -2.0303078 0.82009214
253 -1.9461751 0.9637573
60 -2.0876813 0.67049
73 -1.9308497 0.9484452
291 -2.0063128 0.8717043
272 -1.3709015 3.1872692
28 -3.5866678 -1.5746995
237 -1.4335076 3.294877
231 -1.8623528 1.1442655
133 -3.4354558 -1.5237195
240 -2.211304 0.41537383
101 -2.0271232 0.7975215
136 -3.6943831 -1.7387443
201 -2.037677 0.7622973
131 -3.4682178 -1.5066009
233 -2.0264344 0.77720165
170 -2.0623362 0.75409037
187 -3.4635577 -1.4587848
160 -3.7437825 -1.8320979
14 -3.4665072 -1.5410329
16 -3.8147755 -1.845675
163 -2.1211054 0.613606
192 -3.5111945 -1.5920222
166 -1.4770217 3.7648883
207 -1.4052696 3.6107268
88 -1.3828479 3.4717119
129 -1.9744979 0.87990475
257 -1.4919716 4.191993
293 -2.0242846 0.7829541
0 -1.4309132 3.619868
3 -1.492151 3.8033276
13 -2.0648549 0.8616691
148 -3.6111498 -1.5872765
55 -2.127844 0.6028095
213 -2.0869288 0.5593442
118 -1.4423401 4.2654085
132 -1.3862134 3.403613
53 -1.4201292 3.5408962
5 -1.9512438 1.1275227
8 -2.0640934 0.6821091
12 -1.9714879 0.94433963
117 -2.0686772 0.7528183
21 -1.4222126 3.6537123
87 -2.002427 0.8947474
161 -2.099682 0.66239685
256 -2.2127037 0.50852615
298 -1.989196 0.8415167
27 -3.4328399 -1.4125614
140 -2.1086125 0.63157004
70 -1.4128381 3.7259972
238 -1.4496809 3.820704
113 -1.9740419 0.8302266
234 -2.0082896 0.8427023
155 -3.9460073 -1.8295676
248 -3.8311286 -1.7589196
276 -2.0336435 0.72127295
4 -1.4139484 3.54908
102 -2.0799582 0.70337296
183 -1.9533454 0.95551205
57 -2.1117404 0.6065627
174 -2.0841708 0.6631318
223 -4.074166 -2.083113
52 -2.0287533 0.8752827
209 -3.4441056 -1.3381741
105 -3.2366252 -1.3020612
151 -2.0874603 0.69819665
244 -2.0796995 0.7797346
85 -3.6735773 -1.7477722
42 -1.3973321 3.5485492
221 -3.7032053 -1.6757015
54 -3.730314 -1.8175969
58 -3.7270107 -1.7409241
97 -2.1193976 0.6337556
208 -3.7728958 -1.768764
167 -1.354268 4.098878
180 -2.099214 0.6528969
292 -3.6371534 -1.6423892
265 -1.3689218 3.5939355
280 -2.0474389 0.7516634
115 -1.4398562 3.690871
229 -1.9399552 1.0820252
181 -3.4181778 -1.3770636
135 -3.4675412 -1.3992591
29 -3.6011574 -1.666606
32 -3.6171002 -1.5708988
51 -3.5445187 -1.5637931
64 -3.4021156 -1.4524004
149 -1.9974881 0.9493709
67 -1.461597 3.8013222
210 -1.4504008 3.6153603
243 -1.9060265 1.1163834
188 -2.0265086 0.77965033
211 -2.0290332 0.70582736
258 -2.1770487 0.51434165
191 -1.3990281 3.815624
284 -3.474705 -1.5020885
40 -3.5721714 -1.6201656
71 -1.9205161 0.91638917
247 -1.3823286 3.4599993
143 -1.4154836 3.4643846
126 -2.0092072 0.88037807
214 -1.9555168 0.99001205
217 -1.3901165 3.8155396
206 -3.3800194 -1.4053539
228 -2.0047283 0.86656296
83 -2.04639 0.69119173
9 -2.062561 0.78255814
262 -2.057218 0.7129115
89 -1.8901769 1.1851897
235 -1.3846234 3.6324146
116 -1.3822707 3.6997485
49 -2.0132632 0.9319566
282 -2.045135 0.7218389
278 -1.4362092 3.895519
137 -1.3845103 3.4764473
108 -2.0077577 0.8117393
178 -3.5097914 -1.5463266
168 -3.829311 -1.7398971
190 -2.0290856 0.8549159
159 -1.3403935 3.787398
286 -1.4501392 3.9012437
203 -3.864354 -1.8456625
11 -2.07846 0.6874333
15 -1.9834269 0.9479931
62 -3.642543 -1.5666147
285 -1.390717 4.053118
212 -1.3662899 3.984148
246 -1.4644011 3.83412
225 -1.4650539 3.5942264
147 -2.1161108 0.6451382
154 -3.8020422 -1.8538675
232 -3.6224413 -1.5563929
299 -1.3737162 3.5121875
22 -1.4196874 3.9363327
227 -1.4400296 3.3321288
128 -1.9999408 0.88334006
23 -2.1562142 0.4953807
20 -1.4401766 3.4291496
270 -3.3491273 -1.2968514
171 -2.0769036 0.7735602
61 -2.0251403 0.74881923
66 -1.438324 4.402009
69 -1.408787 4.1721687
110 -3.197604 -1.187779
150 -2.1431 0.58130485
123 -1.3871673 3.5793467
158 -1.4251392 3.79035
68 -1.3895009 3.4374993
10 -1.4040381 3.880668
18 -1.9379833 1.0154415
46 -1.450575 4.3739033
104 -2.0094037 0.83007485
289 -3.5409114 -1.573221
219 -3.603048 -1.5341542
281 -2.0755534 0.757438
6 -2.0587294 0.74286306
290 -1.4774562 3.3018668
50 -3.0441215 -0.9723623
251 -1.3984885 3.879707
36 -1.4410721 3.8344219
86 -3.3654392 -1.3844917
241 -2.020115 0.7766158
121 -2.1627486 0.5483306
200 -1.4066187 4.09852
81 -1.5665458 3.7241685
114 -2.0869346 0.59577614
82 -3.6840305 -1.6961714
255 -1.941518 1.1001626
239 -1.4637821 3.6093488
111 -3.4412801 -1.441444
205 -1.3892854 3.1070943
236 -1.4735544 3.1084108
146 -3.9737344 -1.9126166
193 -3.760536 -1.8375064
254 -3.5300324 -1.5158613
197 -1.4374057 3.60984
76 -1.4200877 3.839068
43 -1.9478847 1.0039872
44 -3.3897216 -1.2892396
119 -1.4052507 3.3017924
274 -1.9115754 1.0438253
194 -1.9804267 0.99143857
78 -1.3990518 3.7720025
79 -3.6428547 -1.6835845
96 -1.3540527 3.7225726
100 -1.4300832 3.6367977
138 -1.3510375 3.7350478
176 -1.3827938 3.1869617
268 -1.3717521 4.3309426
93 -1.4009336 3.5002017
164 -3.878625 -1.9577411
24 -1.4439323 3.480701
37 -3.5188386 -1.4718151
47 -1.4222877 3.311033
204 -3.7261615 -1.6745803
252 -2.0420432 0.71656245
277 -1.9634875 1.0011454
202 -4.3719106 -2.2138424
216 -3.7785387 -1.8895491
2 -3.3382652 -1.3010969
7 -1.4401642 3.6222937
26 -1.3827127 3.2399337
125 -1.4088429 3.2905426
157 -3.4378145 -1.4979887
145 -3.7276492 -1.6951716
199 -2.0486033 0.8634577
182 -3.5830705 -1.6113642
275 -2.0986042 0.7104977
283 -1.3960278 3.4657295
30 -1.4345378 3.7416563
141 -3.7563503 -1.7576183
175 -1.987266 0.9770186
39 -2.029293 0.8655743
41 -1.3967569 4.1571946
139 -3.7958803 -1.7504965
288 -3.8810544 -1.8687963
156 -1.3809433 3.3886077
152 -3.7749 -1.8747445
195 -1.4615647 3.3152354
84 -1.4867084 3.556757
25 -3.766351 -1.755633
31 -1.455664 4.0515924
59 -3.5378783 -1.5365847
95 -3.9909616 -2.02241
130 -1.4016346 3.9368258
273 -3.7552752 -1.7973694
91 -1.8687198 1.3279734
295 -3.3610375 -1.4120383
112 -3.6121151 -1.6887563
287 -3.5710194 -1.5050368
260 -3.8958929 -1.873879
294 -3.708579 -1.6722839
245 -3.602431 -1.6124611
218 -1.9734794 0.82190526
124 -1.4436659 4.0142775
173 -1.9883835 0.8514293
267 -3.3034487 -1.3361814
80 -1.3826722 3.9559116
172 -3.632071 -1.6872954
279 -2.0567873 0.69664794
1 -3.7822526 -1.6203675
77 -1.4570153 3.2323723
75 -3.4417498 -1.4783808
106 -1.4410983 3.1730475
109 -4.121101 -2.0547185
185 -3.5766783 -1.5344675
17 -1.5180719 4.2941356
48 -3.6782155 -1.6353173
250 -3.855718 -1.848103
92 -1.4101847 4.6898217
271 -1.4648511 4.132003
142 -1.3959832 4.347988
177 -1.9767852 0.9326437
196 -1.3852057 3.5338879
19 -1.3886236 3.685151
103 -1.3994579 3.6102364
45 -1.3816491 3.3704398
162 -1.8913687 1.0503639
249 -4.0237427 -1.9230732
215 -1.3573173 3.574347
165 -3.7236202 -1.7847102
296 -3.7624822 -1.671137
263 -2.1015387 0.64197904
266 -2.00785 0.8764233
297 -1.3662149 3.6879525
65 -3.6307013 -1.6443744
226 -1.4473015 4.116288
72 -3.132475 -1.1575298
222 -3.5664332 -1.6057333
261 -3.534305 -1.5388428
184 -3.8287427 -1.8872052
230 -1.3307611 3.5328474
38 -1.4237878 3.6153076
224 -3.5449007 -1.4824122
99 -1.4112852 3.6753497
122 -1.3972423 4.1057396
179 -1.4362904 3.3134139
269 -3.0939634 -1.0710486
98 -3.4037259 -1.4387292
264 -3.6575003 -1.7170025
120 -3.4153252 -1.4190156
74 -3.3211968 -1.2770721
153 -3.304518 -1.2785105
35 -2.0569177 0.725672
198 -3.2105324 -1.2313522
220 -3.568878 -1.6407255
186 -2.0259092 0.7977685
144 -1.3938758 3.441967
