30 2
7 4.4492745 2.8278255
4 -1.5763009 5.930311
29 4.9425325 2.900493
2 -1.4135164 5.946986
25 5.659472 2.704855
14 -1.7691375 6.2336254
20 -0.89178735 5.384954
5 2.1755452 3.6268024
0 1.1810004 4.0659
10 4.7853336 2.8828065
21 2.878514 3.4853704
1 5.8782744 2.6447825
16 1.4896362 4.083404
24 2.142271 3.8171194
3 1.9824882 3.8971994
11 1.6809007 3.878589
26 5.61665 2.625188
15 6.1558175 2.6711342
6 5.485886 2.664287
18 -0.6383598 5.209187
22 4.5871468 2.8336773
28 -1.2428484 5.6570573
23 -1.8429639 6.470744
19 -1.9253912 6.440784
17 -1.1569725 5.7354846
8 -0.9699749 5.4365187
27 2.3398604 3.6963944
12 5.4991393 2.7208903
9 1.4542255 4.1147275
13 3.0345385 3.377804
