30 2
29 3.976735 4.0689096
7 3.6747983 3.9225085
3 0.84553003 4.2120824
5 0.9291942 4.085853
4 -3.0160801 5.3648357
6 4.6053987 3.9593256
14 -3.197099 5.5448456
10 3.6814263 4.0167813
2 -2.913321 5.4316573
18 -1.9821517 4.828128
15 5.0270977 4.146286
25 4.815711 4.1286983
0 0.1850278 4.243501
23 -3.5010493 5.672561
1 5.2118344 4.1361084
20 -2.3768768 5.012741
12 4.7750735 4.1456256
26 4.7740774 3.977444
17 -2.8487296 5.3596053
11 0.67683125 4.1184716
24 1.1480907 4.10684
22 3.6575217 3.9108884
19 -3.5678947 5.6831446
9 0.38042387 4.2992444
28 -2.4082968 4.9857645
27 1.3617836 4.1505885
16 0.23252171 4.374908
21 1.7110772 4.1396856
13 1.9320831 4.0594764
8 -2.2817595 4.913192
