30 2
1 3.715037 5.138542
16 3.8726277 1.5778499
8 6.0036597 -2.8297026
21 3.7033384 4.63347
10 5.2545094 -1.7719704
7 3.786381 1.9059075
4 4.0576844 0.79847914
22 3.9140623 1.3461622
0 3.6356409 4.362207
25 6.019423 -2.9122348
19 5.3497906 -1.9984523
14 3.8022022 1.8965871
18 3.8714228 1.0667752
15 4.020282 1.2253783
11 3.8830202 5.7089767
2 4.1106424 6.1770954
28 5.8062363 -2.7163572
23 6.5713725 -3.597653
6 6.059544 -3.1435676
13 5.1780286 -1.7995536
9 3.7251508 4.436089
27 3.9393654 5.881759
20 4.087477 0.52324176
17 4.075511 1.1234739
26 3.6904275 2.1400192
29 6.7790318 -3.7999244
24 3.6710136 4.5163927
12 3.9549592 6.2753243
3 3.6971636 4.3377285
5 6.0916133 -2.9841428
