30 2
7 3.9519944 3.5715897
3 1.3222994 4.0126905
24 1.2799866 4.0446625
5 1.4132153 3.9422781
25 5.0143514 3.5517933
0 0.6376051 4.2498736
4 -2.3875213 5.5781627
29 4.269381 3.6596484
20 -1.8294183 5.183539
14 -2.5595353 5.7120767
18 -1.6384687 5.062711
1 5.512979 3.6311991
22 4.1589336 3.525519
10 4.2826347 3.638621
2 -2.39648 5.7667685
6 4.851556 3.501219
11 1.0646929 4.1258082
16 0.56078357 4.391752
23 -2.8869307 5.913233
21 2.2690303 3.877741
28 -1.904886 5.2400637
26 5.233236 3.402779
17 -2.237131 5.4294577
8 -1.8525754 5.1015596
9 0.5777822 4.3091025
12 4.9680805 3.6513758
15 5.5098205 3.6567712
27 1.6519462 4.012105
19 -3.178731 6.095728
13 2.2454364 3.8431063
