30 2
29 4.7966413 3.045668
7 4.3585553 2.976679
14 -1.9195867 6.183127
5 2.203642 3.5658066
6 5.3707447 2.7751865
25 5.636233 2.7487974
21 2.8085299 3.6140113
20 -0.9343939 5.2659965
1 5.8644857 2.8209555
3 1.8912418 3.899959
18 -0.80479455 5.183021
2 -1.513982 5.878796
4 -1.644928 5.871179
0 1.1643696 4.0635223
23 -2.1645608 6.4046235
10 4.4847813 3.0508966
8 -1.1326444 5.405926
24 1.9473752 3.7940006
15 6.0585265 2.7967424
17 -1.4189459 5.7632813
16 1.3793173 4.184899
26 5.5574465 2.7909591
22 4.44393 2.9472864
28 -1.2393163 5.5113463
12 5.4780674 2.881763
19 -2.207786 6.349535
27 2.3460066 3.6845348
9 1.3613973 4.150538
11 1.4618051 4.053002
13 2.9474933 3.5166311
