30 2
7 3.7965543 3.7610123
14 -3.076181 5.5083117
0 0.3224326 4.2039437
25 4.791001 3.9810104
29 3.9787269 3.9380798
20 -2.1964767 5.0818334
12 4.718928 3.8395839
3 1.096628 4.221402
5 1.1622311 4.0279555
10 3.9000437 3.8703673
2 -2.6917644 5.616254
21 2.008173 4.0654683
18 -1.9814708 5.0008173
1 5.2496805 3.9418771
4 -2.7349374 5.3974657
6 4.8753743 3.7929707
8 -2.0035045 4.953018
15 5.123684 3.9230616
17 -2.484894 5.350206
24 1.4262148 4.193481
27 1.2657104 4.0933013
23 -3.3006015 5.7660074
26 5.0431676 3.756326
9 0.5202555 4.3909407
22 3.9100378 3.7634437
19 -3.4187064 5.8363805
11 0.82124996 4.2179575
28 -2.440098 5.1666236
16 0.4170976 4.415751
13 2.204206 4.025587
