30 2
29 3.9837794 4.0684137
7 3.6829107 3.8624165
2 -2.793308 5.4911394
20 -2.2366078 5.040687
5 1.0997858 4.0184045
28 -2.4449854 5.1161404
0 0.20454033 4.316828
4 -2.8261669 5.3369794
6 4.748214 3.927425
14 -2.971534 5.53033
25 4.8688393 3.98775
3 1.0040526 4.170705
18 -1.9720285 4.9474235
21 1.8748614 4.1237035
24 1.2849653 4.203898
12 4.7753983 3.9732523
1 5.2700553 4.0084877
19 -3.4720328 5.705537
27 1.2743621 4.143207
13 2.212823 4.081956
10 3.9043047 3.931362
16 0.2817486 4.3799334
26 4.9275455 3.9125216
8 -2.210672 4.911798
23 -3.3791716 5.714801
15 4.9739213 4.0030084
17 -2.5940561 5.352205
11 0.7405187 4.185214
22 3.7060072 3.8602152
9 0.4957022 4.303178
