30 2
22 3.8226855 1.5637643
7 3.7119894 2.0766919
16 3.8438246 1.757001
27 3.79754 5.9990544
19 5.533625 -2.0492015
10 5.2587266 -1.7283158
21 3.689709 4.472877
15 3.841877 1.3753287
14 3.7363713 1.9698848
25 6.1333375 -2.7707937
4 3.9818044 0.81196654
8 6.047702 -2.6310034
1 3.633344 5.1391625
26 3.6030152 2.2225275
2 3.896647 6.208319
0 3.6503987 4.542404
3 3.5843318 4.2415233
28 5.9915338 -2.739554
17 3.9239233 1.3070548
23 6.658307 -3.4538062
9 3.7051568 4.539036
11 3.7191088 5.7314477
6 6.132112 -2.873853
13 5.2789626 -1.7885114
18 3.8516247 1.1416984
20 4.0397205 0.60702693
24 3.6599097 4.751923
29 6.801029 -3.7118325
12 3.8982487 6.2107735
5 6.1980443 -3.008205
