30 2
1 5.236127 3.7343323
29 4.233886 3.8641465
14 -2.9533327 5.679547
3 1.183272 4.0618286
5 1.1960115 4.04937
21 2.127023 4.068269
7 3.8342168 3.7008677
2 -2.5789974 5.561821
0 0.539469 4.2428355
24 1.3049831 4.1136665
23 -3.0378656 5.7853594
20 -2.0115495 5.1083713
4 -2.5599697 5.4991083
25 4.96482 3.81719
6 5.0327353 3.6778443
11 0.8064323 4.1604934
10 4.026357 3.8262649
22 3.980648 3.717721
18 -1.9040344 5.06203
19 -3.2837439 5.8840632
26 5.035798 3.7044048
28 -2.1894486 5.214253
8 -2.091586 5.134827
12 4.7211275 3.6895635
13 2.2591426 3.94821
15 5.2256036 3.9174423
17 -2.4855225 5.403968
16 0.62520677 4.2391753
27 1.5566734 4.024979
9 0.5517932 4.3453383
