30 2
8 6.174149 -2.4075286
22 3.7204044 1.8332973
21 3.4147167 4.7384763
1 3.3873012 5.1668453
4 3.988457 1.0492786
7 3.6293404 2.1667004
13 5.401182 -1.5844668
16 3.8642468 1.5832245
11 3.4262033 6.162081
28 5.973037 -2.340168
19 5.366478 -1.4882814
26 3.680801 2.3289227
0 3.3704414 4.6421137
15 3.8910625 1.4460405
20 4.0395665 0.9566668
6 6.2261186 -2.5620873
10 5.349124 -1.357827
18 3.8475637 1.3319341
14 3.7352793 1.858079
2 3.6467226 6.5670185
29 6.976547 -3.3077068
25 6.2488585 -2.495562
27 3.5333872 6.1255646
24 3.457834 4.783658
23 6.891474 -3.2250566
3 3.317855 4.4345083
17 3.9337938 1.3821741
12 3.6039438 6.4060197
9 3.4233854 4.77451
5 6.406168 -2.601461
