51 2
32 0.13009764 0.005946426
39 0.0035987126 0.009513203
29 -0.19752061 -0.1652518
28 -0.11672689 0.024645314
9 -0.02826224 0.17331843
16 0.15702529 0.15234971
30 -0.02565471 -0.017685693
35 0.037920535 -0.017627414
47 0.112080716 -0.12961745
26 -0.058362465 -0.09974715
1 -0.16043584 -0.252998
27 0.060397986 0.09995209
33 0.06990358 -0.20533696
19 -0.04786234 0.03707319
13 0.20828807 0.17764798
36 0.06883956 0.07163316
23 -0.2084325 -0.1163723
0 0.06592735 -0.022471504
31 0.17806196 -0.17605956
37 -0.21071343 -0.03481099
48 -0.08960402 -0.20435953
44 -0.16731486 -0.22382297
21 -0.15188767 -0.1448944
49 -0.10167648 -0.035087135
24 -0.16706493 0.10205211
46 0.12897363 0.19344676
38 -0.22806281 -0.051774718
43 0.1629581 -0.23695712
22 -0.23927759 -0.18106498
45 -0.25251442 0.04022004
4 -0.033925798 0.20206171
42 0.22332045 0.06880745
6 0.1454222 0.053048994
11 -0.06022263 -0.17492631
12 0.082450174 0.060760148
15 -0.08792446 -0.14589724
3 -0.1674742 -0.09996745
18 0.07358936 0.17432703
20 0.19615221 -0.1842102
50 -0.07841514 0.011373957
41 0.09358494 -0.15939595
14 0.13804133 0.057846073
17 0.16023669 0.022702528
10 -0.116448 0.19382992
8 -0.17610052 0.043254577
5 -0.19225636 -0.13198216
34 0.08725325 0.08026194
2 0.022246739 0.12649047
40 -0.18014689 0.13556445
7 0.027165208 0.09262197
25 -0.03399057 0.18834697
