30 2
7 4.2809434 3.1562665
0 1.0495576 4.1417522
3 1.6404644 3.9982905
4 -1.8982328 5.8393893
2 -1.7830672 5.9362082
23 -2.3413796 6.290612
29 4.8596835 3.2152934
14 -2.0859535 6.0693665
5 1.828879 3.8427393
6 5.3005095 2.9608564
1 5.7514615 3.0740488
25 5.3352904 2.9975057
28 -1.6221993 5.4282603
10 4.5030017 3.142212
26 5.4270067 2.9389808
15 5.9072466 3.0392215
17 -1.5836049 5.5665803
20 -1.2636398 5.3023148
24 1.8879611 3.8987818
18 -0.9636377 5.081307
21 2.6472118 3.6885705
9 1.0719672 4.169747
11 1.4074645 4.0566635
12 5.357961 3.0373766
22 4.3580832 3.179514
27 2.1400652 3.7496572
13 2.5593522 3.6050882
8 -1.2492115 5.321804
19 -2.4368243 6.388901
16 1.2765433 4.1902466
