30 2
7 3.41777 4.001266
29 3.8821313 4.2016416
20 -2.391813 4.8900213
5 0.9696793 4.0887585
26 4.6562986 4.069181
4 -3.1143336 5.2959266
18 -2.2250094 4.793922
3 0.83377016 4.2016683
14 -3.288542 5.4621754
23 -3.613383 5.6127996
25 4.8318 4.216687
0 0.035984226 4.2404943
10 3.7784944 4.0474405
12 4.737589 4.228799
21 1.7617877 4.1735907
27 1.1550138 4.129209
22 3.53623 3.971158
1 5.095575 4.2208085
11 0.6071949 4.173687
17 -2.8558178 5.328956
24 0.9309666 4.2244177
2 -3.0300055 5.3851223
8 -2.4292462 4.872484
28 -2.5466895 4.988924
6 4.3770666 4.0256705
16 0.26695403 4.416531
13 1.8262917 4.112806
19 -3.6938102 5.616667
15 4.976959 4.25777
9 0.29689744 4.3687043
