30 2
10 5.3184824 -1.0275363
21 3.2274075 5.12856
19 5.6542335 -1.5088668
1 3.1468754 5.53734
28 5.9355593 -1.9448175
15 3.8795433 1.5497729
7 3.604051 2.2555733
16 3.756382 1.8179032
11 3.1998034 6.043202
26 3.4438295 2.5796368
25 6.189008 -2.0989492
13 5.4696636 -1.2223389
22 3.6527674 1.7742699
18 3.7446077 1.4666317
17 3.82265 1.6093389
14 3.6521478 2.0932422
12 3.217559 6.599706
2 3.3518207 6.758202
23 7.0612307 -2.8615477
4 3.8498726 1.3378277
6 6.397353 -2.3345423
5 6.488647 -2.3668473
8 6.2036595 -2.0440185
0 3.1163423 4.785271
29 7.145034 -2.9580398
27 3.0901594 6.1899314
9 3.0843666 4.925576
24 3.1550584 4.9456234
3 3.1442318 4.493501
20 4.0104637 0.98993367
