30 2
7 4.1589637 3.4969046
29 4.507799 3.6538546
21 2.3796496 3.8510556
1 5.6209264 3.4882495
3 1.4090728 4.0448437
5 1.4959995 3.9540484
20 -1.6948502 5.2433257
10 4.2082562 3.5194106
4 -2.3884895 5.7560015
22 4.204827 3.4957216
6 4.8946576 3.4352942
11 1.123554 4.076917
24 1.3471508 4.084548
23 -2.765153 5.905147
18 -1.5751573 5.1049924
2 -2.2196836 5.727066
25 5.1149883 3.506575
14 -2.5502403 5.840865
0 0.6036993 4.2169404
17 -2.146276 5.5373096
9 0.77424985 4.2721562
15 5.6682544 3.5369945
8 -1.6224992 5.0936065
19 -3.0222406 6.180593
26 5.2131743 3.3419256
28 -1.6835958 5.1983232
27 1.6889802 3.9306374
13 2.3248916 3.7735007
16 0.79414916 4.3526173
12 4.993806 3.4453483
