30 2
7 4.288027 3.090194
29 4.871539 3.079908
3 1.7759525 3.8819447
20 -1.0793668 5.3704176
18 -0.85837746 5.102171
1 5.808214 2.9052093
2 -1.5416169 5.917524
0 1.1248109 4.062338
4 -1.6837943 5.7967873
21 2.7775419 3.6206217
11 1.3593805 4.019849
12 5.3695545 2.9281273
23 -2.3428206 6.3929343
5 2.020692 3.7045548
6 5.2557263 2.8154612
8 -1.0536408 5.3741193
25 5.6087747 2.9575517
19 -2.2287908 6.3600316
14 -2.0484161 6.152613
15 6.023564 2.8974178
22 4.4346724 2.969307
10 4.5706787 3.0908525
26 5.427943 2.8382201
28 -1.303286 5.484286
9 1.3792142 4.193293
24 2.0351677 3.8839989
16 1.3577129 4.130642
17 -1.4407731 5.736404
13 2.6740355 3.5424316
27 2.3313987 3.628498
