300 2
124 -1.511104 3.961032
198 -3.3545566 -1.4132648
8 -1.9867594 0.85499865
22 -1.4489074 3.53429
299 -1.443268 3.7435992
0 -1.4794129 3.657723
158 -1.4654212 3.7932618
30 -1.4220654 3.413148
262 -2.1002119 0.6549469
7 -1.4386934 3.648167
133 -3.401047 -1.5155531
276 -2.0582848 0.6971334
132 -1.4453129 3.2956734
15 -2.0362117 0.78074855
105 -3.0951142 -1.1724241
38 -1.4125597 3.7880275
126 -1.9835516 0.93114793
219 -3.6239324 -1.6652769
163 -2.204377 0.45133078
256 -2.084431 0.6452683
27 -3.5217617 -1.6257436
291 -1.9821626 0.85248613
75 -3.5692208 -1.573641
234 -2.080289 0.78984964
251 -1.4821455 3.8278341
159 -1.4573257 3.698473
2 -3.2973394 -1.2060883
221 -3.679075 -1.7195807
115 -1.4895324 3.9931047
224 -3.7886732 -1.8134288
252 -2.1119087 0.69637936
5 -1.919182 1.0690799
192 -3.5107672 -1.6007376
226 -1.4645445 3.8978517
213 -1.9791504 0.7662869
184 -3.8593874 -1.9220607
129 -1.9093636 1.0569193
82 -3.377085 -1.5089536
247 -1.3814336 3.646738
114 -2.1270385 0.65633595
58 -3.6533997 -1.6553401
250 -3.6450593 -1.7327429
66 -1.4261415 3.9564962
79 -3.6510663 -1.7573241
176 -1.4678422 3.390766
268 -1.4455642 4.0049734
259 -3.2999067 -1.4442134
18 -1.9899715 0.8680885
217 -1.4132013 3.707821
220 -3.7351437 -1.7813003
231 -1.9321066 0.957358
31 -1.4433868 3.984394
33 -1.9140245 0.9687252
248 -3.775088 -1.8606567
67 -1.3964751 3.7380824
267 -3.2829962 -1.4214252
83 -1.9911115 0.8352165
101 -2.083628 0.7464757
273 -3.9957652 -2.0295658
127 -2.0232933 0.77295613
131 -3.5280914 -1.5986186
154 -3.893664 -1.9574568
289 -3.7843685 -1.7785114
148 -3.7974646 -1.8032231
210 -1.4175352 3.4853258
155 -3.7640748 -1.803866
63 -2.0048637 0.9263882
88 -1.4803629 3.2341454
117 -2.0429962 0.76820415
205 -1.4155964 3.367737
235 -1.4677179 3.7029243
287 -3.897838 -1.9240222
11 -2.067952 0.6234871
23 -2.100221 0.58835965
284 -3.269831 -1.3635792
238 -1.5218532 3.9430263
97 -2.1593857 0.42049557
142 -1.5212432 3.7574534
113 -2.0726736 0.5266008
195 -1.3994255 3.4502769
292 -3.5530717 -1.5537452
96 -1.4486053 3.6300282
283 -1.4301813 3.8858476
241 -2.1128318 0.76376367
153 -3.3388557 -1.3784773
130 -1.4514561 3.8687868
170 -2.0819528 0.6907962
225 -1.4303755 3.6142838
277 -1.9252499 0.93376935
6 -2.086548 0.5561619
249 -3.8365288 -1.8456333
181 -3.4909136 -1.447527
111 -3.4469354 -1.477861
50 -2.9609792 -0.95291054
102 -2.016952 0.82303137
230 -1.3937322 3.3146722
274 -1.9469857 1.0220311
242 -1.9548967 0.9388334
295 -3.2579286 -1.3134457
189 -1.4395971 3.3956707
34 -2.0824068 0.8393787
94 -2.0140395 0.80441976
43 -1.974265 0.9555478
84 -1.4144454 3.1949024
56 -1.9736165 0.9522386
72 -3.3990197 -1.4133588
78 -1.5168624 3.7793012
279 -2.088442 0.8167055
240 -2.1842697 0.4358512
298 -1.9569275 1.0099517
172 -3.4664927 -1.666786
174 -2.1104271 0.49045476
178 -3.1501374 -1.2089013
215 -1.4735043 3.494228
239 -1.488054 3.8760996
282 -2.0654025 0.5911114
236 -1.4416188 3.144499
147 -2.0329344 0.8818121
104 -2.0626872 0.7008179
100 -1.4907984 3.9838305
45 -1.4031411 3.9396021
123 -1.5148625 3.7590506
98 -3.258234 -1.4730678
187 -3.7037928 -1.8424572
233 -2.1537888 0.50202096
3 -1.4636246 3.831405
80 -1.4402885 4.023381
243 -2.0122027 0.914602
62 -3.7481956 -1.8785111
57 -2.0007308 0.85270786
64 -3.5812974 -1.6984448
228 -1.9957187 0.9029386
209 -3.3725235 -1.4378256
204 -3.4716775 -1.4571743
85 -3.8531013 -1.9013388
107 -2.0370119 0.7134838
59 -3.7742102 -1.7004851
263 -1.9696797 0.93748254
139 -3.725234 -1.7800026
44 -3.1982577 -1.30449
166 -1.4660642 3.7851105
110 -3.0594947 -1.0933503
77 -1.3996414 3.2571566
93 -1.4471371 3.7537975
128 -2.126725 0.58773184
179 -1.5194592 3.9356894
275 -2.0399442 0.7909802
169 -1.446123 3.4549322
138 -1.5210601 3.6798518
164 -3.9227397 -2.0694132
180 -2.216712 0.3964527
152 -3.7473419 -1.8486197
216 -3.6068616 -1.6799676
69 -1.377796 3.5420167
86 -3.3574793 -1.371804
237 -1.4272367 3.659823
89 -1.9728794 1.0015935
91 -1.9631946 0.9226833
185 -3.6035213 -1.6119016
196 -1.4561857 3.9883235
183 -2.064202 0.785238
271 -1.4903424 3.7694705
200 -1.4508643 3.7971191
253 -2.0196166 0.76912326
270 -3.6595914 -1.8122226
9 -2.0101728 0.84625167
293 -2.003102 0.8980947
87 -2.0552096 0.7271323
149 -1.9205397 1.0638479
223 -3.9333148 -2.0466604
36 -1.4698974 3.7772973
144 -1.4865278 3.6705153
145 -3.5446193 -1.6156595
190 -2.1409638 0.5787013
61 -2.018812 0.7567709
65 -3.4413323 -1.5174147
255 -1.9975463 0.91775453
92 -1.5247669 4.3267
191 -1.4128056 3.9061208
222 -3.6979904 -1.7957313
229 -1.9545398 1.1385975
203 -3.4645658 -1.5326856
208 -3.6717772 -1.7010585
51 -3.4549541 -1.6076374
41 -1.4692433 3.635008
54 -3.5302954 -1.6067367
194 -1.969246 0.814464
95 -3.7760534 -1.8918836
120 -3.6009102 -1.704387
288 -3.538239 -1.5089185
161 -2.0525062 0.74826264
10 -1.4410298 4.142156
280 -2.1002045 0.7445621
14 -3.440542 -1.5860803
197 -1.4158025 3.798368
212 -1.5258994 3.9376478
90 -3.3206666 -1.42953
29 -3.7435162 -1.7698597
32 -3.3403883 -1.3496284
49 -2.0390337 0.8123293
60 -2.0343173 0.77927154
294 -3.698952 -1.718956
193 -3.5110753 -1.6312082
68 -1.4082333 3.569252
258 -1.9962277 0.88844436
99 -1.5006901 3.5240498
265 -1.4361278 3.404926
121 -2.0876107 0.71637195
182 -3.6289954 -1.7539192
140 -2.0935388 0.6236563
160 -3.6948538 -1.7386773
173 -2.007034 0.9294856
246 -1.3928913 3.8099205
296 -3.713881 -1.795379
165 -3.501247 -1.5989659
199 -2.0434506 0.8110221
74 -3.4098241 -1.5490462
134 -1.9240016 1.1712037
278 -1.4547349 3.6508024
47 -1.4447705 3.2295315
70 -1.5014799 3.8679228
261 -3.724791 -1.7258297
290 -1.4567184 3.1337438
1 -3.5734296 -1.5888517
17 -1.5156993 3.9976516
20 -1.4290891 3.5372353
73 -2.028728 0.7147685
28 -3.4874678 -1.625333
42 -1.4640795 4.2083745
122 -1.4914395 4.1971602
264 -3.7422538 -1.895197
188 -2.12613 0.7061127
53 -1.4725115 3.382959
211 -1.9640282 0.9265253
19 -1.4046267 3.932539
35 -2.1311338 0.6412792
40 -3.6532266 -1.7567747
206 -3.4479978 -1.4875271
175 -2.0109117 0.80434895
186 -1.9794692 0.94296414
135 -3.409381 -1.4100469
4 -1.4442768 3.5840447
52 -2.03836 0.7347187
266 -2.0319562 0.90612704
13 -2.0514238 0.6997055
162 -1.9676219 0.94816387
37 -3.575427 -1.6780081
76 -1.4462062 3.721046
137 -1.453927 3.8274565
109 -3.74887 -1.8876001
254 -3.5183804 -1.5518157
202 -4.1183352 -2.1035063
260 -4.1112857 -2.124042
167 -1.4373622 3.250146
272 -1.4597635 2.9333155
297 -1.4266558 3.7780535
118 -1.4583335 3.9568079
71 -2.0571876 0.8124726
103 -1.4101034 3.7900674
112 -3.541609 -1.6539134
12 -2.012775 0.86512476
25 -3.589553 -1.7596719
150 -2.2691545 0.29274097
171 -1.9749887 1.0084124
143 -1.4346522 3.254577
285 -1.4302461 4.284694
207 -1.5262222 3.8363156
244 -2.1283028 0.5075819
286 -1.4221939 3.9018362
21 -1.4286308 3.714798
245 -3.5775855 -1.5868871
46 -1.442641 4.2338257
136 -3.999647 -2.023561
151 -2.036849 0.762173
108 -1.9012991 1.0713885
125 -1.493803 3.592201
141 -3.546872 -1.6887496
156 -1.4626732 3.653243
201 -2.0271454 0.76641375
232 -3.7163968 -1.7206384
39 -2.0232654 0.80787086
281 -2.1226928 0.52967334
177 -1.9899784 0.8221717
168 -3.5184145 -1.5010922
24 -1.4822575 3.6818223
48 -3.8000898 -1.8052276
55 -2.040043 0.77477324
146 -3.8753147 -2.0273871
227 -1.4356765 3.4092295
157 -3.6641588 -1.7496825
16 -3.7814705 -1.809993
26 -1.3760338 3.2014601
218 -2.0569127 0.7639549
119 -1.4213547 3.1663215
269 -3.2710266 -1.4062254
106 -1.4648114 3.3195772
81 -1.4885191 3.6364005
214 -1.9339564 0.96081084
116 -1.5086391 3.599699
257 -1.4448425 3.925288
