30 2
22 3.6159623 1.8669409
13 5.4654346 -1.0013163
10 5.4381957 -0.8829346
25 6.381643 -1.8206061
17 3.770875 1.7730176
27 2.8713672 6.426794
21 2.9686294 5.0179443
7 3.3893037 2.5328195
15 3.8047116 1.8399686
16 3.6339147 2.0015519
23 7.0213957 -2.438596
28 6.2303467 -1.758726
11 2.9277022 6.2454004
14 3.5137925 2.390168
19 5.6670885 -1.1340958
4 3.8269892 1.4649725
8 6.373975 -1.7492499
3 2.9318697 4.6521893
6 6.3419304 -2.0445998
26 3.3316298 2.5721338
1 2.8926249 5.5956593
20 3.921916 1.1840513
12 2.9142199 6.7170243
0 2.8687773 4.9598136
9 2.88436 5.052092
2 2.984549 6.92279
5 6.6999936 -2.1723735
18 3.648935 1.637944
29 7.226131 -2.4941297
24 3.015537 4.9546185
