30 2
25 6.0041413 -2.9266777
22 3.858904 1.262363
21 3.7970474 4.3979936
14 3.7789245 1.7269832
15 4.062692 1.0898882
16 3.9231367 1.4257666
4 4.0185857 0.83335257
20 4.0609336 0.57640505
26 3.8027475 1.9359663
0 3.7361856 4.219965
10 5.2973547 -1.8426489
19 5.3258834 -2.0643942
8 5.9887223 -2.8579223
6 6.01389 -3.173079
28 5.865594 -2.8465388
1 3.7556453 5.105901
7 3.8087401 1.9137374
29 6.645284 -3.6574447
23 6.614689 -3.684773
11 3.9887168 5.7087607
12 4.030276 6.102221
17 4.0571675 1.1374894
27 3.8817143 5.8710146
13 5.1406097 -1.9698589
3 3.710776 4.285196
2 4.131201 6.1738925
9 3.764269 4.4868045
18 3.8639004 1.1981806
24 3.7345834 4.5394754
5 6.1751394 -3.1512673
