30 2
7 4.361731 2.978672
29 4.8045974 3.0197306
14 -1.9101235 6.1748786
2 -1.5099219 5.8642244
1 5.845101 2.8387806
3 1.8601148 3.9132497
18 -0.82389325 5.1886163
4 -1.6080331 5.8952165
20 -0.93100107 5.2764797
0 1.1648201 4.063194
26 5.5582805 2.7976992
21 2.801159 3.6178932
28 -1.2582369 5.5067096
5 2.199071 3.5883617
15 6.0517735 2.8018079
27 2.3281224 3.6738975
11 1.470948 4.0531898
10 4.481856 3.032455
22 4.4477005 2.953618
24 1.9346389 3.7947595
23 -2.1807547 6.4166455
6 5.3870797 2.7930503
25 5.644288 2.7468197
12 5.4866333 2.866704
8 -1.1190792 5.4057765
13 2.9146652 3.5381014
16 1.3780756 4.1946945
19 -2.2024813 6.354362
9 1.3574907 4.1468782
17 -1.4481274 5.746707
