30 2
7 4.1799855 3.2665832
29 4.7379513 3.3444304
1 5.6985555 3.212517
5 1.408328 3.9637294
20 -1.3522357 5.3001356
2 -1.87489 5.784452
3 1.510985 4.012868
22 4.3662047 3.23791
14 -2.2760186 6.000339
26 5.3478928 3.1995902
12 5.20613 3.230464
4 -2.1247108 5.837121
21 2.4584982 3.8795984
17 -1.7579849 5.578435
6 5.155255 3.1498654
10 4.425652 3.3168154
13 2.4535427 3.7331057
15 5.9913273 3.21981
25 5.535988 3.1574688
16 1.0531435 4.269619
27 1.8675987 3.9041395
18 -1.1398402 5.114516
11 1.2338287 4.071582
0 0.7115585 4.2451534
28 -1.6036738 5.3421154
23 -2.5715833 6.1560335
9 0.91417587 4.340042
8 -1.4626106 5.234058
19 -2.673731 6.2252173
24 1.5869119 3.9965444
