30 2
7 4.2843 3.14721
20 -1.2233546 5.324633
29 4.8517385 3.197417
6 5.264723 2.9798343
2 -1.7995083 5.9178762
1 5.7005353 3.0936403
25 5.3315244 3.0226812
5 1.824343 3.8710446
15 5.951179 3.0440822
14 -2.104737 6.0803294
11 1.4250882 4.07054
18 -1.0079192 5.124177
3 1.6369181 3.956618
21 2.629807 3.6841688
12 5.372146 3.082821
24 1.8727291 3.9280767
0 1.0325234 4.139494
4 -1.9236422 5.84137
23 -2.3631182 6.269166
8 -1.241808 5.3091726
10 4.4411745 3.1546829
19 -2.5029943 6.392094
28 -1.5468218 5.431079
22 4.373808 3.1561477
26 5.4702153 2.910006
9 1.0927399 4.1819654
16 1.2834024 4.171088
13 2.5268824 3.5794582
17 -1.5567193 5.5741625
27 2.1365933 3.731955
