30 2
7 3.6363876 3.8415864
29 3.89048 4.043241
23 -3.4279268 5.672116
5 1.091127 4.090623
3 0.9460278 4.1787286
20 -2.1828568 5.049945
6 4.7781987 3.9303813
21 1.8166692 4.084349
18 -1.9400481 4.9031124
12 4.7254252 3.9922876
4 -2.900692 5.35266
2 -2.8410804 5.4973426
14 -3.016605 5.481545
26 4.910289 3.9070747
22 3.692512 3.8667521
0 0.13531463 4.276285
24 1.1722018 4.221757
1 5.151235 4.0699034
15 5.034687 4.027297
10 3.942072 3.9697692
9 0.46217465 4.3046684
8 -2.317299 4.9291773
28 -2.4492877 5.1314034
19 -3.4602194 5.621366
17 -2.664058 5.3449225
27 1.2876304 4.1862264
11 0.78279024 4.124268
13 2.1581042 4.079843
25 4.8778906 4.022749
16 0.23288149 4.435702
