30 2
21 2.9871652 5.085781
15 3.8266 1.7339686
22 3.6808827 1.8011538
16 3.6387858 2.101528
7 3.4547067 2.4522617
25 6.2865257 -1.9180573
8 6.3903003 -2.0778403
10 5.437839 -0.9660165
14 3.4817421 2.3410912
1 2.9412754 5.581193
6 6.41083 -2.0952687
23 7.1283555 -2.6598299
0 2.982763 4.7838864
4 3.8574975 1.4206338
26 3.4386399 2.561042
19 5.4906235 -1.1776955
20 4.054364 1.0555326
9 2.9996586 5.026889
3 3.0412471 4.600713
27 3.0515294 6.3334355
17 3.8380811 1.7456232
28 6.112978 -1.7739645
18 3.7655993 1.5900366
11 2.9673212 6.1560545
2 3.1006155 6.9049177
12 3.0293615 6.5485272
24 3.0364313 4.871861
5 6.527896 -2.1465766
13 5.538251 -1.168386
29 7.156405 -2.6221814
