30 2
16 3.7590752 1.8697156
1 3.3158474 5.3492084
10 5.355767 -1.4454207
25 6.137942 -2.339632
21 3.3441226 4.7474213
28 6.0660233 -2.306463
19 5.4680347 -1.491885
8 6.075963 -2.2415574
22 3.743705 1.6387733
15 3.8880987 1.572759
6 6.337892 -2.5696206
5 6.465282 -2.644444
14 3.703114 2.129846
18 3.7882855 1.3862138
20 4.0374384 0.9378381
17 3.9448628 1.454089
0 3.3091965 4.6533914
9 3.2395575 4.962998
27 3.3704975 6.2509904
26 3.5320842 2.347903
7 3.536115 2.3186486
4 4.0044703 1.1925313
11 3.4432836 5.950557
12 3.450233 6.4506435
29 7.00116 -3.0955036
13 5.5179954 -1.5737002
3 3.3509462 4.586743
23 6.9680586 -3.176023
24 3.2966368 4.842429
2 3.5576725 6.6099005
