300 2
75 -3.5903466 -1.2892303
90 -3.5350118 -1.3322628
228 -1.9495317 1.0509783
83 -2.0108566 0.7939834
265 -1.2376664 3.583393
36 -1.2837132 3.777741
205 -1.2551819 3.2835205
190 -1.8310583 1.1854554
105 -3.1393528 -0.9232773
124 -1.2077687 4.284411
198 -3.3188286 -1.0253919
15 -1.9231582 1.0470119
22 -1.2614639 3.8072822
209 -3.4926968 -1.2289544
147 -2.0484161 0.87673014
280 -2.047316 0.84083337
208 -3.7886262 -1.5432911
4 -1.2058986 3.6266966
211 -2.038693 0.77818316
49 -1.922738 1.0712963
157 -3.8272023 -1.5602673
180 -2.0619633 0.78482395
129 -1.8425969 1.2706314
33 -1.8474838 1.2933271
282 -2.1720426 0.5221944
158 -1.2228222 3.9732668
117 -1.9855764 0.96052164
73 -1.9254318 0.8990085
64 -3.5028942 -1.3414437
101 -1.9611962 0.9487925
77 -1.3072282 3.1869137
141 -3.5917928 -1.3316386
153 -3.4360611 -1.1177088
9 -2.07641 0.8209858
236 -1.2521315 3.3408008
87 -1.9428353 1.0388136
149 -1.920784 0.914743
176 -1.2479684 3.628919
276 -1.9868658 0.83361405
275 -2.0813253 0.68705857
12 -1.9826874 0.9491711
266 -1.9883053 0.96328574
159 -1.1917238 3.9454587
160 -3.4960647 -1.335463
136 -4.128776 -1.7332162
107 -1.9192624 1.0167954
113 -2.1388748 0.6577748
121 -2.025748 0.7577583
140 -2.123016 0.64637506
150 -2.153831 0.5289823
14 -3.5497794 -1.3266447
41 -1.2842096 4.172945
67 -1.2406267 3.808885
152 -3.6918619 -1.4073081
287 -4.116177 -1.801297
174 -2.0577328 0.76687336
237 -1.1834159 3.6781375
8 -1.9828979 0.98933285
28 -3.7079997 -1.4526303
111 -3.6628113 -1.4537218
18 -1.9370229 0.9691692
20 -1.2427274 3.6129086
114 -2.0691519 0.77027255
76 -1.1855264 4.0748215
259 -3.5536227 -1.3255028
298 -1.8298591 1.2373774
212 -1.2373136 3.6373117
220 -3.8059435 -1.5280962
60 -2.041734 0.65905756
17 -1.2170341 3.8597655
24 -1.2526765 3.7963116
84 -1.2479553 3.882782
108 -1.9212915 1.0821155
61 -2.171761 0.46401823
170 -1.9610102 0.92280996
138 -1.222269 3.437273
163 -2.0275075 0.8633575
224 -3.7884371 -1.4867313
232 -3.7181666 -1.5075374
166 -1.2719605 3.8021548
11 -2.0849235 0.6487584
277 -1.9200624 1.0195878
44 -3.0980759 -0.80186665
115 -1.2130585 3.599556
273 -3.5679038 -1.3197837
189 -1.324448 3.4419363
78 -1.2508678 3.8225012
94 -2.0313158 0.7565391
122 -1.2527626 4.1848598
188 -2.0706904 0.69978976
197 -1.1584587 3.6892908
234 -1.8006563 1.4244723
2 -3.428435 -1.252077
133 -3.4541624 -1.2789598
21 -1.2236382 3.5176287
126 -1.926055 1.010265
231 -1.8104959 1.2567594
38 -1.273692 3.4760826
248 -3.9790502 -1.7350249
215 -1.1860338 3.8446724
225 -1.1880077 3.6144123
233 -2.0259638 0.7720329
32 -3.3701217 -1.1811057
10 -1.2550267 3.9722605
291 -1.9210193 1.0127759
69 -1.151801 3.8930545
23 -1.8408118 1.1224937
63 -1.959901 0.964789
79 -3.838578 -1.6064938
26 -1.2771205 3.0990794
47 -1.2659062 3.6918437
155 -3.871975 -1.611815
274 -1.8677776 1.1246555
296 -3.7554626 -1.5288031
72 -3.4797645 -1.213055
262 -1.9855717 0.9167601
207 -1.2710441 4.241537
229 -1.8173666 1.3741683
247 -1.2149701 3.6105177
243 -2.012199 0.8870507
246 -1.159412 3.8108244
268 -1.1980063 4.212145
128 -1.9989514 0.90489846
27 -3.5831242 -1.3215845
42 -1.1761404 3.960877
45 -1.2255384 3.6045918
65 -3.708684 -1.5011278
238 -1.1939929 3.6389627
251 -1.2478123 4.1103272
210 -1.2442453 3.7370007
130 -1.254192 4.02763
239 -1.2915931 3.9459443
297 -1.2661439 3.8591886
0 -1.2105137 3.713567
177 -1.9360305 0.98758835
16 -3.7926743 -1.4805988
25 -3.7886317 -1.5746784
187 -3.8334079 -1.5315698
260 -4.124688 -1.9152205
171 -1.9102199 1.144472
263 -1.9177674 0.95311475
57 -2.0355773 0.8213788
58 -3.9382915 -1.7031155
116 -1.2264438 3.570934
192 -3.302152 -1.1359738
161 -1.9438527 1.0224539
294 -3.6444743 -1.3891423
6 -2.0043292 0.89052707
7 -1.327241 3.14124
217 -1.1925488 3.95693
55 -2.046668 0.811426
193 -3.7608771 -1.5588201
99 -1.2458113 3.920725
252 -2.054556 0.7411024
272 -1.2495029 3.2385123
281 -2.043415 0.88929945
201 -1.9169778 0.9851679
269 -3.2249281 -1.109621
183 -1.8679106 1.2581671
181 -3.5355124 -1.3731959
267 -3.443918 -1.2063674
56 -1.9204354 0.96535885
70 -1.2545713 3.5403452
135 -3.4171185 -1.1579356
178 -3.410014 -1.0860785
186 -2.0669568 0.77123964
283 -1.1565467 3.4316745
71 -1.9798869 0.9732211
218 -1.9755927 0.9304204
39 -1.9413854 1.0978304
40 -3.7906978 -1.432642
206 -3.576675 -1.2718872
222 -3.646859 -1.4771259
292 -3.8703096 -1.6126547
93 -1.2130282 3.8048708
100 -1.2398823 3.9157894
127 -1.982366 0.8816635
242 -1.9301273 1.0719664
270 -3.7919247 -1.5365468
261 -3.7122285 -1.4666742
255 -1.9389206 0.99452215
258 -2.0576847 0.6566953
203 -3.638632 -1.4760635
120 -3.3481524 -1.0842298
199 -1.8922701 1.2015109
68 -1.2466557 3.4627433
164 -4.1095705 -1.7577136
81 -1.2368017 3.8452058
103 -1.1722784 3.8804672
131 -3.5126803 -1.3444208
142 -1.2396265 4.3704777
254 -3.7782195 -1.4645243
250 -3.708285 -1.4193159
156 -1.2576008 3.6824381
151 -2.1599662 0.61323065
144 -1.2568899 3.972448
271 -1.1434164 3.884176
51 -3.4689326 -1.351319
213 -1.9864016 0.86159563
240 -2.165321 0.53599143
200 -1.1462563 4.013791
1 -3.9186907 -1.6785893
3 -1.227226 4.005147
226 -1.1408136 3.7817006
284 -3.6983178 -1.3935927
168 -3.7460732 -1.5712633
221 -3.5940475 -1.4083709
286 -1.1992564 3.5233285
173 -1.9465625 1.0278338
88 -1.3256226 3.5018566
89 -1.9230229 1.1389636
182 -3.5586245 -1.2716256
185 -3.567836 -1.3070449
191 -1.2484128 3.7507284
204 -3.6607826 -1.3389508
46 -1.2562033 4.6425967
43 -1.9284563 0.98955864
53 -1.2388562 3.247698
54 -3.7732103 -1.5411491
62 -3.6076648 -1.2905462
165 -3.6323822 -1.2740762
85 -3.8571408 -1.679842
91 -1.8597168 1.3270586
96 -1.189536 3.988462
288 -3.7845876 -1.5122145
154 -3.8087447 -1.5838027
179 -1.243418 3.5078516
245 -3.7764597 -1.5138806
52 -1.9845505 0.9720391
19 -1.216814 3.714386
184 -3.923988 -1.66669
34 -1.9061543 1.1405765
31 -1.1622121 3.8735905
148 -3.8153636 -1.6040732
195 -1.2442769 3.3138974
59 -3.6787198 -1.453292
74 -3.4785516 -1.3272063
98 -3.4485607 -1.2399467
97 -2.0178268 0.87584174
106 -1.184676 3.5991216
125 -1.2999636 3.434974
256 -2.1165066 0.76109445
253 -1.9037945 0.9248858
30 -1.2146237 3.4052444
123 -1.1540025 4.2136645
219 -3.5876215 -1.4570746
169 -1.2122989 3.9196117
295 -3.502617 -1.2450417
264 -3.6372178 -1.4817666
167 -1.1341593 3.6288564
119 -1.1896746 3.7688875
162 -1.914933 1.0964602
48 -3.8153322 -1.5820222
202 -4.0666003 -1.7335865
66 -1.2452353 3.613911
109 -4.0731735 -1.808748
86 -3.6288934 -1.344083
134 -1.9411256 0.97059727
80 -1.2963455 3.8315482
223 -3.830216 -1.6831065
92 -1.190206 4.3373065
82 -3.7945979 -1.6166599
137 -1.1942438 3.6485176
146 -3.8775785 -1.6587294
196 -1.2813996 3.9144976
241 -1.9987671 0.8353275
293 -2.1386158 0.76914674
299 -1.2391748 3.8892517
289 -3.7192962 -1.4016263
35 -2.0732608 0.6567812
102 -1.9282267 0.9240657
216 -3.5689125 -1.3776886
95 -4.3268433 -1.8972075
145 -3.6989167 -1.5026718
175 -1.9599049 1.0288
279 -1.9912517 0.95225316
13 -1.9748052 0.92880416
230 -1.2051293 3.9318953
118 -1.2355205 4.1639366
235 -1.233876 3.6027753
194 -1.9614567 1.024055
50 -3.4800162 -1.2935811
214 -1.9038256 1.0098741
143 -1.2501655 3.534211
249 -3.9172888 -1.649178
290 -1.2490668 3.4180715
244 -2.0318258 0.8321839
37 -3.9963093 -1.698034
112 -3.6803548 -1.331706
278 -1.2023597 3.8955657
104 -1.9827211 0.96301943
227 -1.1961565 3.139743
29 -3.650106 -1.4237596
5 -1.8834306 1.1982474
285 -1.2167046 4.0004206
132 -1.2785426 3.1291838
139 -3.9193115 -1.6219081
257 -1.2213875 4.1640563
172 -3.6352098 -1.3233734
110 -3.090884 -0.90162814
