30 2
20 -1.196525 5.2352743
29 4.7132773 3.249391
7 4.1592684 3.2995732
25 5.41163 3.1708572
12 5.308872 3.2516012
18 -1.2157767 5.177914
10 4.363525 3.261614
2 -1.8161678 5.811887
3 1.5535395 3.953404
14 -2.2453058 5.978371
0 0.8592178 4.1917915
1 5.691693 3.17037
5 1.7662464 3.8299217
4 -2.0340178 5.8316727
6 5.1619663 3.1015368
23 -2.5578382 6.202492
21 2.5738418 3.7186565
24 1.7862765 3.9208393
15 6.057518 3.1796694
11 1.4056433 4.003885
9 1.0452256 4.1887784
26 5.3541813 3.0811143
17 -1.7033502 5.640581
22 4.3957624 3.1417356
19 -2.5347261 6.3038664
28 -1.6212511 5.437649
13 2.493827 3.7247055
8 -1.3432252 5.2660456
16 1.0882951 4.2168546
27 2.0167258 3.800945
