30 2
7 3.4203897 3.9782827
29 3.8396587 4.13558
2 -3.0506773 5.4358597
4 -3.1687655 5.3363266
5 0.976019 4.019957
20 -2.3841784 4.9656982
14 -3.2606797 5.483951
6 4.51379 3.982218
10 3.7169898 4.0210085
1 5.144388 4.210986
22 3.740186 3.9306397
18 -2.1749997 4.8412023
12 4.858215 4.1561093
3 0.89513355 4.1875787
21 1.7248017 4.0762753
16 0.19288127 4.4230304
11 0.6114494 4.224984
25 4.791352 4.195468
28 -2.4660454 4.915902
19 -3.5723774 5.668955
0 0.10969714 4.266211
15 5.018668 4.2350335
9 0.3719399 4.325331
23 -3.608605 5.5716414
17 -2.839702 5.294102
26 4.710029 4.000937
8 -2.367321 4.9581413
24 0.99892014 4.197095
27 1.2503492 4.165395
13 1.8319528 4.0824246
