30 2
29 3.9335887 4.006798
7 3.6349516 3.8830385
5 1.0848612 4.0618424
4 -2.9307847 5.4173965
0 0.14985408 4.23737
20 -2.2124906 4.997175
2 -2.829306 5.469464
10 3.7882526 4.0340834
18 -1.8978068 4.922751
25 4.850062 4.0819635
3 0.9418612 4.1887245
1 5.2373567 4.0572214
16 0.27362397 4.3492384
21 1.8123719 4.060968
17 -2.8339207 5.411163
12 4.8001757 4.0217586
24 1.1351913 4.2014246
14 -3.1288347 5.459041
15 5.032534 4.043463
6 4.701176 3.9589987
11 0.77111393 4.1631856
23 -3.491446 5.703952
26 4.882113 3.973439
8 -2.3293452 4.9600067
9 0.45101964 4.257014
22 3.6443179 3.9172368
27 1.320785 4.113335
19 -3.4983814 5.651988
28 -2.3378792 5.072731
13 2.107048 4.0989475
