300 2
234 -1.8797343 1.0470061
189 -1.3219984 3.324213
274 -1.8699896 1.1855931
188 -2.1112669 0.63925004
211 -2.1767447 0.4516676
199 -1.8654759 1.131329
236 -1.3854991 3.4064796
173 -1.9956646 0.93234485
209 -3.181063 -1.1852822
0 -1.2666528 3.504876
108 -1.940144 0.9119799
67 -1.3409089 3.826523
194 -2.014765 0.80680966
23 -2.0135374 0.79919827
158 -1.3052244 4.027571
258 -1.9486154 0.91791
238 -1.2596362 4.1931577
27 -3.8153884 -1.7189084
138 -1.3199049 3.8594236
232 -3.869263 -1.6809434
276 -2.0427449 0.69883597
240 -2.2016191 0.29573736
190 -1.8865778 1.0653353
180 -2.0585947 0.7380299
201 -2.007206 0.761719
255 -1.9656161 0.91240066
265 -1.3444463 3.7517433
166 -1.3244965 3.6095421
170 -2.0189505 0.8388188
287 -3.8179712 -1.7330662
8 -1.964895 0.90310466
22 -1.2842503 3.4789922
47 -1.261299 3.2445757
203 -3.8287737 -1.7936897
243 -2.0430353 0.80875313
157 -3.2398477 -1.2250803
270 -3.4603798 -1.3779283
117 -1.9677415 0.9190954
291 -1.8700132 1.150468
63 -1.9755142 0.88992715
272 -1.3206717 3.1566463
292 -3.565572 -1.4377778
56 -2.0293891 0.9016925
89 -1.9977196 0.9040872
139 -3.8222804 -1.6758909
52 -1.9105381 0.99053544
177 -1.9921663 0.95473397
176 -1.3137838 3.6599965
235 -1.3046998 3.7545464
299 -1.3440747 3.7309635
213 -1.9391388 0.8522101
152 -3.8370862 -1.8072512
168 -3.8832428 -1.8689741
247 -1.268019 3.4955554
267 -3.2445817 -1.2397981
237 -1.3424023 3.48329
154 -3.878764 -1.6633894
205 -1.293802 3.5217128
130 -1.3064055 3.961085
144 -1.3140475 3.5322924
250 -3.7551634 -1.5909529
140 -2.0821624 0.6456746
17 -1.2946434 3.7333066
77 -1.349358 3.2294483
83 -1.9131978 0.9461017
229 -1.8408097 1.3282919
254 -3.6853669 -1.5779048
228 -1.9789623 0.90386283
11 -2.0865211 0.6400288
134 -1.841156 1.0923322
111 -3.721476 -1.5114863
73 -2.0130756 0.7200554
76 -1.2676619 3.864348
193 -3.791991 -1.6707579
114 -2.0294278 0.7027678
217 -1.313482 3.9826503
266 -2.0069928 0.8339357
15 -1.8490263 1.1878244
164 -4.1853747 -1.996566
41 -1.3450711 3.9656155
148 -3.7113128 -1.5910943
104 -2.0305493 0.750941
7 -1.3204628 3.549148
191 -1.3446584 3.8120263
259 -3.2755225 -1.1555752
113 -1.8838004 0.98452127
71 -2.0210786 0.76264256
175 -1.9459149 1.053724
219 -3.579228 -1.5361012
118 -1.3087906 4.3379884
124 -1.3578534 3.850668
296 -3.9783194 -1.8449668
212 -1.3540297 4.422482
280 -1.9737909 0.83833665
149 -1.8520205 1.0875162
127 -1.9980923 0.8144469
231 -1.8368592 1.1522939
60 -1.9646175 1.0202109
54 -3.6633081 -1.5975995
59 -3.6132474 -1.4721073
241 -1.9817891 0.9404168
261 -3.670555 -1.6007409
82 -3.7255275 -1.6131469
187 -3.4337459 -1.2880529
151 -2.1100612 0.6518732
222 -3.8025262 -1.6559664
79 -3.5955415 -1.4977446
257 -1.313448 4.0017343
51 -3.5866067 -1.529767
12 -2.0406814 0.9051193
147 -1.9602971 0.9979257
39 -1.9881618 0.9265825
36 -1.3296674 4.0913725
86 -3.427047 -1.3104997
116 -1.2892957 3.5528514
206 -3.4676967 -1.3815516
221 -3.7862608 -1.6163197
69 -1.3275415 3.50549
78 -1.2786268 3.5899003
218 -1.9402049 1.0514473
91 -1.8983307 1.1965741
99 -1.3028064 3.598585
129 -1.9516072 1.010344
142 -1.3025078 3.753626
161 -1.9507844 0.8476604
282 -1.9747753 0.7746091
105 -3.4355142 -1.3298154
253 -1.9683918 1.0090774
128 -1.9961789 0.8707971
174 -2.0285473 0.7497357
156 -1.2849752 3.56647
16 -3.6654785 -1.4768428
40 -3.8132703 -1.6778461
246 -1.3065242 3.772618
192 -3.4513075 -1.3892401
233 -2.1088321 0.6560266
87 -1.9801197 0.90614605
90 -3.310649 -1.2757299
268 -1.2504668 3.8703432
271 -1.3114103 3.9732926
262 -2.1186402 0.65547997
28 -3.6544254 -1.4499937
43 -2.043323 0.82616353
226 -1.2177314 3.4466434
94 -1.9674417 0.74414766
106 -1.3313886 3.7345192
215 -1.2963637 3.633588
169 -1.2364575 3.6545975
171 -1.9019346 1.1825736
224 -3.8818958 -1.7465136
208 -3.5897567 -1.5110986
298 -2.0011156 0.8193535
9 -1.9985421 0.8228146
20 -1.3018336 3.3164725
195 -1.315804 3.626893
61 -2.0373602 0.72126424
33 -1.872046 1.1232659
294 -3.677489 -1.5966512
75 -3.6085746 -1.5326911
165 -3.4257386 -1.3564695
263 -1.9456625 0.8806658
70 -1.3000133 3.708857
72 -3.5134828 -1.3857458
248 -3.8582542 -1.6792136
159 -1.2741661 3.7424636
225 -1.3703265 3.388366
197 -1.2894189 3.7032335
57 -2.1905768 0.5121939
210 -1.2697154 3.5865378
239 -1.2985587 3.5677154
126 -2.0137405 0.7897688
125 -1.3463628 3.774715
5 -1.8796381 1.2247038
6 -1.9217639 0.93295765
92 -1.321125 4.5818233
103 -1.3045943 3.6680272
167 -1.2985269 3.4475746
179 -1.2968152 3.7458067
295 -3.3413558 -1.3316493
85 -3.7943892 -1.5990586
97 -2.020826 0.8048902
150 -2.0985866 0.7202954
109 -4.0840626 -1.9864618
275 -1.991686 0.9139468
185 -3.8713632 -1.6613173
198 -3.0935297 -0.9976599
269 -3.2783217 -1.1862388
251 -1.3276557 3.8628
252 -2.0522325 0.7046416
19 -1.3140914 3.6696887
58 -3.7364907 -1.5783782
80 -1.3071505 3.8712516
84 -1.3659716 3.5759976
120 -3.4811082 -1.3490784
186 -2.0593581 0.772954
216 -3.9461288 -1.7752879
131 -3.4514315 -1.4028479
283 -1.2635462 4.1389637
200 -1.3442378 4.0596557
2 -3.3385677 -1.2682762
3 -1.3128546 3.9175277
13 -2.1408327 0.6113912
18 -1.9047334 1.1084665
24 -1.289465 3.646909
29 -3.6471956 -1.4207182
163 -2.067181 0.75325954
46 -1.3518528 4.2064424
284 -3.6043432 -1.4378856
64 -3.5579104 -1.4383092
223 -4.015804 -1.9047194
182 -3.3816054 -1.2481787
100 -1.2801515 3.542134
153 -3.4231424 -1.3602055
196 -1.2794129 3.4704254
101 -1.9735132 0.918892
30 -1.3070163 3.7754722
107 -2.0121229 0.7547448
183 -2.0145788 0.7971786
264 -3.6475863 -1.6196722
62 -3.736519 -1.523941
286 -1.307663 3.9552753
96 -1.2495944 3.694283
98 -3.378682 -1.2700447
122 -1.3283248 3.9392183
132 -1.2954701 3.4008052
137 -1.3716148 3.4350905
273 -3.5069005 -1.3776535
172 -3.9880874 -1.8502054
244 -2.0746255 0.709399
245 -3.5317037 -1.4094903
260 -3.8734312 -1.7529337
10 -1.3025389 3.9340625
50 -3.252197 -1.0940541
288 -3.8115091 -1.6872966
37 -3.5926552 -1.4698418
289 -3.5336974 -1.3510333
53 -1.3548235 3.3749375
68 -1.3475537 3.3928487
112 -3.7729735 -1.6923213
93 -1.3313826 3.538715
119 -1.2875494 3.6559308
285 -1.3970194 3.9532447
155 -3.8804498 -1.7314527
143 -1.3334454 3.409
4 -1.3178567 3.832153
21 -1.3250614 4.007329
277 -1.960911 1.0249723
44 -3.4598584 -1.3036242
81 -1.346788 3.6147745
115 -1.3479089 3.6145139
278 -1.331302 4.3001184
123 -1.3208271 3.8460681
184 -3.894155 -1.6932592
242 -2.0305982 0.8215123
279 -2.086893 0.65568966
110 -3.2156944 -1.1415476
227 -1.2221125 3.9750192
160 -3.7823017 -1.6455106
102 -1.9798117 1.0029963
88 -1.3509389 3.8557215
145 -3.6822965 -1.4791602
297 -1.3946484 3.6487749
35 -2.135892 0.6024275
45 -1.3049811 3.5405993
249 -3.8896236 -1.7047182
65 -3.4374583 -1.3279755
95 -4.0000777 -1.8572322
256 -2.164507 0.56894237
181 -3.6619544 -1.5709665
26 -1.3302754 3.7298818
146 -3.9197998 -1.7647084
34 -1.9379934 0.9993502
214 -1.8691788 1.1519171
136 -4.0729113 -1.8279917
74 -3.3940663 -1.3167309
204 -3.324827 -1.1947702
220 -3.3628743 -1.2437074
31 -1.281318 3.8489735
32 -3.525469 -1.4098784
38 -1.3314277 3.9658377
49 -1.9961331 0.93455416
55 -2.0754125 0.8429025
178 -3.1597931 -1.0102378
202 -4.0055027 -1.8897316
25 -3.728111 -1.5055453
14 -3.8007698 -1.7014623
48 -4.0302672 -1.8086339
290 -1.3124979 3.5892234
230 -1.313722 3.5297358
293 -2.1099062 0.64543587
133 -3.3056924 -1.2161677
281 -2.0460243 0.70580775
66 -1.2819643 4.0157948
207 -1.3555822 3.9198186
162 -1.9134036 1.009285
141 -3.9795952 -1.8136902
42 -1.2613173 4.0705338
135 -3.5443628 -1.4051853
121 -2.0487447 0.8082009
1 -3.8422725 -1.6248759
