30 2
22 3.9095154 1.294491
16 3.9038014 1.5406983
26 3.7178037 2.0619826
18 3.8577776 1.066482
21 3.7323864 4.584543
7 3.7559984 1.8728105
25 6.0478873 -2.8420436
8 6.019362 -2.8369374
6 6.016794 -3.0617921
4 4.022539 0.850343
14 3.8442945 1.7592661
15 4.043528 1.1017601
1 3.8091002 5.0882215
17 4.080539 0.9679189
10 5.190014 -1.8318614
23 6.547685 -3.6467445
19 5.391954 -1.9926714
29 6.776256 -3.6910472
13 5.2412214 -1.824772
3 3.7611487 4.2793665
11 3.920478 5.6653495
28 5.833686 -2.723499
20 4.064681 0.5098704
2 3.9747036 6.2575774
12 3.9337907 6.2393565
27 3.9323454 5.9141746
5 6.1312003 -3.01891
0 3.6654987 4.440257
9 3.7117577 4.5484533
24 3.7215087 4.5105934
