300 2
18 -1.9136125 1.0384777
157 -3.4878726 -1.3107744
155 -4.00462 -1.7192644
284 -3.3832574 -1.2182374
56 -1.9885242 0.8798505
203 -3.9730957 -1.7734433
36 -1.2878436 3.8181446
123 -1.3062506 3.4959579
6 -2.0030944 0.89340127
290 -1.3294113 3.453019
230 -1.2917763 3.3846061
209 -3.275942 -1.1117235
127 -1.9678599 0.86433876
166 -1.3402082 3.8913488
182 -3.7240803 -1.6319591
255 -2.0193064 0.9050568
108 -1.9575974 0.99774253
210 -1.3217623 3.7410188
83 -2.036154 0.742692
14 -3.3506858 -1.2838627
291 -2.001338 0.87102664
194 -2.0139322 0.93318564
9 -1.926257 0.9394765
197 -1.2095464 3.8542483
253 -2.0289314 0.8074914
140 -1.9906033 0.8622699
136 -3.9370935 -1.6905055
139 -4.0340705 -1.9556217
234 -2.0120459 0.9555156
13 -1.9639399 0.9426034
283 -1.3294318 3.992461
191 -1.2897354 3.9169168
134 -1.8818011 1.0821493
65 -3.4473538 -1.2913916
68 -1.2957617 3.3319058
77 -1.3319178 3.2596033
270 -3.5318627 -1.3215362
174 -2.1373916 0.68126166
52 -2.0801225 0.75349456
257 -1.3605396 4.1965017
57 -2.1399019 0.6256419
147 -1.9489125 0.8764056
149 -2.080772 0.77908313
259 -3.5744815 -1.3524326
63 -1.995657 0.7438741
35 -2.1868532 0.52650684
72 -3.3821535 -1.0815665
202 -4.22749 -2.0134208
215 -1.2915316 3.890812
252 -2.1862397 0.51293075
269 -3.2294488 -1.1478059
292 -3.4281797 -1.3293124
243 -1.9697171 0.9172167
17 -1.2915694 3.87853
91 -1.894242 1.2942576
206 -3.4839463 -1.362334
298 -2.0263972 0.84143007
69 -1.2325919 3.6604607
144 -1.3426756 3.6316922
3 -1.2689265 3.941938
15 -1.90635 1.0523913
20 -1.2269248 3.9753158
198 -3.2985997 -1.1172793
47 -1.2642633 3.3050609
64 -3.5744662 -1.4464921
79 -3.7063434 -1.4980686
196 -1.2997234 3.6143339
115 -1.2996788 3.882753
128 -2.0513206 0.74203336
130 -1.3044395 3.961086
158 -1.3122876 3.8077579
170 -1.9303825 1.0173254
214 -2.0021677 0.89480597
96 -1.3035872 3.917376
119 -1.2529659 3.6998925
143 -1.265123 3.5691433
265 -1.303396 3.389436
116 -1.2431456 3.8119469
78 -1.3178328 3.7745545
54 -3.7846613 -1.6877642
58 -3.8090315 -1.5971304
121 -2.0205247 0.87808627
175 -2.0601258 0.7988054
258 -2.0734515 0.7186211
287 -3.8759794 -1.6584848
189 -1.3533272 3.485168
85 -3.3674312 -1.265766
8 -2.0281024 0.81808215
11 -2.1120894 0.6510689
163 -2.1167192 0.62540185
236 -1.3424317 3.2852328
22 -1.341276 3.4542482
262 -2.0389977 0.82292944
275 -2.0455415 0.8888431
248 -4.1325817 -1.8762892
238 -1.2530618 3.8814952
286 -1.2328877 3.7777562
45 -1.1980087 3.8118496
169 -1.2642263 3.7025204
105 -3.354925 -1.1818799
219 -3.5925097 -1.4749825
232 -3.630737 -1.6045198
178 -3.331975 -1.2417588
276 -2.0019827 0.8651521
94 -1.8575147 1.1324815
16 -3.506839 -1.387143
84 -1.3130705 3.6471932
204 -3.5767946 -1.4068111
131 -3.5197506 -1.3931307
101 -2.0744712 0.63328713
132 -1.3735427 3.4735944
173 -2.0034316 0.86129296
251 -1.3064636 4.0829287
133 -3.508138 -1.402873
205 -1.2943197 3.5087564
183 -1.8887384 1.1025599
125 -1.3371568 3.5397632
12 -1.9181529 1.0658665
282 -2.043649 0.743859
29 -3.6304424 -1.4373076
33 -1.900097 1.0285683
246 -1.2931293 4.3276744
37 -3.7860372 -1.583298
51 -3.6500056 -1.444195
201 -2.0698102 0.7260228
67 -1.3563819 3.7543437
71 -1.9555702 1.094771
80 -1.29743 3.4462738
229 -1.7332405 1.4506799
145 -3.8487282 -1.766239
187 -3.7407386 -1.5213315
168 -3.724556 -1.5964078
263 -1.9630723 0.8864417
237 -1.2865404 3.745408
277 -2.0277236 0.89429253
7 -1.4160069 3.4798236
122 -1.3195187 4.3979917
218 -1.9354602 1.0228201
222 -3.717053 -1.5558796
254 -3.801621 -1.6375118
107 -2.048815 0.8302934
227 -1.2826711 3.5873308
207 -1.2321019 4.111585
240 -2.27807 0.3241745
1 -3.54933 -1.4165325
231 -1.8293598 1.1761186
151 -1.9141365 0.99990255
44 -3.1534414 -1.0650982
193 -3.6215968 -1.53189
95 -3.8718994 -1.8277979
297 -1.2918224 3.4906037
181 -3.138706 -1.1508001
235 -1.2850848 3.9326458
4 -1.21688 3.5875485
28 -3.5361567 -1.4162096
185 -3.7013721 -1.5952635
46 -1.2689536 4.0813317
59 -3.5901918 -1.4711454
99 -1.235393 3.426381
92 -1.3305348 4.379365
110 -3.2057528 -1.045113
86 -3.285812 -1.1716182
88 -1.2797109 3.7460446
100 -1.3342971 3.8829482
111 -3.493571 -1.3816165
176 -1.3214483 3.2999256
272 -1.3791758 3.2219212
295 -3.3651955 -1.2709961
242 -1.862897 1.1562288
244 -1.9787729 0.9298222
223 -3.9458146 -1.7071698
261 -3.4724832 -1.3626747
93 -1.2153399 3.6719625
43 -1.9403288 1.0372379
32 -3.4733598 -1.3722072
34 -1.9536356 1.1108903
239 -1.3350997 3.5589712
177 -1.9137633 1.1049435
211 -2.0619621 0.7280683
159 -1.3759983 3.8838
109 -4.001625 -1.7306107
289 -3.6831763 -1.5581665
106 -1.2667185 4.002096
117 -2.0621238 0.73335266
103 -1.3415589 3.738695
24 -1.3456264 3.5508273
135 -3.3130028 -1.1614211
30 -1.3526776 3.5867617
124 -1.3775122 3.976785
50 -3.1754582 -1.0655924
162 -1.8796804 1.1522765
61 -2.0459263 0.837928
184 -3.8751168 -1.6835951
73 -1.9806628 0.8314086
82 -3.659422 -1.5514234
228 -2.0438051 0.82524455
120 -3.5751078 -1.3993344
160 -3.6693113 -1.5880859
221 -3.7605379 -1.5675722
161 -1.9578176 0.98999083
250 -3.8889756 -1.5652547
21 -1.2899314 4.0321417
164 -3.9052134 -1.7100716
217 -1.3224154 4.1246324
53 -1.3539083 3.4998071
55 -2.0400662 0.76550716
154 -3.948571 -1.8254479
75 -3.3767722 -1.2320415
216 -3.7081347 -1.565005
81 -1.2908663 3.990512
97 -2.1417572 0.5498039
278 -1.3058243 3.9325628
146 -3.8930376 -1.7801276
195 -1.3010963 3.2359858
212 -1.2177097 4.129324
280 -2.0859149 0.7229664
225 -1.2352074 3.5750563
200 -1.2909029 3.994078
267 -3.4419928 -1.338772
148 -3.6689909 -1.4925572
296 -4.003134 -1.8098608
192 -3.5236278 -1.4499353
294 -3.7595081 -1.5948238
26 -1.3225298 3.4073658
23 -2.1802373 0.6032521
39 -2.1899145 0.5059102
129 -1.9917245 0.9391587
299 -1.3018658 3.700689
260 -4.2429485 -2.0108948
49 -1.9209597 1.0771124
102 -1.9194491 1.0811964
126 -2.1249363 0.6313474
179 -1.3194711 3.674171
74 -3.4365985 -1.3186439
87 -2.0100398 0.80829465
113 -1.9874753 0.8140929
114 -2.0512667 0.7472961
180 -2.0080318 0.7672737
226 -1.3022349 3.6162329
268 -1.2822905 4.14165
31 -1.2771881 3.6053433
2 -3.254964 -1.0903107
293 -2.0377893 0.7054965
76 -1.2252134 3.954371
153 -3.4112191 -1.2495071
41 -1.3168014 3.9924476
188 -2.0745978 0.8092449
273 -3.635664 -1.5100068
42 -1.2370734 3.7834961
112 -3.639252 -1.3947974
199 -1.96222 1.0806223
62 -3.6428516 -1.6117189
171 -2.0064533 0.89927816
172 -3.7464528 -1.6111869
224 -4.0368423 -1.8907092
89 -1.9211571 1.0587564
271 -1.2450271 4.1124926
38 -1.2841613 3.5619607
141 -3.8075817 -1.6745695
165 -3.5862713 -1.4863452
167 -1.2868854 3.7497573
274 -1.9553134 1.1226511
266 -1.9499451 1.0517739
138 -1.3152068 3.5969079
279 -2.1633675 0.5788616
27 -3.5763028 -1.3973527
104 -1.9768425 0.8694356
186 -2.0686438 0.9056829
98 -3.2999291 -1.1663775
241 -2.1454833 0.61922085
213 -2.1298368 0.5565918
48 -3.9853659 -1.8097014
137 -1.2195928 3.8698106
281 -2.0431287 0.8042426
40 -3.6952028 -1.5221676
245 -3.6426103 -1.6137099
256 -2.183254 0.62979436
10 -1.3092766 4.1464877
60 -2.0305493 0.79252076
66 -1.2148714 3.9229207
90 -3.4352343 -1.3645693
152 -3.9754722 -1.7686808
247 -1.2687492 3.6939948
25 -3.6598794 -1.5272137
150 -2.1418533 0.5703071
118 -1.2786366 4.103463
208 -3.855968 -1.5834658
220 -3.6774805 -1.4904057
70 -1.230373 3.655391
0 -1.2759111 3.7109802
19 -1.2720145 3.7410905
264 -3.89862 -1.7347312
142 -1.262986 4.1508446
156 -1.2732111 3.302779
285 -1.2512609 4.0108504
249 -3.9662688 -1.7565155
288 -4.0772 -1.8538126
233 -2.115829 0.62530184
190 -2.0147064 0.861386
5 -1.8714327 1.1296262
