30 2
21 3.6196582 4.6728153
22 3.7661088 1.6164343
8 6.096512 -2.6729105
28 5.9691234 -2.5960143
4 3.96955 1.0007195
14 3.738727 1.962001
26 3.5896876 2.2772067
23 6.6022477 -3.319438
19 5.379546 -1.7165723
16 3.8637116 1.635372
15 3.896303 1.3026141
7 3.6811545 2.0266666
13 5.4485097 -1.8418694
0 3.5721505 4.4934387
12 3.8133185 6.232175
1 3.5383873 4.9631004
10 5.2970533 -1.5247836
25 6.1225996 -2.6766753
18 3.8424242 1.2575808
3 3.5068495 4.370719
27 3.7135024 6.002852
20 4.1029735 0.8417113
24 3.5854552 4.6833735
6 6.0757074 -2.9285586
2 3.8124433 6.270587
11 3.707136 5.913559
9 3.530054 4.667957
17 3.954998 1.2288718
29 6.8725414 -3.4517262
5 6.385859 -3.0152063
