51 2
32 -3.36351 -1.7663956
28 -4.1519036 -1.2983668
35 -3.7903106 -1.5119385
39 -4.366818 -1.11518
16 -1.4082562 -3.4359345
29 -1.4606744 -3.5803206
1 -1.6444256 -3.5178256
9 -1.4267199 -3.484556
26 -1.6049387 -3.626852
30 -1.4475893 -3.4372823
27 -1.7164383 -3.48477
33 -1.6624231 -3.5757456
37 -2.09741 -3.1874623
31 -1.4537565 -3.5605462
13 -3.3572636 -1.6868334
0 -2.2761948 -3.0174923
47 -1.4056928 -3.6996865
23 -4.1261616 -1.184771
19 -3.993518 -1.4955142
36 -3.8049958 -1.360265
46 -1.7191228 -3.3722613
48 -1.6165441 -3.5934834
50 -3.9306602 -1.3472733
24 -4.1987967 -1.3158741
44 -1.7068712 -3.4179537
21 -1.7380639 -3.2170947
11 -3.6462255 -1.373435
15 -3.7707477 -1.2992893
43 -1.5041547 -3.359298
17 -1.7621528 -3.3291776
6 -3.6238923 -1.4635924
49 -3.9274433 -1.401025
45 -1.8410686 -3.0233116
38 -1.8186297 -3.2958987
4 -3.836408 -1.2609541
12 -3.4971163 -1.3715682
34 -1.7445377 -3.2177565
8 -1.872356 -3.073415
18 -1.8665786 -3.2125442
22 -1.7998856 -3.2049296
42 -1.8092532 -3.3946586
20 -1.6633631 -3.362668
14 -3.6515186 -1.4899058
5 -1.8388593 -3.1835694
10 -3.478762 -1.3305311
3 -1.8160491 -3.1846187
40 -1.9486088 -3.165324
41 -1.7364217 -3.396278
2 -3.475591 -1.3597822
7 -1.7775869 -3.2065158
25 -3.304301 -1.7570095
