30 2
10 5.33701 -1.0257231
16 3.7067955 1.821092
21 3.1218655 5.0333095
8 6.2561126 -2.0283253
14 3.5413232 2.1703374
4 3.8639128 1.3959183
13 5.4228024 -1.0841037
19 5.6686673 -1.5059896
7 3.528955 2.4273381
15 3.823745 1.5897486
6 6.4227943 -2.279068
17 3.7874205 1.706752
1 3.0975907 5.5185785
26 3.376978 2.7155657
23 7.061042 -2.7388632
27 3.168304 6.25783
3 3.16721 4.477629
22 3.6749315 1.9017632
28 5.902246 -1.9077272
20 3.9863243 0.9798371
18 3.7841427 1.5348015
5 6.443206 -2.3763487
9 3.1288528 4.817873
0 3.0788424 4.7318864
12 3.1253724 6.540074
25 6.301903 -2.066612
24 3.180637 4.9500384
29 7.194058 -2.9156554
2 3.2976115 6.7500916
11 3.169605 6.0880847
