30 2
22 3.862964 1.3117201
16 3.8820157 1.5545117
21 3.7125003 4.6760674
7 3.7791488 1.9088007
1 3.6902757 5.123749
8 6.030691 -2.8220015
10 5.2674766 -1.821864
17 4.053055 1.1038668
4 4.0028467 0.803954
12 3.9665906 6.264661
28 5.815898 -2.629853
26 3.7074807 2.147004
25 5.9416814 -2.9216776
15 4.015989 1.2405207
6 6.0224285 -3.0099008
14 3.8225703 1.9222726
13 5.1710787 -1.74872
3 3.7028842 4.297286
23 6.599098 -3.5695443
27 3.8857281 5.8821044
18 3.848923 1.0864928
19 5.3149467 -2.0242474
29 6.8401213 -3.7881546
2 4.114178 6.199925
11 3.8811522 5.707617
24 3.6828563 4.5306983
9 3.6874688 4.4129543
0 3.683425 4.354142
20 4.0860133 0.49544966
5 6.0993176 -2.9994204
