300 2
135 -3.2669277 -1.188767
255 -2.1055648 0.70223427
237 -1.2879711 3.5712948
238 -1.3089608 3.8001058
213 -2.0811918 0.8289317
53 -1.2930303 3.6210775
128 -1.9635695 0.9276357
133 -3.4645205 -1.4018233
244 -2.0641494 0.760858
9 -2.0429993 0.74330515
94 -1.9430934 1.0019695
117 -2.1046543 0.5826396
282 -2.1038895 0.677541
247 -1.2531662 3.7666905
85 -3.5946624 -1.4804873
77 -1.3697664 3.216829
190 -2.0004005 0.8167064
19 -1.2642592 3.53885
35 -2.1459417 0.52243143
44 -3.363351 -1.2338965
95 -3.7706597 -1.6269821
168 -3.7657926 -1.6232206
283 -1.2674613 3.7558079
211 -1.9849213 0.8489083
149 -2.0152144 0.7933561
63 -1.9492999 0.9406375
87 -2.0591605 0.74558264
201 -2.015356 0.7686647
276 -2.019407 0.86900485
27 -3.6193886 -1.5293852
170 -2.0496106 0.7447148
131 -3.647486 -1.5119276
298 -1.9820174 0.925752
104 -1.9632857 0.85160017
129 -1.9822646 0.967813
232 -3.8049965 -1.6705997
105 -3.1735177 -0.918429
150 -2.1239095 0.6963529
80 -1.3311523 3.8348696
3 -1.2745839 3.8406205
36 -1.3190511 3.7774405
18 -1.8825082 1.0835768
34 -1.9533174 0.9015964
119 -1.3294479 3.453719
72 -3.5858657 -1.4391233
90 -3.4479258 -1.3691103
114 -2.127761 0.5910711
115 -1.3579348 3.784052
195 -1.3637276 3.283391
14 -3.4186995 -1.2850634
78 -1.2805307 3.6064084
103 -1.2663467 3.5717366
219 -3.7249944 -1.5679812
148 -3.5530026 -1.4090117
256 -2.0954568 0.64798814
41 -1.3393486 3.7411652
42 -1.3284063 3.970973
45 -1.3456054 3.3374805
55 -2.1132133 0.70803785
107 -1.8989631 1.0281044
231 -1.9291966 1.053585
189 -1.3344756 3.730332
140 -1.9695307 0.8206309
182 -3.4421804 -1.315862
11 -2.091386 0.62093794
52 -1.9800748 0.96301144
124 -1.3044766 4.1694517
116 -1.3713534 3.3235002
239 -1.312818 3.9471488
295 -3.448105 -1.2614387
164 -4.0692267 -1.8582124
67 -1.2959642 3.7209778
134 -1.9400245 0.9783556
288 -3.9436653 -1.8434213
127 -1.9867183 0.87355006
270 -3.6265814 -1.5286416
291 -1.9896007 0.8932877
174 -2.051542 0.77438337
151 -2.0595226 0.6664925
25 -3.4342842 -1.3285902
73 -1.8934602 1.158834
29 -3.6506855 -1.5377955
33 -1.9640566 0.8801143
96 -1.3245378 3.9432175
240 -2.0738401 0.69621223
186 -1.9691653 0.9624683
207 -1.2865938 3.902932
93 -1.2890441 3.5455923
163 -2.1399655 0.65116066
113 -2.0202894 0.8250683
297 -1.3011185 4.0878744
292 -3.61309 -1.5227858
101 -1.9642277 0.9215083
15 -1.9435027 0.9695221
16 -3.9626226 -1.7654703
37 -3.436159 -1.270852
147 -2.0535076 0.8196063
47 -1.2902795 3.6474
56 -1.9501666 0.9554251
234 -1.9138738 1.1010993
69 -1.2517853 3.5091631
252 -2.0656428 0.6786928
12 -1.9563338 0.9652631
242 -1.9539053 1.0026954
38 -1.3109128 3.5187569
58 -3.7877202 -1.5816786
62 -3.8738513 -1.7193916
205 -1.2855482 3.8821156
241 -1.9135739 1.1086377
102 -2.0324326 0.7106888
142 -1.3495251 4.071174
132 -1.2872329 3.475658
194 -2.060885 0.7674702
263 -2.089173 0.6915098
287 -3.7486525 -1.5897775
30 -1.2924339 3.417042
20 -1.2294636 3.6458874
243 -1.8558455 1.1092083
46 -1.3240916 4.303805
68 -1.3116661 3.533782
268 -1.2620628 4.0706563
275 -1.990556 0.8271916
258 -2.0595088 0.58881694
294 -4.0242558 -1.8700032
10 -1.2983271 4.1388063
76 -1.2912043 3.776126
210 -1.3427058 3.7716742
250 -3.8635852 -1.8070334
228 -1.8876265 1.1287897
251 -1.2888262 3.8943949
50 -3.1336336 -1.0215912
203 -3.5297537 -1.411457
86 -3.3653145 -1.1793917
121 -1.992074 0.83387727
145 -3.443084 -1.3793122
280 -2.1243262 0.6749793
43 -1.9948527 1.0106618
17 -1.2856005 4.3183937
99 -1.2607297 3.8231182
71 -1.9142791 0.9823362
81 -1.318432 3.8572059
89 -1.8679188 1.1712929
139 -3.898485 -1.698817
118 -1.2973958 4.0624766
138 -1.3345106 3.5410523
165 -3.6894758 -1.6510856
261 -3.6076753 -1.4730495
156 -1.3037825 3.3371005
160 -3.6391976 -1.4384981
172 -3.8083737 -1.6453627
299 -1.2044615 3.6755557
6 -2.050931 0.7786485
21 -1.3317524 3.4991887
161 -2.057363 0.7761995
184 -3.7541173 -1.5768411
284 -3.7207274 -1.6460056
97 -2.0581279 0.72543967
278 -1.2580558 3.5285163
83 -1.883594 1.0430533
209 -3.4497414 -1.2375824
267 -3.2619827 -1.1208706
120 -3.4221356 -1.3054425
178 -3.466809 -1.357035
212 -1.3108016 3.771648
281 -1.9765764 0.834225
296 -3.846334 -1.7582761
236 -1.2910539 3.271234
32 -3.7112212 -1.5680332
273 -3.5574794 -1.4408667
225 -1.2857819 3.4724503
197 -1.2943347 3.8752844
49 -2.0196228 0.8448243
262 -2.0331104 0.74210703
199 -1.9965049 0.81265175
155 -3.8891556 -1.7614908
144 -1.2784954 3.9317408
82 -3.3907266 -1.3072317
84 -1.3894688 3.6836717
220 -3.4821894 -1.3603977
123 -1.2539487 3.806287
167 -1.2841358 3.90844
249 -3.904852 -1.720623
274 -2.002616 0.88818926
221 -3.6397173 -1.5347291
7 -1.2933893 3.5959423
23 -1.9597142 0.99988115
130 -1.3539321 3.3058763
28 -3.4843597 -1.3143295
158 -1.3104041 3.4844003
65 -3.504573 -1.4415542
57 -2.0857563 0.7436373
64 -3.5216234 -1.3409066
246 -1.260907 3.9865205
146 -3.9004576 -1.7721684
162 -1.8827236 1.0760902
185 -3.8317957 -1.769849
4 -1.2421209 3.5128546
265 -1.3505112 3.3892317
61 -2.079726 0.7073556
176 -1.2314829 3.5692527
51 -3.5616567 -1.4580479
188 -2.1688476 0.5492596
254 -3.8746934 -1.6413245
224 -3.631637 -1.4644445
100 -1.3362186 4.3311844
141 -4.005244 -1.7925252
266 -2.0009382 0.90577155
229 -1.9088941 1.2030091
289 -3.7829132 -1.6051902
259 -3.4686964 -1.3483127
5 -1.9646978 0.97116673
208 -3.723328 -1.5559453
217 -1.3249656 3.9146688
111 -3.3390288 -1.1542964
75 -3.4111857 -1.2444494
66 -1.3120056 3.8078187
204 -3.843733 -1.654394
222 -3.6665046 -1.518584
8 -2.0814085 0.676353
13 -2.0778542 0.67937165
39 -2.0144687 0.92635185
153 -3.2915583 -1.2143894
112 -3.5866034 -1.3963008
91 -1.8040254 1.282456
271 -1.2020537 4.328398
108 -1.923544 1.01939
110 -3.3196309 -1.2754171
166 -1.3355771 3.7923045
175 -1.9454559 0.9888668
196 -1.3279071 3.7357237
202 -4.1316714 -2.0103283
264 -4.020877 -1.8986833
24 -1.363266 3.52878
31 -1.241738 3.6940274
59 -3.6497247 -1.5293906
60 -2.0901823 0.8482131
286 -1.3079436 3.8814635
269 -3.1397383 -0.9578353
214 -1.929762 1.0598129
215 -1.3181705 3.4991107
1 -3.689613 -1.6338772
198 -3.2422955 -1.0432843
272 -1.3794607 3.129973
253 -1.9217554 1.0718408
70 -1.2783713 3.8151336
143 -1.3419527 3.2449875
79 -3.8246164 -1.6995131
159 -1.2788575 3.761369
245 -3.8064885 -1.6247058
181 -3.404422 -1.2714843
193 -3.5949788 -1.4392163
22 -1.2932105 3.8636541
235 -1.3101777 3.7363389
257 -1.2798132 4.1825066
226 -1.3243098 3.668396
216 -3.9285328 -1.7798198
293 -1.9423939 0.858455
277 -2.0041306 0.90578705
88 -1.3066599 3.3858752
137 -1.3505479 3.5823882
179 -1.3428444 3.9566202
192 -3.35328 -1.2321165
233 -2.0488985 0.74497974
177 -1.9559138 0.8981268
169 -1.2921586 3.8554087
98 -3.460565 -1.3284746
40 -3.725719 -1.5043706
126 -1.987814 0.9894765
157 -3.6029522 -1.5340923
180 -2.1302314 0.69619167
122 -1.2970177 4.0774674
152 -3.9080093 -1.7219458
290 -1.3010118 3.170188
154 -3.9507034 -1.8276397
230 -1.2312669 3.3764198
106 -1.3383437 3.3662128
187 -3.4750166 -1.282439
183 -2.0193672 0.82048476
248 -3.8219984 -1.78184
136 -4.009218 -1.8771456
173 -2.00487 0.9386659
206 -3.2415776 -1.0893201
125 -1.2765418 3.7511382
92 -1.2844161 4.124237
279 -1.971455 0.91052264
109 -3.9470055 -1.789606
285 -1.2750076 4.1537557
171 -1.9844402 1.0079409
223 -3.9363844 -1.7327037
260 -4.0406895 -1.9677923
26 -1.357281 3.2530568
54 -3.9211338 -1.7263895
200 -1.2935176 3.7206564
218 -1.948374 1.060641
74 -3.5052633 -1.3827629
227 -1.3378643 3.495801
2 -3.2587798 -1.0868921
0 -1.3041496 3.5747006
191 -1.3116746 3.9502056
48 -3.992386 -1.9164671
