300 2
149 -1.877158 1.0384121
128 -1.9752225 0.9684041
63 -2.0372155 0.82498574
246 -1.2183717 4.403368
157 -3.4816008 -1.278973
269 -3.4620805 -1.3146065
56 -1.9489636 0.9437384
233 -2.1258824 0.69712853
22 -1.1660581 3.6327605
298 -2.017081 0.96114457
18 -1.9696507 0.90650856
105 -3.248721 -1.0610529
213 -2.0724306 0.71838254
78 -1.1845858 3.8967783
43 -1.8541132 1.21973
86 -3.670946 -1.4015214
189 -1.2617382 3.325587
8 -2.0124567 0.78547174
65 -3.3216324 -1.1275688
127 -2.0198574 0.89411825
197 -1.2997298 3.659085
88 -1.248306 3.6863902
215 -1.1525943 3.5187984
37 -3.8774197 -1.5899974
58 -3.7202916 -1.4553164
229 -1.7958981 1.4511144
178 -3.3270588 -1.1468397
291 -1.9423792 0.98403907
33 -1.9313382 1.0930523
48 -4.0638285 -1.8170292
247 -1.2086642 3.8980398
79 -3.6281319 -1.3946912
287 -3.7379937 -1.5366741
206 -3.4159026 -1.232777
234 -1.9522756 1.0396194
35 -1.9961956 0.9051932
208 -3.7256837 -1.4803165
39 -1.9751686 0.92365843
59 -3.8907464 -1.660521
47 -1.2411314 3.472466
61 -2.0919752 0.6980157
97 -2.0265145 0.8366518
281 -2.0807078 0.8855828
227 -1.2217946 3.4608974
194 -1.9963315 0.9814973
6 -2.084861 0.7692555
11 -2.0052083 0.81235844
62 -3.648612 -1.369992
113 -1.9824198 0.8450172
53 -1.3100755 3.613485
101 -1.9675907 1.0196109
243 -1.950522 1.0733174
238 -1.2134982 3.863763
5 -1.821588 1.3345748
170 -1.9120378 0.995816
45 -1.2288978 3.716112
44 -3.1060011 -0.9028223
237 -1.2076856 3.6183076
135 -3.6108859 -1.3876498
143 -1.2105254 3.8348172
188 -2.1270585 0.69602185
274 -1.8605808 1.154324
94 -1.9576019 0.9101955
12 -1.8662829 1.1984727
221 -3.8191009 -1.4864309
108 -1.9643798 1.025839
267 -3.326532 -1.1532841
96 -1.2090032 3.736004
117 -1.9804393 0.9774975
160 -3.3574283 -1.2232912
262 -1.9079212 1.0037183
174 -2.0533025 0.8095543
198 -3.2128713 -0.985981
138 -1.2684284 3.457701
286 -1.2268701 3.8905602
85 -3.601791 -1.3044025
126 -1.9438043 0.9753683
150 -2.2278395 0.49964428
69 -1.1830364 3.674784
83 -2.0377803 0.84302604
107 -2.0219567 0.8964877
116 -1.240099 4.0100145
141 -3.8274107 -1.5793128
292 -3.787601 -1.6620797
181 -3.2480838 -1.0948764
3 -1.2323482 3.965681
199 -2.0276608 0.9091174
16 -3.6732156 -1.4493743
93 -1.2260522 3.6138895
31 -1.1964959 3.7127705
32 -3.557236 -1.3559495
82 -3.8282437 -1.5648382
205 -1.2185429 3.4865608
252 -2.1190484 0.57710975
114 -2.1816313 0.5619999
7 -1.2209226 3.502977
196 -1.2748201 3.5774512
255 -1.9696133 1.0111154
133 -3.6283844 -1.4380847
289 -3.5433528 -1.3138789
217 -1.2754955 3.9228039
30 -1.2466133 3.73874
68 -1.2354842 3.6326096
231 -1.8747872 1.1370571
200 -1.2502258 3.9420445
245 -3.5317397 -1.2652987
251 -1.2563981 3.7243354
276 -2.0753696 0.7371051
282 -2.1241543 0.5761348
19 -1.2167001 3.4882917
84 -1.2620593 3.6172302
297 -1.3206053 3.6265497
163 -2.052874 0.8657515
201 -1.9974407 0.92047495
55 -1.9725275 0.90851426
89 -1.8294398 1.3052429
70 -1.1995581 3.5111415
270 -3.6893828 -1.4285637
284 -3.550147 -1.324492
272 -1.2047383 3.131229
124 -1.202118 4.132741
203 -3.683195 -1.4351127
192 -3.7088728 -1.496828
295 -3.3730783 -1.1727618
77 -1.2412367 3.1635442
176 -1.2201166 3.3326976
46 -1.2064046 4.489289
20 -1.2497544 3.2848613
134 -1.9697983 1.0003412
34 -1.9005446 1.1250361
169 -1.2046412 3.8701398
36 -1.2731395 3.6384647
130 -1.2705456 3.7226639
54 -3.8705347 -1.5726037
155 -3.9569972 -1.7125951
271 -1.2022506 3.9623244
75 -3.5477993 -1.3081968
90 -3.4587567 -1.2832397
235 -1.2262278 3.9455163
99 -1.2323594 3.7582796
210 -1.1834248 3.7382915
293 -2.0567966 0.7752653
290 -1.2014902 3.6775024
273 -3.4150975 -1.2423575
144 -1.1532851 3.7040682
81 -1.2524171 3.690448
258 -1.8797727 1.0088692
254 -3.6984384 -1.5390253
111 -3.5794294 -1.3648946
249 -4.063656 -1.889957
72 -3.4796004 -1.3118513
216 -3.5340521 -1.3634398
175 -2.0162678 0.9996278
129 -1.9427633 0.9932267
277 -1.7761004 1.2681836
223 -3.6630042 -1.559547
207 -1.1860962 4.19559
228 -1.9292952 1.1174271
0 -1.1859261 3.3000016
10 -1.202158 3.7848442
236 -1.2533431 3.2810724
28 -3.7181668 -1.4730859
280 -2.0466237 0.7947522
164 -4.102558 -1.8634976
263 -2.0859401 0.66408104
256 -2.0610907 0.78192556
87 -2.0242 0.916899
167 -1.1633271 3.7937715
159 -1.1750597 4.007317
296 -3.3549595 -1.2025931
131 -3.4105422 -1.2127619
104 -1.9905775 0.95372665
190 -1.9744645 0.97807604
259 -3.7598546 -1.5185654
140 -1.9748183 0.897801
153 -3.4803839 -1.3044076
173 -1.9443654 1.0241848
9 -2.0524538 0.74167556
241 -1.9844533 0.87459046
23 -2.0208702 0.8010088
204 -3.485833 -1.2899153
42 -1.1907103 4.03735
49 -2.071479 0.8044706
253 -1.8842769 1.0148832
179 -1.2270379 3.6409404
187 -3.7438107 -1.5159014
195 -1.3233756 3.4648044
225 -1.2743932 3.8341913
242 -1.9396452 0.90185845
13 -1.991539 1.0283269
24 -1.2534806 3.7224696
211 -1.9298735 0.9391651
182 -3.8033981 -1.6516737
137 -1.1843932 3.4583788
119 -1.2673376 3.4720428
41 -1.1807169 4.1148586
60 -1.9326435 1.0170245
67 -1.1792948 3.8120346
95 -4.0949144 -1.8250237
120 -3.4588046 -1.220493
165 -3.68035 -1.4681798
202 -4.1215844 -1.8359548
158 -1.2537695 3.7546077
162 -1.9569867 1.0273081
1 -3.7262607 -1.4589523
265 -1.193881 3.7474627
125 -1.2192483 3.8071008
110 -3.4233022 -1.1614368
103 -1.225448 4.0560813
136 -4.017148 -1.7970235
76 -1.1970687 3.8683827
80 -1.1385826 3.9124608
142 -1.1904734 4.2548428
257 -1.2583295 4.4877768
212 -1.2248166 3.9357774
279 -2.0967584 0.76427805
184 -3.9874 -1.7289289
4 -1.2572376 3.7772474
186 -2.0804794 0.8139451
73 -1.8751346 1.1277714
185 -3.7253551 -1.4651442
209 -3.2926192 -1.0889324
191 -1.1988852 3.9100504
148 -3.6174774 -1.4576324
275 -1.9753101 0.87874496
248 -3.9978704 -1.7366773
294 -3.7374408 -1.6268907
121 -2.1564302 0.5927634
156 -1.2030607 3.412532
177 -1.9496746 1.0566012
239 -1.2479248 3.598816
193 -3.9045582 -1.5870577
224 -3.9178154 -1.5945435
244 -2.0854254 0.74894595
50 -3.4455593 -1.2270919
299 -1.219564 3.6633146
64 -3.6574187 -1.4080344
132 -1.1931566 3.2641551
161 -1.9392053 0.984305
139 -4.058804 -1.7955434
38 -1.2364074 3.790362
57 -2.0971706 0.76444733
219 -3.6462855 -1.4226729
109 -3.9509964 -1.7542839
154 -4.1080003 -1.8547084
180 -2.15328 0.66816115
260 -3.9924026 -1.7733551
183 -1.9399465 1.0632136
250 -3.7660809 -1.5644828
264 -3.8446653 -1.6202997
283 -1.268119 3.643615
27 -3.7843664 -1.5823696
51 -3.5009432 -1.3495833
40 -3.8611622 -1.5605587
145 -3.7596972 -1.6286719
123 -1.2291319 4.0916038
102 -2.0147424 0.8933613
152 -3.7885592 -1.6146489
220 -3.9774952 -1.7173578
146 -3.9313982 -1.6141051
166 -1.2745912 3.8744035
218 -1.9360747 1.0334258
52 -1.9827726 0.93486476
21 -1.3087597 3.4765568
26 -1.2350857 3.3678389
71 -2.06864 0.70757884
232 -3.8057086 -1.6527228
92 -1.1854646 4.3293247
171 -2.0819058 0.8914007
278 -1.188087 3.358882
122 -1.2714353 3.9988818
240 -2.0216026 0.8684099
2 -3.5178764 -1.3217485
285 -1.2032382 3.8580997
112 -3.6663935 -1.464615
66 -1.2549618 3.9037068
118 -1.2266394 4.17239
151 -1.9813309 0.83009505
226 -1.3328768 3.42588
25 -3.6282833 -1.4272071
106 -1.1908947 3.714325
168 -3.7138848 -1.5015647
261 -3.7967877 -1.6075616
15 -1.8784822 1.1091422
98 -3.681813 -1.4827707
214 -1.9763047 0.9274459
115 -1.1622243 3.8535185
268 -1.1968868 4.182242
17 -1.2338364 3.8752964
74 -3.5648346 -1.3496789
100 -1.2321203 3.983789
222 -3.7537227 -1.513782
147 -2.0296602 0.8806079
288 -3.719268 -1.3716329
172 -3.5690975 -1.3377898
230 -1.2737023 3.2204816
14 -3.582206 -1.4046971
29 -3.383684 -1.0857767
91 -1.8218864 1.277255
266 -2.0549307 0.9790482
