30 2
3 1.6003462 3.945432
29 4.775827 3.1543393
7 4.358419 3.1266084
2 -1.8177847 5.8496766
20 -1.1940763 5.3269997
0 1.0789609 4.122484
23 -2.3386211 6.251403
4 -1.8641194 5.7975125
14 -2.1501372 6.177354
5 1.8622795 3.806543
10 4.533779 3.1396868
25 5.3637905 3.0739696
24 1.9105417 3.9123905
15 5.920895 3.0349658
1 5.7260027 3.0705962
22 4.3597875 3.0993853
26 5.4419227 2.9577916
18 -1.0059996 5.039874
28 -1.5167496 5.4957128
11 1.3173907 4.061618
17 -1.5138191 5.573368
8 -1.2436011 5.360898
21 2.6345706 3.6697156
6 5.317768 2.9872665
9 1.1252282 4.1832547
12 5.4161043 3.0627882
16 1.2521468 4.1839533
13 2.5300975 3.6486325
19 -2.4464786 6.3804774
27 2.1013865 3.7201762
