30 2
16 3.9513967 1.434515
22 3.8697886 1.23302
4 3.9789608 0.8015676
27 3.9515069 5.803633
21 3.887963 4.457837
17 3.9889565 1.1795603
7 3.8030221 1.8486288
15 4.022836 1.0051463
19 5.3111515 -2.0612175
28 5.830606 -2.780171
1 3.855479 4.971175
10 5.2793155 -1.8687866
29 6.516257 -3.6906993
25 5.9223056 -2.9333026
2 4.1322412 6.0742817
6 6.062797 -3.0728464
13 5.2743077 -1.8661056
14 3.8955588 1.7429967
9 3.8479986 4.4240613
12 4.057031 6.0965443
8 5.9231143 -2.8401692
20 4.0810914 0.54232854
5 6.0906525 -3.3069894
23 6.5156126 -3.7892425
0 3.6962094 4.1652155
11 3.941909 5.597357
26 3.7399635 2.0155406
3 3.7250128 4.301612
18 3.8820405 0.95035034
24 3.737779 4.5153484
