30 2
1 3.6728818 5.114016
16 3.8961856 1.6350476
19 5.4025636 -2.0605063
7 3.7055666 2.121436
4 3.966613 0.8911833
23 6.656296 -3.4711692
21 3.6946888 4.4166307
22 3.8010607 1.6362324
28 5.873006 -2.7141879
14 3.7549624 1.9583819
15 3.9792728 1.3493007
8 5.955476 -2.663059
25 6.066008 -2.7705522
26 3.6730103 2.1861148
10 5.317547 -1.7586184
6 6.1414757 -2.97797
13 5.2749214 -1.8398199
0 3.6496522 4.4431386
5 6.222881 -3.0629838
20 4.0795364 0.5392575
17 3.9689195 1.3532448
2 3.8576205 6.252694
11 3.7626615 5.680343
18 3.807988 1.2364582
3 3.5891852 4.3285146
12 3.897209 6.1821465
29 6.925496 -3.639825
27 3.84704 5.975733
9 3.7413144 4.5865006
24 3.647892 4.620434
