30 2
22 3.6696167 1.8997169
3 3.1125574 4.5135565
21 3.134884 5.020139
14 3.5271327 2.2396102
4 3.8834743 1.4238696
28 5.93 -1.9180301
19 5.6820865 -1.4943749
1 3.1203403 5.4694724
25 6.2895064 -2.0575182
16 3.7493634 1.8315765
17 3.8260396 1.6949886
27 3.1628766 6.267184
10 5.3824334 -1.0919387
15 3.8203487 1.6208069
0 3.1102133 4.7052875
9 3.0977697 4.8501077
23 7.0414987 -2.7669375
26 3.3797193 2.7478979
11 3.093011 6.1416645
13 5.438491 -1.0919949
6 6.403468 -2.2456305
18 3.7640717 1.5168821
8 6.278428 -2.0345144
29 7.1651864 -2.9071193
20 4.0142365 1.015162
2 3.2868743 6.7463
12 3.1429212 6.561407
5 6.475035 -2.3611128
7 3.5316715 2.3726735
24 3.1782222 4.9635024
