30 2
1 3.7875712 5.045225
10 5.293 -1.8359219
21 3.8259091 4.515469
13 5.18769 -1.7671508
16 3.8309293 1.5652051
18 3.9390135 1.1012771
6 6.0002904 -2.982044
11 3.8936875 5.7576575
25 5.9855747 -2.8695378
22 3.9105947 1.3354385
4 3.9594576 0.8779651
26 3.81428 1.9520352
15 4.0859275 0.97120607
23 6.5604835 -3.677262
19 5.427229 -2.1067598
7 3.7219965 1.9712126
14 3.8531055 1.766942
20 4.121954 0.49532303
28 5.7816105 -2.764105
29 6.6258574 -3.7003388
27 3.9596374 5.849851
24 3.67202 4.5481105
3 3.7510817 4.2942457
8 6.011001 -2.8982697
9 3.7381263 4.4648376
2 4.054562 6.243772
0 3.679832 4.297913
17 4.090325 0.92662466
5 6.214729 -3.0825522
12 4.0211353 6.1803513
