30 2
7 4.473783 2.855213
2 -1.2659087 6.016707
1 5.912505 2.5978415
21 2.8887517 3.4733405
29 4.9086285 2.7979736
20 -0.87463033 5.4266214
5 2.14359 3.67412
4 -1.4739246 5.9445915
3 1.9909003 3.871552
24 2.1230593 3.7062068
18 -0.65540844 5.273097
6 5.5143228 2.6521585
14 -1.6514331 6.2163806
10 4.86078 2.8970141
8 -0.9885203 5.4426737
12 5.44824 2.6875243
15 6.1864295 2.6309767
23 -1.8283063 6.4138556
26 5.5988383 2.6068656
22 4.7165756 2.788836
27 2.3691375 3.6467154
25 5.76586 2.6254625
0 1.2466592 4.004861
28 -1.3211437 5.6953635
11 1.6708407 3.870211
9 1.4857136 4.054175
16 1.5498409 4.1044884
17 -1.1849592 5.7610025
19 -1.9143364 6.4938054
13 3.0507443 3.3697765
