30 2
21 3.425046 4.7202315
1 3.384877 5.1720414
7 3.6168904 1.9359108
10 5.390662 -1.5322663
16 3.7787614 1.6970271
6 6.2832074 -2.6991036
15 3.9119844 1.2361685
22 3.7917242 1.6277306
12 3.620984 6.479824
4 4.0689673 0.889252
23 6.790318 -3.2167556
26 3.6923683 2.0396733
17 3.9356694 1.3703431
3 3.4859989 4.3966174
19 5.431843 -1.478739
2 3.6429687 6.423468
13 5.4130836 -1.6187912
8 6.165344 -2.6337073
0 3.4602642 4.64158
14 3.7857893 1.8963174
27 3.5707402 6.1708155
25 6.0992446 -2.4679623
20 4.1279955 0.68361664
28 5.9369025 -2.3037424
9 3.4539785 4.6927767
29 6.8666997 -3.2778342
11 3.5443437 6.05775
18 3.8391316 1.2017615
24 3.4494095 4.840747
5 6.3727865 -2.699305
