30 2
21 3.426194 4.7541933
22 3.6807613 1.7821128
1 3.379817 5.2437115
16 3.901198 1.653455
15 3.9672425 1.2377805
19 5.2972302 -1.5038912
28 5.934072 -2.2772675
6 6.3203216 -2.6604705
20 4.1008444 0.865129
13 5.4411197 -1.5808319
10 5.347478 -1.4000341
7 3.5552676 2.1977706
4 3.975157 0.9952436
14 3.7752929 1.8910761
18 3.8267605 1.3207852
12 3.6537418 6.4347825
26 3.6145349 2.335973
17 3.9125218 1.3887985
29 6.92608 -3.2047355
23 6.826426 -3.3146248
25 6.212448 -2.4930718
8 6.1119747 -2.415911
11 3.5113282 6.114188
27 3.4819875 6.174583
3 3.4012663 4.4082966
9 3.4580686 4.661894
24 3.3916032 4.7212014
0 3.4700427 4.7049346
2 3.6790285 6.4937363
5 6.3816237 -2.7037582
