300 2
8 -2.0402298 0.72698057
150 -2.1678903 0.54628426
63 -2.021587 0.8518701
252 -2.0631678 0.6606371
209 -3.3895953 -1.207334
174 -2.099764 0.63402617
195 -1.3309374 3.6455731
32 -3.3570158 -1.1727561
295 -3.3053622 -1.1071686
253 -1.9489206 0.9783087
55 -2.0612652 0.762809
131 -3.4400222 -1.3166977
18 -1.9869659 0.8134327
67 -1.3318583 3.3349528
154 -3.9144988 -1.683122
158 -1.3086762 3.7497408
211 -2.0053554 0.9636186
46 -1.3545063 4.1080117
116 -1.3853639 3.6054528
166 -1.2994078 3.9025376
262 -2.0506475 0.6360868
169 -1.2764394 3.4738
84 -1.3672807 3.8658688
151 -1.9317826 1.0628139
108 -1.8943151 1.169629
127 -1.9898012 0.914666
218 -1.929211 1.0169603
161 -2.0453537 0.71664107
35 -2.119113 0.5893579
263 -1.9075896 0.9633344
114 -2.15734 0.59395254
129 -1.9124513 1.0368451
147 -2.0639284 0.763076
259 -3.4833243 -1.367969
265 -1.2820829 3.7850819
204 -3.709697 -1.68044
83 -1.9834392 0.8789385
251 -1.3395697 3.8325226
236 -1.3200487 3.3523173
3 -1.2427771 3.9612377
286 -1.2983229 3.943965
183 -1.9246628 1.1199477
289 -3.6182683 -1.4801674
136 -4.0809097 -1.9163272
102 -1.96393 0.9275864
7 -1.335624 3.2371044
153 -3.2944148 -1.2121992
27 -3.6557956 -1.5069153
33 -1.8596189 1.1200656
49 -2.061333 0.8044963
124 -1.3382839 4.133873
282 -2.093909 0.72344553
29 -3.8848336 -1.7236825
44 -3.355232 -1.2409883
177 -1.9943224 0.84730744
168 -3.6946502 -1.4951767
89 -1.9803134 0.9073591
175 -2.1194313 0.6145233
238 -1.2426658 3.7810323
240 -2.1827552 0.45281935
96 -1.2608703 3.9985135
281 -2.0834527 0.71194273
109 -3.9225874 -1.7294548
42 -1.3910729 3.8969758
104 -1.884327 1.0631061
144 -1.3443123 3.518827
187 -3.6553774 -1.4865721
287 -3.9007733 -1.7831408
140 -1.9802969 0.8738425
66 -1.2583684 4.123706
11 -2.0184193 0.7514787
133 -3.5787492 -1.4073213
125 -1.3010703 3.6343908
290 -1.2841692 3.644347
159 -1.3185811 3.944057
23 -2.0152087 0.8048535
234 -1.9290324 1.047061
25 -3.5502644 -1.4296707
242 -2.04786 0.7100454
53 -1.2806243 3.717562
40 -3.8412266 -1.6921706
225 -1.2378516 3.9414947
205 -1.353908 3.3348272
213 -1.9985641 0.8339733
93 -1.2861613 3.6312144
128 -2.0317194 0.7699376
110 -3.254318 -1.1094394
190 -1.9122554 1.0362395
199 -1.9267702 1.0090908
274 -1.8599201 1.207181
81 -1.3457283 3.5568705
48 -4.023016 -1.8409846
111 -3.410247 -1.3112179
228 -2.0628293 0.7759401
47 -1.2733608 3.4246416
95 -4.1086874 -1.8919343
201 -1.9926748 0.9047372
267 -3.5002432 -1.4021556
197 -1.3063716 4.0114384
94 -1.9781368 0.8016702
98 -3.4339497 -1.2780656
233 -2.0360494 0.7721817
237 -1.279377 3.9609816
207 -1.3207172 4.103343
276 -1.9134716 0.90982306
135 -3.3374975 -1.2402514
245 -3.411753 -1.253161
75 -3.5044596 -1.3910564
105 -3.1038969 -1.005114
123 -1.3371022 3.5128095
189 -1.3348088 3.3076446
134 -1.9903879 0.8894065
162 -1.8697325 1.1853817
255 -1.9264221 1.0312777
2 -3.6930592 -1.585698
36 -1.2918658 3.8590715
121 -2.0873532 0.6411808
271 -1.313639 3.858332
212 -1.3033977 3.911202
293 -2.0185168 0.90262014
176 -1.261215 3.3860238
71 -2.0337322 0.76157594
99 -1.3183514 3.5914273
294 -3.510256 -1.3873367
215 -1.3495114 3.8259947
219 -3.755266 -1.5895914
130 -1.2451326 4.054478
248 -3.7496274 -1.4968987
17 -1.3043385 4.245025
258 -2.0402873 0.7736459
203 -3.824055 -1.7586365
103 -1.2279484 3.6451237
173 -2.0011911 0.8430506
217 -1.2854187 3.7690535
143 -1.2927929 3.4004807
277 -1.8317114 1.153149
247 -1.2989695 3.688066
256 -2.1209347 0.5790423
5 -1.8880926 1.1618412
21 -1.3077837 3.6719892
9 -2.0274098 0.8468713
56 -1.9753935 0.8508482
60 -1.965118 0.9425555
69 -1.2814769 3.665643
87 -2.063206 0.69108427
86 -3.5177767 -1.4346172
292 -3.5501575 -1.4816341
229 -1.8130583 1.2151064
171 -1.9559671 0.9277306
226 -1.2877519 3.9809132
270 -3.6310728 -1.450677
0 -1.2756417 3.7563257
82 -3.7379572 -1.5851618
291 -1.8513838 1.2201166
88 -1.2984217 3.9167483
41 -1.2851685 3.796939
72 -3.2734473 -1.2600785
78 -1.3042536 3.9173691
220 -3.7439797 -1.5973091
232 -3.9098556 -1.7065017
231 -1.896683 1.0386196
192 -3.3485043 -1.2036611
214 -1.9338769 0.99070466
221 -3.7089055 -1.6117696
167 -1.2667732 3.7809234
6 -2.010617 0.9024462
296 -3.6646812 -1.522849
12 -1.9231951 1.0355872
77 -1.3193989 3.1221735
20 -1.3399018 3.4844997
139 -3.8901927 -1.7650317
37 -3.6122324 -1.4258595
50 -3.0865796 -1.0110755
51 -3.3895173 -1.2333478
65 -3.5467584 -1.4591964
73 -1.8740953 1.1143594
132 -1.2711647 3.4525347
156 -1.3241752 3.8644898
107 -1.9766518 0.88805467
222 -3.7255223 -1.4693781
157 -3.7075725 -1.5056664
160 -3.8872547 -1.6582239
244 -2.164373 0.53389144
191 -1.3291063 3.6565034
298 -2.0776286 0.74744767
4 -1.3403834 3.4417622
208 -3.670922 -1.567308
31 -1.3168012 3.8844893
106 -1.3615861 2.9748616
52 -1.9529877 0.9884541
59 -3.6894596 -1.5773879
241 -2.0269923 0.89034975
92 -1.3568991 4.576248
180 -2.0095518 0.90367883
120 -3.6651452 -1.4290743
149 -1.9907252 1.025695
185 -3.6712296 -1.5552742
254 -3.8094356 -1.6795759
24 -1.2991121 3.7303336
178 -3.6315339 -1.4781411
64 -3.4341736 -1.3138092
198 -3.309419 -1.1900804
45 -1.3230566 3.4786234
155 -3.8480597 -1.6893219
68 -1.2961818 3.4232981
101 -1.9074141 0.97254044
182 -3.548494 -1.3686509
288 -3.8697424 -1.6928167
188 -2.242813 0.46078056
275 -2.0536785 0.84252197
206 -3.522232 -1.4690691
179 -1.3408166 3.9298844
15 -2.043978 0.78330445
54 -3.6904962 -1.6210579
19 -1.3166176 3.6943393
39 -1.9928195 0.81563246
141 -3.6457791 -1.5501387
61 -2.0864463 0.70282555
261 -3.7638006 -1.5978034
126 -1.9945784 0.833035
224 -3.7125037 -1.5591809
272 -1.3476144 3.221535
243 -1.9426328 1.0277268
268 -1.3152008 4.099762
1 -3.738012 -1.5468336
246 -1.2940813 3.8706717
239 -1.332891 3.5857291
165 -3.6351762 -1.5021206
223 -3.9272206 -1.655344
43 -1.9327197 1.0076395
90 -3.4386628 -1.3366562
58 -3.6311052 -1.4511603
118 -1.2896211 3.8439755
115 -1.2788532 3.7768862
202 -4.1149235 -1.9834626
269 -3.2079463 -1.1202638
13 -2.0454843 0.849246
22 -1.277509 4.1117597
249 -3.9220848 -1.784498
38 -1.3246399 3.3729439
85 -3.924148 -1.6531516
137 -1.2585074 3.6670218
280 -2.033623 0.89029175
113 -1.9810289 0.89538556
117 -1.958308 0.95842105
152 -3.6500046 -1.4236398
146 -3.9459138 -1.7863516
284 -3.4974306 -1.4684286
10 -1.2543412 3.8837366
250 -3.762636 -1.5320414
264 -4.048992 -1.8755939
28 -3.6204357 -1.5770321
235 -1.2817905 3.2702904
299 -1.3369229 3.8735185
172 -3.6979935 -1.5734588
14 -3.611196 -1.5001328
16 -3.7750783 -1.653115
285 -1.2747049 3.8129723
210 -1.2044771 3.5913138
230 -1.3814765 3.1797287
112 -3.734098 -1.6146606
74 -3.2166328 -1.0412475
76 -1.3652651 3.9551363
79 -3.732834 -1.5395284
194 -1.9729258 0.94175667
257 -1.2873175 4.1991687
148 -3.800079 -1.6712177
181 -3.6045983 -1.4743284
100 -1.2835133 3.8757827
283 -1.2668732 4.1794
170 -1.956405 0.9880978
145 -3.8914466 -1.6982464
163 -2.167208 0.5348826
164 -3.8799634 -1.6696522
62 -3.7129605 -1.5622642
184 -3.703695 -1.5466379
80 -1.3097928 3.9539504
34 -2.0225658 0.97549784
142 -1.3398597 3.8937607
193 -3.608052 -1.4030231
279 -2.0557296 0.8100348
278 -1.3296384 3.5282955
196 -1.3255715 3.7744892
200 -1.3011628 4.189171
138 -1.3203052 3.6955075
119 -1.2381513 3.292944
91 -1.9349152 1.0756307
297 -1.3101659 3.7839913
30 -1.3608235 3.3685894
186 -2.070286 0.8975445
273 -3.4600496 -1.378748
260 -3.9973087 -1.8137065
97 -2.0951436 0.5897932
216 -3.6792407 -1.6027927
122 -1.3165809 3.9868343
57 -2.0433211 0.84766054
26 -1.3114885 3.3984444
266 -2.0633416 0.838733
227 -1.3119074 3.518281
70 -1.3107154 3.7189126
