30 2
1 3.8056707 4.98501
4 4.0436554 0.8798075
16 3.9069982 1.4921559
14 3.8356588 1.7186153
8 6.0070906 -2.9222944
12 4.011719 6.203069
15 4.095339 0.9943198
19 5.420431 -2.0914834
10 5.240551 -1.8363087
22 3.8810925 1.3101795
28 5.8098035 -2.7963555
21 3.8265562 4.413739
23 6.648331 -3.6896777
13 5.2500515 -1.8763968
27 3.9035203 5.893996
17 4.065937 1.024137
7 3.707655 1.9762669
20 4.10913 0.5198386
6 6.0305543 -3.0201614
2 4.003918 6.2245836
5 6.1969304 -3.2206514
18 3.8821683 1.0934638
24 3.7816148 4.542194
26 3.7851377 1.9012485
3 3.7775266 4.3503785
29 6.5989213 -3.619122
0 3.7338364 4.297133
11 3.945509 5.753697
9 3.788928 4.5848484
25 5.9275494 -2.9283123
