30 2
7 3.5005655 3.9374628
14 -3.24887 5.475615
5 0.9822812 4.089101
29 3.874033 4.189654
18 -2.2189682 4.808721
2 -3.0585907 5.373024
12 4.772508 4.1701403
25 4.79525 4.215168
20 -2.308527 4.8847384
1 5.0988164 4.2068343
3 0.8395275 4.1818395
4 -3.110195 5.3049293
21 1.7301059 4.1717453
24 0.95188254 4.2132525
0 0.06630072 4.2405686
10 3.763323 4.0030212
11 0.57465404 4.207505
6 4.389088 4.020927
28 -2.5604482 4.9698195
23 -3.5903316 5.6113563
26 4.670971 4.052089
15 4.996434 4.251346
22 3.6055107 3.9704604
9 0.3078681 4.3845615
19 -3.6970906 5.6186423
8 -2.3786607 4.9384856
13 1.8304914 4.082538
16 0.21136259 4.420005
17 -2.9166095 5.2932754
27 1.1988888 4.1390996
