30 2
10 5.446678 -1.6090189
16 3.8391657 1.6077601
15 3.8921716 1.4566151
8 6.156864 -2.3852813
6 6.283651 -2.579541
7 3.6137025 2.0918453
21 3.365555 4.8867
25 6.186248 -2.4611754
19 5.4317427 -1.4651413
28 6.017238 -2.348888
23 6.833125 -3.0970974
22 3.7646012 1.7444669
1 3.3628576 5.255898
13 5.545025 -1.6321101
4 3.9395554 1.2533953
20 4.046207 0.94103795
2 3.5694938 6.6417637
0 3.3096313 4.685462
14 3.7690184 1.7706732
3 3.3927848 4.4587607
5 6.4038987 -2.5699987
27 3.482044 6.0627556
17 3.9515696 1.4403892
11 3.570343 6.036268
26 3.6263864 2.2424233
9 3.3921173 4.832579
18 3.8662686 1.323242
29 6.951234 -3.1882095
12 3.5088224 6.5505075
24 3.3837748 4.72223
