300 2
158 -1.4128536 3.6862512
108 -2.025134 0.8203608
154 -3.918374 -1.885854
6 -2.147604 0.60367715
44 -3.1487172 -1.1499251
130 -1.357187 3.7155526
12 -1.9426191 0.97824174
76 -1.4362146 3.9729958
105 -3.232433 -1.1792886
9 -2.0259364 0.8757244
51 -3.6467507 -1.5738801
168 -3.631641 -1.630535
13 -2.1180634 0.71852463
246 -1.4177697 3.8833942
45 -1.3559452 3.5081887
235 -1.4078254 3.5759425
149 -1.9851068 0.86578035
243 -2.118042 0.6254392
31 -1.4073755 3.5126832
116 -1.3920332 3.4484868
127 -1.9668308 0.8032663
128 -2.122261 0.61991453
233 -2.1130438 0.6392282
64 -3.5427177 -1.6592813
179 -1.4039463 3.491923
65 -3.526955 -1.5574336
16 -3.948053 -2.0063853
189 -1.4176444 3.3125916
124 -1.4521979 4.1801486
252 -2.1408503 0.5048617
297 -1.4146132 3.7871788
43 -2.0096126 0.8044139
83 -2.0854828 0.7201947
268 -1.3816619 4.081355
38 -1.3801961 3.7317665
50 -3.2236557 -1.197634
166 -1.404673 3.866588
259 -3.447622 -1.5663055
260 -4.0174904 -1.95278
192 -3.4613974 -1.4648054
251 -1.4385096 3.7324755
90 -3.6402338 -1.6480911
77 -1.4116297 3.196917
256 -2.2480216 0.34248444
274 -1.9962069 0.8768114
99 -1.3628594 3.43927
284 -3.179283 -1.2701194
247 -1.4355965 3.3397534
8 -1.9750323 0.72574687
134 -1.9981662 0.996871
206 -3.5947616 -1.5149117
242 -2.0200717 0.9019194
278 -1.3938454 3.479521
193 -3.6749089 -1.7265602
295 -3.4588306 -1.4847043
276 -1.9586068 0.88556063
167 -1.4355986 3.8786533
172 -3.7926626 -1.796868
41 -1.415801 3.834434
277 -2.0289416 0.907826
103 -1.3040676 3.7152448
148 -3.743116 -1.6769943
53 -1.4550326 3.7401888
253 -2.0533671 0.7691838
217 -1.3884689 3.8967218
186 -2.060406 0.85930365
215 -1.3919705 3.4201322
175 -2.0298114 0.79420835
289 -3.6036177 -1.6631237
28 -3.466766 -1.5093288
122 -1.4280648 4.0767174
157 -3.480154 -1.4956456
79 -3.575811 -1.5916812
181 -3.566471 -1.513021
241 -1.998149 0.93564266
169 -1.4010493 3.922346
174 -2.0122046 0.7457936
23 -2.0248222 0.82843554
78 -1.4012642 3.7864187
286 -1.4323488 4.0041113
113 -2.1311579 0.520707
30 -1.4165663 3.8054152
97 -2.0881577 0.7429349
91 -1.8507024 1.3977724
129 -1.8970954 1.0395709
209 -3.2468762 -1.2983242
208 -3.5785637 -1.5921625
95 -4.258193 -2.1891923
287 -3.5748732 -1.6095154
156 -1.4200325 3.7093754
262 -2.0884917 0.7349945
42 -1.3811626 3.783307
56 -1.9886539 0.9403428
67 -1.307405 3.5407445
185 -3.6023438 -1.5844852
114 -2.1299534 0.55355895
288 -3.5900724 -1.598811
0 -1.4266566 3.1184936
135 -3.4239128 -1.305644
37 -3.6526701 -1.6916016
188 -2.1225536 0.6111129
212 -1.3568246 3.8863375
52 -2.0776243 0.66994834
63 -2.0064545 0.8648868
178 -3.248411 -1.2678317
238 -1.4151251 3.557077
117 -2.003395 0.8814467
120 -3.3590872 -1.4068848
283 -1.3600035 3.7366657
234 -2.0421903 0.7928131
11 -2.2065623 0.41365442
89 -2.0305777 0.81769377
34 -1.9861038 0.97184366
25 -3.8366687 -1.909731
26 -1.3755542 3.4560804
35 -2.0323265 0.81714493
267 -3.0534518 -1.0792497
70 -1.4181172 3.9291284
222 -3.5867002 -1.6525675
133 -3.56418 -1.5109466
106 -1.3702034 3.679391
112 -3.2838387 -1.2536839
138 -1.3461239 3.7643151
298 -2.0124576 0.85160834
202 -4.375921 -2.3044615
177 -2.0772278 0.6491398
229 -1.8335549 1.2844529
244 -2.118485 0.57585496
4 -1.3724525 3.5132024
86 -3.5212107 -1.586507
27 -3.5871193 -1.6577268
200 -1.4314507 3.8767798
155 -3.9067345 -1.8962001
299 -1.4011507 3.368914
270 -3.7106807 -1.7237607
60 -2.0325558 0.85040516
261 -3.7592764 -1.7394135
210 -1.3995992 3.8380363
96 -1.3417125 3.6895316
165 -3.7908332 -1.7607219
221 -3.6425588 -1.7020967
163 -2.1233501 0.46746078
226 -1.3754151 3.8125367
18 -1.9853806 0.90531105
46 -1.3914073 4.2695823
47 -1.3650552 3.3101487
59 -3.7042053 -1.7528961
220 -3.71808 -1.7619395
68 -1.4033017 3.7707877
195 -1.3492974 3.6621282
258 -2.046463 0.8810292
110 -3.3360333 -1.3169851
151 -1.937161 0.9316829
214 -2.0314727 0.78342074
230 -1.4714975 3.3741663
1 -3.6683772 -1.6802492
216 -3.8432398 -1.8779497
54 -3.7707014 -1.7601885
3 -1.3809332 4.045421
5 -1.986573 1.0223603
271 -1.3819205 3.7361174
159 -1.4474325 3.6603994
100 -1.4091353 4.0921726
132 -1.3670417 3.5423663
152 -3.6664188 -1.6937094
80 -1.4497335 3.604708
111 -3.5013876 -1.4923748
136 -3.971807 -1.8900551
228 -1.9450651 0.93483627
147 -2.0111825 0.7825791
170 -1.9535866 0.84442705
180 -2.01966 0.85047734
291 -1.9204257 1.0074679
20 -1.4791138 3.7706873
29 -3.1659632 -1.1625376
196 -1.4010923 3.4610157
144 -1.401794 3.337712
71 -1.9635415 1.027054
237 -1.3636346 3.6740685
279 -2.1309204 0.6285736
213 -2.062686 0.64198464
257 -1.4474787 3.978115
240 -2.2035987 0.39310536
269 -3.3335426 -1.3085765
294 -3.4957337 -1.4696447
2 -3.4009192 -1.3462582
205 -1.4161774 3.2869325
7 -1.3956704 3.5505161
24 -1.365813 3.59004
219 -3.55445 -1.5627114
232 -3.6698658 -1.6411674
249 -3.9909282 -2.0000687
194 -1.9711708 0.9400218
72 -3.2230475 -1.1973963
81 -1.3893387 3.879033
255 -2.0194752 0.91348064
197 -1.470456 4.362528
231 -1.8540343 1.1346239
296 -3.9263303 -1.8909681
15 -2.0611806 0.84665406
21 -1.4630501 3.86371
199 -1.9965739 0.9388606
121 -2.073904 0.8275668
82 -3.5495188 -1.5212474
280 -2.0897002 0.7001705
275 -2.0223837 0.78442496
198 -3.2845616 -1.3441132
17 -1.3546987 4.14949
22 -1.388685 3.8527832
36 -1.3568305 3.9505153
107 -1.9723883 0.91523284
164 -4.029824 -2.0107105
126 -2.01725 0.8995178
173 -2.0183148 0.93113416
183 -1.8438433 1.1557786
285 -1.3656859 4.1117654
265 -1.3508126 3.2800956
161 -2.039127 0.8266066
14 -3.4808173 -1.4627818
101 -2.035957 0.73074025
19 -1.3579215 3.3984265
32 -3.3721976 -1.3744398
57 -1.9726809 0.90737635
69 -1.4066846 3.7460713
227 -1.4160559 3.403918
87 -1.9268844 1.0036157
88 -1.4122671 3.4212224
102 -1.9187617 0.96060324
109 -3.767152 -1.8059207
123 -1.4237372 3.722832
239 -1.4290295 3.6658936
146 -3.6947367 -1.7594941
141 -3.542463 -1.6198696
201 -2.043589 0.8453965
263 -2.0440764 0.7198618
218 -1.964609 0.95220405
10 -1.3870382 4.318785
39 -2.0373664 0.7821651
225 -1.4075588 3.8018184
142 -1.4006096 4.373002
125 -1.424231 3.6438007
292 -3.6904387 -1.7971444
150 -2.1279917 0.5791494
119 -1.4199896 3.4351983
66 -1.3996786 3.9555511
84 -1.4152634 3.2767432
115 -1.443514 3.6331108
153 -3.377731 -1.414682
94 -1.9820639 0.9180577
33 -1.8594428 1.1686685
58 -3.8843052 -1.8834863
236 -1.3820071 3.080882
85 -3.9149969 -1.8500587
204 -3.6985493 -1.620383
104 -1.9997412 0.8160982
190 -2.0109556 0.92474556
62 -3.5105653 -1.4785876
92 -1.3932241 4.4566936
207 -1.421527 3.7648144
273 -3.3748007 -1.5034863
162 -1.9205701 1.0465618
182 -3.461873 -1.4900142
191 -1.4586991 3.5942543
290 -1.4293727 3.5672503
211 -2.0946345 0.6895835
48 -3.9360168 -1.9976432
49 -2.045666 0.8712188
75 -3.4975333 -1.4509089
98 -3.4909275 -1.5331318
143 -1.4207367 3.5716732
137 -1.4195735 3.5635948
184 -3.6277049 -1.6521974
171 -2.0655982 0.78634834
55 -2.0623035 0.6830845
282 -2.0999854 0.58649457
245 -3.6282325 -1.6791962
272 -1.4105436 3.2585166
139 -3.7260654 -1.8468428
61 -2.0304735 0.70624
93 -1.4282248 3.4326653
140 -2.1571305 0.52635854
264 -3.6772559 -1.7177624
281 -2.0064976 0.85219073
223 -3.8351278 -1.8365166
248 -3.7443051 -1.8459473
73 -1.9315366 0.9256284
203 -3.6061952 -1.6312689
293 -2.1392932 0.59059083
145 -3.677913 -1.7006153
224 -3.6538067 -1.6525389
187 -3.4609022 -1.3841987
176 -1.4428236 3.2645857
160 -3.735327 -1.757942
250 -3.6543307 -1.7351514
74 -3.3841517 -1.4374886
254 -3.6587393 -1.6318322
118 -1.4125235 4.1614456
266 -2.0111392 0.7841492
131 -3.412582 -1.5031384
40 -3.5983071 -1.5714121
