30 2
1 3.780026 5.016333
4 3.9643216 0.8881607
15 4.0757303 0.99671036
22 3.8868823 1.3174026
19 5.284661 -2.095148
26 3.7699702 1.9838277
20 4.0498805 0.5231644
25 6.027439 -2.9678855
21 3.810579 4.5018744
14 3.7948725 1.7473981
16 3.9637742 1.5079296
17 4.0044265 1.2250831
23 6.5826507 -3.732212
7 3.746721 1.7731903
8 5.963073 -2.8367314
11 3.9160058 5.7350283
27 3.9757388 5.8179917
10 5.3454423 -1.9368919
6 6.0034842 -3.065746
28 5.7984605 -2.8183608
12 4.0963655 6.095357
18 3.8916562 1.133276
0 3.7003808 4.1870165
13 5.2955394 -1.9393237
24 3.7545967 4.576188
29 6.560037 -3.5865397
3 3.802804 4.2490234
5 6.222278 -3.262201
9 3.7924612 4.419629
2 4.132252 6.1618595
