30 2
7 4.351242 3.0320034
29 4.8029823 3.070795
4 -1.6709212 5.8349633
18 -0.7767016 5.1689587
3 1.8057197 3.9246764
2 -1.4933006 5.8620596
14 -2.028019 6.132555
25 5.6183624 2.8617811
20 -1.0079044 5.3083735
1 5.7909384 2.8435655
6 5.3413568 2.8265924
5 2.115077 3.6916823
11 1.3755065 4.059632
22 4.4264674 2.909537
0 1.20855 4.0461216
8 -1.1028819 5.330603
24 2.0135734 3.8112402
16 1.3630079 4.135376
23 -2.2802632 6.498633
10 4.5649486 3.044148
21 2.7921774 3.5605032
26 5.536046 2.799779
13 2.7338123 3.5811055
27 2.2903657 3.5786746
15 6.0562515 2.8849218
19 -2.1938586 6.404909
9 1.3884574 4.1507344
12 5.4134216 2.9355516
17 -1.4805187 5.734658
28 -1.2577229 5.5592923
