30 2
22 3.6370075 1.8911024
21 3.0566335 5.005584
7 3.391812 2.499889
8 6.3928766 -2.022274
10 5.476245 -0.917862
16 3.65165 2.0457118
1 2.9049387 5.605263
12 2.9323547 6.644205
13 5.4486485 -0.9722534
26 3.3780158 2.5019445
15 3.8663661 1.5919243
6 6.4173913 -2.0296545
3 3.0608423 4.6893234
4 3.8700333 1.3635558
20 4.006282 1.0304807
25 6.298023 -1.8312688
29 7.1177363 -2.58365
28 6.176301 -1.7527857
27 2.9845505 6.37166
17 3.8459897 1.6544515
0 2.9233208 4.8028784
14 3.5681145 2.327718
19 5.546131 -1.0819752
18 3.7262096 1.5334051
23 7.1737356 -2.5994153
5 6.6146107 -2.1775553
24 2.9690423 4.9653163
9 2.9468746 5.152113
11 2.959007 6.245481
2 3.078561 6.8994417
