30 2
22 3.8648555 1.3769726
21 3.7467191 4.5576324
28 5.8263493 -2.8567927
16 3.9511933 1.4826589
14 3.8407924 1.72183
19 5.3928 -2.0256019
4 4.0539374 0.8425243
1 3.7921965 5.0827055
17 4.0597496 1.046621
27 3.901722 5.806363
23 6.561902 -3.6396751
18 3.9345002 1.0541614
8 5.952693 -2.9688022
10 5.174578 -1.7785869
6 6.0167136 -3.1175826
11 4.0088778 5.742671
26 3.7514055 2.0560675
15 4.0558763 1.1441274
20 4.136326 0.56192046
7 3.7139986 1.9148419
9 3.7573016 4.595046
25 6.0810494 -2.8117757
13 5.1528397 -1.8517556
0 3.6573093 4.3239794
12 3.9750369 6.244303
24 3.7237885 4.4938397
2 4.0422497 6.1681676
29 6.712299 -3.6648173
3 3.7582629 4.241546
5 6.1462855 -3.082454
