30 2
29 4.007437 4.104069
14 -3.215422 5.491902
7 3.6772106 3.928093
3 0.86723036 4.208994
20 -2.353982 4.984792
10 3.7255075 4.01944
5 0.9187252 4.038929
2 -2.9962502 5.434913
1 5.1504784 4.219711
19 -3.581755 5.7009115
25 4.781023 4.1484118
0 0.14383405 4.250035
24 0.97362196 4.1041136
21 1.7054424 4.0738583
16 0.1698094 4.400105
4 -3.0403056 5.3854723
12 4.8388915 4.142022
18 -2.103272 4.863129
6 4.490788 4.028668
11 0.60304475 4.126266
15 5.0410957 4.266996
23 -3.5030882 5.67892
26 4.770666 3.9873576
28 -2.3641546 4.920205
8 -2.3703458 4.9509506
17 -2.9323943 5.297184
22 3.7816477 3.9394865
9 0.3722328 4.231727
27 1.2904844 4.152553
13 1.8792877 4.0590806
