30 2
22 3.6564124 1.8482857
1 2.9269161 5.570139
4 3.8629956 1.3833804
28 6.187772 -1.8465391
17 3.839765 1.7455595
16 3.609779 2.080641
19 5.496825 -1.1340249
15 3.8408334 1.7015196
7 3.4387965 2.437928
10 5.429035 -0.9765759
20 4.028973 1.1219239
14 3.5564368 2.258863
8 6.385575 -2.0679479
6 6.4416966 -2.02821
0 2.953046 4.743731
23 7.1763625 -2.6453938
12 3.0019305 6.590176
25 6.2982383 -1.8254303
11 2.9484794 6.248028
21 3.038774 5.0209737
26 3.374566 2.5458498
24 3.0010815 4.91233
3 3.035332 4.6626034
29 7.146911 -2.5586061
5 6.5439653 -2.1875956
2 3.0919611 6.931385
18 3.7200215 1.6326268
27 3.02631 6.344601
13 5.51742 -1.0966284
9 2.9326224 5.108889
