30 2
14 3.7929575 1.7939742
7 3.590213 2.076473
1 3.412357 5.1966653
10 5.438717 -1.450017
28 6.0099773 -2.3745027
22 3.778639 1.8613596
8 6.134896 -2.4461353
21 3.442051 4.843046
0 3.345785 4.6485887
16 3.8917985 1.582954
4 3.9415853 1.1470325
18 3.8690667 1.2854507
17 3.9611008 1.462033
23 6.872469 -3.161821
13 5.4947357 -1.6405498
25 6.1718554 -2.4253354
26 3.654009 2.236105
27 3.4502494 6.1196895
20 4.060294 0.8698568
19 5.4167686 -1.5352371
2 3.5891547 6.5699363
15 3.9393544 1.3988051
12 3.5453875 6.4752884
29 6.8959804 -3.2043204
6 6.2206235 -2.574394
9 3.4782786 4.8859735
3 3.3351243 4.424554
11 3.464026 6.122726
5 6.3619223 -2.5638762
24 3.4533286 4.7299137
