30 2
14 -2.9959185 5.7064524
5 1.132089 4.0309124
7 3.7549095 3.7338324
29 4.2313914 3.9066749
4 -2.5751104 5.490301
20 -2.0307825 5.1342463
21 2.0893066 4.026205
22 3.9758244 3.6716225
18 -1.8479477 5.0085015
3 1.048212 4.105979
25 4.8849616 3.9451795
12 4.702194 3.852122
2 -2.698738 5.5373106
1 5.2354536 3.8245656
10 4.017467 3.8391814
6 5.015904 3.7313921
15 5.168786 3.9596794
0 0.3479943 4.1974764
16 0.5018118 4.2623053
24 1.3462275 4.069049
11 0.83085537 4.1797833
23 -3.1035213 5.761907
9 0.5414948 4.3456078
26 5.0263386 3.7106848
8 -2.019432 5.0549912
17 -2.588835 5.415984
27 1.4378664 4.075361
28 -2.2272155 5.200646
19 -3.2530036 5.871785
13 2.3231192 3.8749123
