30 2
29 4.6604815 3.4052603
1 5.6946406 3.3099887
2 -1.9751881 5.809758
7 4.250806 3.252959
14 -2.4028208 5.923617
3 1.5127449 4.0382686
5 1.4583247 3.8799803
18 -1.2208216 5.117024
24 1.5610467 3.9632404
0 0.6761871 4.278343
22 4.4926276 3.2540464
4 -2.1716914 5.7850666
23 -2.6479437 6.135101
10 4.412993 3.4660287
8 -1.5370876 5.2810245
19 -2.6829119 6.2523313
15 6.042394 3.3281124
20 -1.3773593 5.201687
25 5.5008383 3.2560117
12 5.0902324 3.3252263
11 1.1060275 4.06742
28 -1.4842453 5.3651633
6 5.0734234 3.1988235
16 0.97848564 4.3048706
17 -1.7906018 5.54637
21 2.3670223 3.8452272
26 5.165202 3.2426484
27 1.9178927 3.8573854
9 0.83385956 4.273744
13 2.3105268 3.754765
