30 2
5 0.95221895 4.079679
29 3.988654 4.071027
7 3.6912096 3.9031036
4 -2.9981363 5.370735
2 -2.881752 5.4398675
25 4.8380604 4.105731
20 -2.3770447 5.0351357
10 3.6918113 4.033817
0 0.1798126 4.2451615
14 -3.1990812 5.554608
6 4.608404 3.9540706
18 -2.0164893 4.8517604
24 1.1772455 4.098917
23 -3.4987495 5.6596885
3 0.8280253 4.22903
26 4.771982 4.0000744
15 5.0344915 4.1678524
27 1.3689454 4.158322
28 -2.3926609 5.004579
9 0.37042987 4.2981453
13 1.9652394 4.0555167
17 -2.8524363 5.3607407
1 5.2011204 4.1316824
11 0.6638783 4.1146536
19 -3.5964046 5.668853
21 1.7336092 4.115781
8 -2.2578135 4.920436
22 3.6567779 3.8919027
12 4.788033 4.1474233
16 0.22716653 4.395915
