30 2
29 4.36831 3.8347294
7 3.8181846 3.6496625
3 1.3746804 4.0714064
1 5.394566 3.6693814
25 4.908404 3.6930578
21 2.2468429 3.938766
18 -1.7646399 5.0755925
23 -3.0097363 5.901768
0 0.62304205 4.2172627
20 -1.8805779 5.1225867
10 4.063953 3.6776161
2 -2.523164 5.711628
6 4.9218698 3.6198373
14 -2.8097174 5.7177486
8 -1.9644784 5.1617756
11 0.9265047 4.1660986
4 -2.4864488 5.5316772
5 1.410212 3.964107
24 1.2538513 4.0738716
22 4.0078907 3.6351104
28 -2.0628357 5.1955533
19 -3.1217093 5.864731
12 4.7951636 3.6649075
13 2.2259896 3.8749416
15 5.5387692 3.7175326
9 0.5384565 4.310311
27 1.5752404 3.9045947
26 5.055875 3.5835476
17 -2.2168646 5.4139633
16 0.49342838 4.316105
