30 2
22 3.651437 1.7322091
21 3.2478316 4.9979525
16 3.6632304 1.8639016
17 3.8594022 1.5175085
25 6.201626 -2.1376343
13 5.460981 -1.1777409
8 6.1710463 -2.0358512
1 3.1153321 5.4258327
7 3.4251807 2.4042065
27 3.2589276 6.23907
10 5.428027 -1.1660093
4 3.8242207 1.3239273
26 3.442162 2.414275
2 3.4329474 6.7792435
28 6.0591173 -2.0440779
3 3.1900902 4.57231
14 3.6784444 2.0285344
5 6.473334 -2.3664997
19 5.5732303 -1.4103755
0 3.1617925 4.7051187
15 3.8047333 1.5517285
23 7.0236893 -2.9073434
9 3.1825058 4.8253136
20 3.9734178 0.97017413
11 3.2034678 5.9808216
18 3.787505 1.4526075
29 6.9844546 -2.9442394
6 6.393136 -2.5213335
24 3.2020872 4.931777
12 3.308961 6.568881
