30 2
7 4.2673855 3.1204793
29 4.903597 3.0862846
3 1.613302 3.9111786
14 -2.1371942 6.1963935
2 -1.6784258 5.884232
5 1.9261879 3.7493553
20 -1.2803928 5.347882
24 2.0331488 3.8828268
25 5.4072933 3.086733
15 5.907969 2.999708
10 4.5179505 3.1372259
4 -1.8210692 5.8110147
11 1.363015 4.0439053
26 5.565437 2.8333983
21 2.7470226 3.5855684
19 -2.4342582 6.3983693
8 -1.2200514 5.3707337
0 1.0724286 4.1275625
17 -1.5525762 5.727544
1 5.811605 3.005494
6 5.246262 2.913897
18 -1.081032 5.1676397
27 2.1897054 3.6798239
9 1.2160331 4.112939
23 -2.2128634 6.309629
22 4.400699 3.0619001
16 1.2835666 4.2139235
28 -1.2766026 5.4732356
12 5.4129305 3.0134919
13 2.5984938 3.5849807
