30 2
21 3.4717789 4.6984563
8 6.1373925 -2.5550919
22 3.8215857 1.7512988
4 4.0669675 0.9762963
16 3.7919037 1.9156669
28 5.9829373 -2.5156057
1 3.4548779 5.1045585
14 3.7414358 1.9492028
26 3.6135104 2.2367616
10 5.308006 -1.4429728
17 3.9584644 1.3147314
19 5.4313335 -1.6299862
13 5.4662976 -1.7758365
15 3.948703 1.2678827
18 3.8492467 1.3753439
7 3.5985186 2.067852
29 6.914719 -3.2881517
27 3.5573232 6.069726
25 6.133283 -2.5077586
3 3.4702547 4.3805947
24 3.501139 4.6389985
5 6.3419065 -2.7880647
6 6.243025 -2.8035686
11 3.5578525 6.010042
0 3.5094833 4.557719
12 3.6086469 6.4338665
20 3.9892955 0.7980612
2 3.6885571 6.3880796
23 6.7194886 -3.316181
9 3.479241 4.643868
