30 2
5 1.4132243 3.9245865
7 3.8295515 3.5909855
14 -2.551238 5.703371
18 -1.662582 5.0045557
29 4.3267336 3.7203112
1 5.4292207 3.6460698
4 -2.485616 5.5657315
2 -2.4962058 5.7369294
0 0.6428518 4.1595683
11 1.0361452 4.1830196
20 -1.7739958 5.161765
3 1.4311247 4.00338
24 1.3434899 3.9711428
25 4.985795 3.6374342
8 -1.7755171 5.1319604
10 4.2938037 3.604922
12 4.904133 3.6547713
22 4.1448755 3.6109023
16 0.5893806 4.2971654
21 2.1584609 3.924065
15 5.419982 3.6551476
9 0.5722969 4.304641
6 4.876483 3.5206287
19 -3.1465538 6.079546
23 -3.006063 5.937533
28 -1.9612 5.2262716
26 5.1293516 3.5389223
13 2.2426178 3.872892
17 -2.2354786 5.4488873
27 1.6620975 3.936327
