30 2
22 3.768255 1.5813227
16 3.8673918 1.8035429
4 3.9178352 0.98996186
1 3.6168172 5.029407
10 5.2389135 -1.6775086
26 3.6743546 2.2774403
28 5.977133 -2.6453974
7 3.7129157 2.0201936
8 6.1026707 -2.7775245
21 3.5832896 4.5454555
18 3.8932362 1.2162988
27 3.807744 6.0099826
19 5.5102463 -1.9058801
9 3.5875087 4.649175
15 3.9277744 1.2931485
17 3.973863 1.2678105
13 5.355628 -1.7661012
3 3.5854976 4.2584324
2 3.8494244 6.203638
25 6.043821 -2.7720506
14 3.7243164 1.9910048
6 6.182779 -2.855907
11 3.7483256 5.8007817
12 3.815818 6.2599864
20 3.9948573 0.77837276
5 6.335553 -2.9544864
23 6.7235823 -3.3556035
24 3.6331408 4.8014627
0 3.633918 4.505176
29 6.8610764 -3.6143668
