300 2
276 -1.9826779 0.95405936
282 -2.022752 0.8393717
201 -2.1086612 0.75031847
229 -1.9579152 1.1208662
151 -1.9583578 0.9225128
191 -1.3101517 3.8286743
292 -3.7813973 -1.5916693
127 -1.9677327 0.90320086
209 -3.308368 -1.256097
6 -2.0698013 0.74290717
249 -3.979832 -1.8618927
205 -1.28792 3.6907194
31 -1.2932343 3.7046244
76 -1.259807 4.070545
289 -3.5042076 -1.3589491
237 -1.288057 3.557608
63 -1.9754516 0.93545884
221 -3.6219895 -1.5227453
2 -3.5285685 -1.4992311
220 -3.375896 -1.3493707
5 -1.9042205 1.1998006
68 -1.2557546 3.730426
287 -4.019198 -1.8404026
105 -3.222448 -1.1477158
123 -1.2885716 3.6727946
113 -2.0025783 0.7976604
80 -1.350054 3.6529944
293 -2.1121304 0.61555403
225 -1.2788581 3.8717794
16 -3.669913 -1.5618876
94 -1.9088775 1.1068648
210 -1.3136749 3.5186892
212 -1.2924083 3.842666
46 -1.3132381 4.1381726
12 -1.9522483 1.0659101
27 -3.7773235 -1.6903328
128 -2.029391 0.7943432
177 -1.9370043 0.92317516
165 -3.5521204 -1.4639717
117 -2.03291 0.79334825
118 -1.2923819 4.01083
174 -2.035535 0.8237515
239 -1.3045338 3.8762999
144 -1.3099872 3.546938
7 -1.3292398 3.6491234
154 -3.9005296 -1.7626566
25 -3.5650907 -1.442566
115 -1.327379 3.8558822
295 -3.461012 -1.3922172
66 -1.2216916 3.9831038
77 -1.226647 3.4832723
236 -1.3370992 3.2137568
161 -2.0108922 0.82397115
238 -1.3379543 3.828272
243 -1.9401051 0.9998388
299 -1.2763433 3.8653572
124 -1.2783697 4.2460713
85 -3.880843 -1.6707683
235 -1.3314762 3.6661274
163 -2.0877416 0.68904614
194 -2.1039617 0.71364045
268 -1.3027782 4.282116
42 -1.2774664 3.9797392
38 -1.3538365 3.8593903
52 -2.0544684 0.8166469
149 -1.8742776 1.1396787
122 -1.3271466 4.0183945
147 -2.0784602 0.7745412
290 -1.3143002 3.2347832
263 -2.0880535 0.6716361
53 -1.3396037 3.4064088
273 -3.7537549 -1.5910182
101 -1.9657891 0.9665899
262 -2.1069784 0.62337285
178 -3.6228259 -1.5028082
169 -1.2787038 3.6586292
1 -3.9028368 -1.7556895
11 -2.0332334 0.7166933
158 -1.2441903 3.880643
176 -1.275972 3.6223855
284 -3.4803483 -1.4562038
143 -1.2902752 3.720311
130 -1.2311605 3.9123619
131 -3.5090132 -1.4685397
157 -3.9260137 -1.7974014
89 -1.8812898 1.1916507
86 -3.367435 -1.3416542
18 -2.0035856 0.7694993
275 -2.0348032 0.7626294
208 -3.7072783 -1.5597234
215 -1.250909 3.6526392
57 -2.0775614 0.8325359
34 -1.9734325 1.0585223
274 -2.0081077 0.8558818
41 -1.3256655 3.7165895
203 -3.7040749 -1.5165185
84 -1.3431859 3.4419215
110 -3.0892177 -0.94868225
114 -2.0781407 0.71920747
217 -1.2941678 3.7559438
0 -1.2748853 3.633746
179 -1.3072819 3.4373386
116 -1.3406844 3.5218623
269 -3.271009 -1.2180519
28 -3.5852876 -1.4764208
255 -1.9046116 1.0841309
45 -1.2818485 2.9187968
47 -1.261609 3.4099855
175 -2.0022473 0.89087456
244 -2.0935 0.7251519
88 -1.3345541 3.3234615
132 -1.2918288 3.363184
134 -1.8331708 1.2589599
155 -3.7313125 -1.5650957
23 -2.0481498 0.78310776
224 -3.8587532 -1.7379141
298 -2.0876305 0.8429166
49 -2.0069573 0.9799422
246 -1.3288664 3.8093019
62 -3.720983 -1.5273254
126 -2.0088224 0.85847473
108 -1.9943552 0.977539
216 -3.585644 -1.4505801
280 -2.132104 0.6836861
245 -3.5260618 -1.3813316
192 -3.563767 -1.4310199
135 -3.3497753 -1.2199857
146 -3.7882972 -1.637045
294 -3.8659062 -1.6099707
211 -2.0422213 0.7594362
267 -3.3921473 -1.2997922
259 -3.283952 -1.26375
265 -1.3074684 3.3917062
8 -1.9721566 0.78059036
297 -1.2440765 3.620492
228 -2.0327756 0.94540256
107 -1.9959253 0.88166124
93 -1.3524151 3.7263834
106 -1.2744013 3.708949
55 -2.0935884 0.70825523
67 -1.3081415 3.8404253
82 -3.4976225 -1.4439659
104 -1.9050413 1.0857737
120 -3.5381901 -1.4545057
231 -1.949693 1.0297914
164 -3.8851569 -1.7741878
256 -2.04367 0.7881067
189 -1.340993 3.0910954
100 -1.2592065 4.135596
35 -2.1317084 0.7374471
36 -1.3082768 3.681559
241 -2.0247345 0.9338088
95 -4.0723586 -1.9870288
234 -1.9131982 1.0573993
219 -3.523735 -1.423724
200 -1.2519076 3.8947394
119 -1.2707505 3.412586
162 -1.9553684 1.1186209
254 -3.971253 -1.758826
296 -3.7089877 -1.5702949
193 -3.704169 -1.5243495
78 -1.3211869 4.0082545
13 -2.030261 0.8092687
32 -3.7589045 -1.6053476
44 -3.357457 -1.1782408
51 -3.551128 -1.4272989
190 -1.8942728 1.0873215
138 -1.2727026 3.5452552
129 -2.0409725 0.8568895
3 -1.3225257 4.065965
4 -1.2955046 3.6301336
9 -2.0603755 0.731764
258 -2.0549214 0.7344307
286 -1.3009409 4.074401
279 -2.0857959 0.7660485
72 -3.5494752 -1.4879858
195 -1.4024075 3.256535
87 -1.9837464 0.8780021
96 -1.298238 4.034139
272 -1.2626197 3.3167086
252 -2.0256484 0.8068232
75 -3.3470495 -1.2726954
142 -1.2591316 4.0908647
139 -3.652432 -1.4581219
17 -1.2951869 4.0442452
207 -1.3746642 4.4487863
37 -3.7058468 -1.5828532
60 -2.1181157 0.78250694
160 -3.5854135 -1.4476684
233 -1.9845636 0.9202033
283 -1.2725081 3.517191
197 -1.3062797 4.025185
125 -1.2058482 3.771596
213 -1.9528141 0.9206884
102 -1.9211403 1.0662967
121 -2.0658538 0.76511204
232 -3.6000507 -1.5776815
15 -1.9787871 0.98785615
140 -2.012575 0.76638865
33 -1.8356955 1.1857512
99 -1.2466844 3.7858398
43 -1.9633049 0.8932119
74 -3.4561934 -1.349624
214 -1.9870015 0.87336767
152 -3.6770296 -1.5807408
250 -3.6844778 -1.6256045
156 -1.2812383 3.5250597
230 -1.3147414 3.329448
253 -2.0062659 0.8397856
50 -3.1801262 -1.0893826
24 -1.3255445 3.8066256
26 -1.2973074 3.1944578
183 -1.9315327 1.026619
29 -3.5884204 -1.5006845
218 -1.9181353 1.198116
277 -1.8849993 1.1014613
71 -1.9786334 0.89388776
153 -3.5671897 -1.4392346
98 -3.4689083 -1.3780942
83 -1.9839702 1.0050545
133 -3.4916592 -1.4434243
145 -3.7708895 -1.721864
226 -1.3383527 3.7395377
260 -3.9828572 -1.842823
103 -1.3257704 3.6704032
242 -1.9627512 1.0093945
30 -1.2585942 3.7465646
20 -1.2660979 3.5330868
137 -1.3166727 3.9758885
180 -2.0654922 0.6217565
184 -4.1585636 -1.9014388
248 -4.1117706 -1.8912889
285 -1.2619327 3.949763
206 -3.4370904 -1.3980348
186 -2.0205321 0.9186106
141 -3.5730312 -1.4200578
199 -1.9531902 1.0169768
170 -2.053155 0.8297029
240 -2.15826 0.5126549
288 -3.7157984 -1.6262503
69 -1.243814 3.5419323
22 -1.2609258 3.7533185
70 -1.3180348 3.6606708
247 -1.2851566 3.3404348
266 -2.0264494 0.93815696
171 -1.9958073 1.0358354
14 -3.7153516 -1.55402
19 -1.3463849 3.5823421
21 -1.3232108 3.526207
61 -2.041034 0.87560195
39 -2.016617 0.85658675
56 -2.067797 0.750092
168 -3.688946 -1.5313791
48 -3.6780238 -1.6453582
79 -3.6843967 -1.5868194
54 -3.7775836 -1.6060016
91 -1.8933864 1.2077563
59 -3.508215 -1.4099466
65 -3.3509846 -1.1524942
257 -1.3433331 4.1407523
136 -3.8392646 -1.739523
159 -1.3268731 3.5788963
167 -1.325811 3.5933554
182 -3.4517148 -1.3368804
198 -3.208242 -1.1089218
10 -1.301774 4.230064
73 -1.983275 0.9127202
181 -3.3988256 -1.323953
64 -3.5994787 -1.4072752
92 -1.3420138 3.8951058
111 -3.4422655 -1.2709122
150 -2.1017737 0.5716128
196 -1.3002089 3.6662145
291 -2.0137022 0.88310415
278 -1.3096724 3.496022
81 -1.2787611 3.8440247
148 -3.6156049 -1.4775027
227 -1.3475213 3.1977823
188 -2.0445316 0.7688937
90 -3.3255198 -1.1956826
202 -4.259454 -2.0786266
97 -2.0651035 0.7727899
261 -3.5144947 -1.395713
270 -3.9357383 -1.7854289
271 -1.2876873 3.8285973
223 -4.0874443 -1.8942796
172 -3.472169 -1.3823209
204 -3.5101943 -1.4627566
173 -1.9903961 1.002026
40 -3.6536195 -1.5247191
112 -3.7710106 -1.5919219
222 -3.9007797 -1.7752271
264 -3.9126654 -1.8160375
58 -3.866998 -1.7307034
185 -3.7195406 -1.6151134
251 -1.2585351 3.7471714
166 -1.2750155 3.7812266
109 -3.935477 -1.7556746
187 -3.5388007 -1.4965281
281 -2.1074712 0.7839668
