30 2
22 3.632358 1.76998
17 3.9118361 1.3972503
10 5.4041595 -1.3514663
21 3.2923427 4.868499
7 3.5481331 2.249692
19 5.5018754 -1.5125673
4 3.994419 1.0391079
1 3.2141938 5.514762
25 6.206863 -2.2450676
8 6.172796 -2.2160285
16 3.7315524 1.9117535
28 6.095295 -2.1376348
13 5.5288396 -1.4907227
24 3.2413108 4.915108
18 3.8162997 1.300457
14 3.652117 2.059182
11 3.285918 6.0085382
2 3.4688737 6.5679464
23 6.9834423 -2.9910078
6 6.3793964 -2.477907
27 3.3668783 6.1650944
0 3.1762073 4.715954
12 3.431489 6.583029
26 3.5661983 2.3233857
15 3.8940868 1.4144145
20 4.003247 1.0545678
3 3.333111 4.588081
29 7.0393047 -3.1897895
5 6.419455 -2.4119353
9 3.333283 4.806302
