30 2
29 4.6536064 3.4019413
18 -1.2188803 5.1314883
7 4.223865 3.2704477
2 -1.9760529 5.8131833
4 -2.1554625 5.7849956
25 5.493436 3.2813528
21 2.3553047 3.8386667
5 1.4466987 3.8805072
10 4.422317 3.4533415
14 -2.4217768 5.920106
6 5.0748696 3.1890187
1 5.684228 3.315069
20 -1.380385 5.2041044
3 1.5249184 4.0340776
26 5.163168 3.2478006
12 5.105489 3.304348
23 -2.6449294 6.141976
0 0.6845334 4.276865
9 0.81674916 4.279278
8 -1.5505624 5.2836785
11 1.081285 4.06878
16 0.967388 4.296127
17 -1.7912003 5.5681443
28 -1.5048923 5.368624
15 6.059668 3.3250728
24 1.546462 3.9728072
22 4.5122085 3.2487788
13 2.298974 3.7464764
27 1.9077908 3.863326
19 -2.65813 6.249134
