30 2
1 2.9032352 5.597033
21 2.9920163 4.935924
22 3.6078212 2.0139542
15 3.7647972 1.774164
28 6.203918 -1.7910783
23 7.104274 -2.5598438
12 3.0390182 6.695367
4 3.8098462 1.5592498
8 6.545754 -2.0320773
18 3.6910377 1.6778
26 3.3687804 2.633723
7 3.3639064 2.609664
13 5.4646626 -0.9664345
16 3.676203 2.07047
0 2.9857123 4.797065
29 7.1780357 -2.6506202
25 6.373544 -1.8388871
5 6.636247 -2.1766768
17 3.7885656 1.8221927
10 5.4859214 -0.99586827
19 5.5235734 -1.0417814
20 3.9636207 1.1819715
27 2.9763834 6.4446917
24 3.0162518 4.928929
3 2.9872904 4.5227604
11 2.9110038 6.2539945
2 2.9210308 6.9330907
6 6.486068 -1.9317509
14 3.446117 2.2979388
9 3.0667796 5.041705
