30 2
7 3.4982858 3.941329
21 1.7322011 4.170243
24 0.9418598 4.195088
5 0.9711132 4.09486
3 0.8251282 4.1859255
14 -3.2553394 5.48294
2 -3.0682495 5.3663774
18 -2.2260382 4.80872
29 3.8982258 4.1788616
20 -2.3331819 4.8837886
28 -2.574075 4.993015
1 5.0969844 4.2205873
12 4.7553415 4.1709437
10 3.7575586 4.0092697
6 4.404523 4.03041
25 4.812655 4.204073
23 -3.5899081 5.6052794
4 -3.1137166 5.3113804
22 3.5750167 3.9641402
0 0.058200542 4.228306
13 1.8461275 4.086078
19 -3.6791985 5.622539
8 -2.3892083 4.914974
11 0.56457716 4.195376
26 4.6613355 4.0626745
15 4.99088 4.2497487
27 1.1906155 4.152057
17 -2.8786776 5.301272
9 0.3135869 4.393182
16 0.21921586 4.4261837
