30 2
29 3.9250321 4.1491227
14 -3.3209615 5.4264874
7 3.4284024 4.032609
3 0.78352296 4.1706805
2 -3.052172 5.409454
20 -2.2848577 4.969793
18 -2.2877064 4.826457
5 0.95044124 4.056688
6 4.4375935 4.0919924
1 4.9697533 4.237153
23 -3.6225922 5.6633286
25 4.8913784 4.259978
4 -3.1374464 5.221938
21 1.6824248 4.196806
10 3.791465 4.0799327
0 -0.012403673 4.243042
22 3.5123155 3.9901483
24 0.9691949 4.2198606
11 0.5529935 4.19285
13 1.8167657 4.0913153
15 4.9830413 4.336797
8 -2.458802 4.875639
26 4.622288 4.0957055
28 -2.5879865 5.009969
12 4.7503047 4.2057214
27 1.160978 4.1403975
17 -2.9184442 5.253534
16 0.2659849 4.384005
9 0.21798217 4.327614
19 -3.7340388 5.6140714
