30 2
7 4.5002074 2.8830411
29 4.8969946 2.9690673
4 -1.4676133 5.9514484
1 5.9005227 2.6786761
14 -1.818705 6.2451596
20 -0.8328696 5.30811
21 2.8514326 3.5096748
2 -1.4462193 5.9935565
25 5.7678714 2.755899
5 2.066383 3.6434214
18 -0.73261917 5.2008815
12 5.54652 2.6827967
0 1.0979674 4.148146
24 1.9784667 3.7907608
11 1.5501616 3.940153
6 5.499672 2.6964636
3 1.7544795 3.9069023
22 4.503833 2.8813975
16 1.3816508 4.1589417
15 6.2404904 2.7370844
17 -1.254065 5.69381
23 -1.9501216 6.4247193
28 -1.1522796 5.5732193
10 4.7253814 2.8885467
8 -0.9699157 5.4343605
9 1.3168315 4.185664
26 5.561739 2.677557
13 2.9516304 3.4874198
27 2.3361824 3.643101
19 -2.004816 6.4756007
