300 2
22 -1.3018016 3.8047955
129 -1.9072248 1.1288531
267 -3.3194585 -1.2614708
140 -2.1307607 0.53936654
52 -1.8565124 1.1740705
169 -1.3232391 3.494885
189 -1.350549 3.34519
106 -1.2805929 3.3446646
33 -1.8918723 1.0887346
190 -1.8540096 1.1865382
237 -1.3315815 3.5494437
243 -1.9143548 0.9687314
276 -2.064317 0.6976584
56 -2.019379 0.7561595
116 -1.3572774 3.6756113
273 -3.6059647 -1.4757272
255 -1.916948 0.93513995
28 -3.661361 -1.5976825
64 -3.3354292 -1.1337627
187 -3.4630308 -1.4289416
27 -3.7271812 -1.6720351
147 -2.0453675 0.66878605
212 -1.2522639 3.769437
240 -2.1885867 0.501047
233 -1.9273014 0.9004143
247 -1.3597138 3.637457
10 -1.3197523 4.093839
32 -3.3487782 -1.1955364
160 -3.799742 -1.5811496
288 -4.0241966 -1.8831471
73 -1.9276327 0.97059226
277 -2.0156724 0.83830756
195 -1.2733989 3.2829134
71 -2.0001512 0.8289851
23 -2.071322 0.8291083
298 -1.9582049 0.9788024
158 -1.3722827 3.710804
75 -3.5486841 -1.4513925
221 -3.8179505 -1.6217582
123 -1.3587164 3.5899246
183 -1.9378092 0.9920046
18 -1.9171658 1.0217319
234 -1.8368737 1.1407576
29 -3.7970324 -1.5743217
209 -3.2445111 -1.1538484
118 -1.4050503 4.08509
161 -1.9486581 0.8793524
30 -1.3217496 3.5212855
87 -2.116276 0.732466
285 -1.3118871 3.942543
61 -1.9413159 0.9649376
48 -3.9148786 -1.865358
175 -1.9780949 0.78451663
51 -3.5052388 -1.3337713
177 -2.0192068 0.7846089
235 -1.339687 3.9223633
290 -1.2985606 3.6361053
296 -3.8996623 -1.7323511
239 -1.3478366 3.7599072
206 -3.4915433 -1.3377581
205 -1.3352493 3.4856462
254 -3.7970772 -1.7238564
199 -1.9381007 1.090193
202 -4.294917 -2.0489576
274 -1.9192675 1.1847131
15 -2.125043 0.527204
164 -3.9697373 -1.7358321
43 -1.9976261 0.90951294
84 -1.3829489 3.6818297
67 -1.3980391 3.5336976
130 -1.3173755 4.1142006
103 -1.3301222 3.757795
174 -2.046637 0.64317906
96 -1.3493674 3.8596408
180 -2.0785265 0.72789377
263 -2.0180058 0.812605
144 -1.3082083 3.9217432
198 -3.4932072 -1.38622
197 -1.3041692 3.8446326
63 -1.9414568 0.9168476
68 -1.3338743 3.675938
201 -2.0490649 0.79197377
36 -1.3388395 3.8389516
156 -1.3405756 3.523216
94 -1.9638693 0.91014814
66 -1.2867002 4.07802
135 -3.4030695 -1.2446944
211 -1.9324394 0.973617
252 -2.0880387 0.64179534
154 -4.012934 -1.8466108
193 -3.8089 -1.6284467
176 -1.3158382 3.3462303
97 -2.0934649 0.6453365
31 -1.2844334 3.7334547
47 -1.282244 3.3405764
50 -3.210752 -1.1816818
137 -1.3244147 3.194829
81 -1.2353324 3.8332415
251 -1.3528348 3.6660855
149 -2.0027676 0.726225
11 -2.0800157 0.7278295
126 -1.9480513 0.9568482
60 -2.0285351 0.8758064
250 -3.7786343 -1.6546752
77 -1.3043134 3.1579974
82 -3.723238 -1.5717233
104 -1.9876593 0.8046377
291 -1.9664938 0.89450175
131 -3.450629 -1.3528863
168 -3.6909459 -1.5991138
165 -3.665647 -1.605014
294 -3.535799 -1.3725697
244 -2.0526252 0.7241793
83 -2.0367963 0.8726578
148 -3.736728 -1.5812359
196 -1.2877159 3.800791
65 -3.5148087 -1.415668
127 -1.9336282 0.96418965
264 -3.9594264 -1.7893867
85 -3.7197506 -1.5208595
89 -1.9776082 1.0604544
114 -2.122768 0.6881655
108 -1.8820809 1.0033659
188 -2.1441793 0.70063096
287 -3.6928685 -1.5901792
231 -1.8924042 0.99920577
295 -3.2287874 -1.0836418
280 -2.0431533 0.79527986
2 -3.5100548 -1.288572
7 -1.3413271 3.4183872
41 -1.2569696 3.8736734
220 -3.6736372 -1.5294477
215 -1.3227654 3.700198
78 -1.3003535 3.8945584
102 -2.0097058 0.86355007
191 -1.3179992 3.6661327
133 -3.316122 -1.2485261
112 -3.529352 -1.3277795
151 -1.9104513 0.96406347
236 -1.3431165 3.3265522
157 -3.7662058 -1.636447
265 -1.317866 3.6394653
204 -3.8587568 -1.7484065
289 -3.7772465 -1.5840534
16 -3.737418 -1.6357417
24 -1.3153569 3.4814248
286 -1.3021194 3.8462563
34 -1.9291437 0.981914
53 -1.3468783 3.4915452
170 -1.9634846 0.84069055
262 -2.1626935 0.6396092
142 -1.3283908 4.103986
80 -1.2882124 3.4934757
194 -1.9484473 0.9145867
150 -2.1094096 0.67565197
245 -3.6816285 -1.730104
271 -1.3557702 3.9833686
259 -3.6127899 -1.5631402
3 -1.3356553 3.9161627
9 -2.0342524 0.81425816
12 -1.970909 0.89616376
124 -1.3462518 4.3085485
117 -2.0241585 0.81232744
283 -1.3324913 3.7669387
246 -1.2233852 3.6813886
55 -2.0379758 0.7417677
58 -3.816523 -1.759332
101 -1.9524577 0.93410254
76 -1.286784 3.7553627
90 -3.458234 -1.3225546
278 -1.3102653 3.7124677
216 -3.80233 -1.6671815
17 -1.3051733 4.1462507
6 -2.0364885 0.8797937
208 -3.629711 -1.4798195
242 -1.9601324 0.9576912
270 -3.381902 -1.3241245
42 -1.3117578 3.7851722
59 -3.7756815 -1.587124
91 -1.8041755 1.4109968
260 -4.084996 -1.9311146
69 -1.2776641 3.4629498
275 -2.064726 0.66511315
261 -3.6602163 -1.5563258
105 -3.1884365 -1.0233723
178 -3.4858687 -1.3351377
184 -3.713384 -1.6042813
256 -2.1550424 0.5780371
232 -3.797808 -1.605447
269 -3.443157 -1.3576124
72 -3.3902795 -1.3569553
57 -2.1067486 0.73815507
8 -1.9317924 0.98115814
134 -1.8693342 1.1514972
207 -1.3088195 4.225948
38 -1.3889084 3.67982
163 -2.0573833 0.8020541
253 -1.960636 0.9006
223 -4.1059923 -1.8937408
279 -1.8867341 0.99295974
93 -1.3478975 3.7387168
181 -3.4308832 -1.2984421
228 -1.911198 0.87524456
281 -2.0397577 0.78025395
249 -4.063252 -1.9200752
5 -1.821473 1.1584362
14 -3.589049 -1.4585454
214 -1.979422 0.9856945
98 -3.4149077 -1.2602459
224 -3.8115265 -1.6666855
182 -3.3625555 -1.136022
229 -1.8179697 1.2636858
13 -1.9250017 0.96801734
258 -2.004335 0.84149295
121 -2.0594196 0.7293748
128 -1.9917423 0.8207078
213 -1.9723215 0.8540607
159 -1.3504146 3.7896974
86 -3.5349271 -1.4041637
119 -1.3143672 3.2110069
139 -3.7555544 -1.4667836
143 -1.3698192 3.256386
225 -1.3307577 3.580366
192 -3.1744869 -1.1673346
203 -3.9254584 -1.8380257
46 -1.3441333 4.4560533
100 -1.3385208 3.7899537
284 -3.3578866 -1.3379109
241 -1.9526756 0.9487998
166 -1.2618892 4.023726
109 -3.9016352 -1.7516443
132 -1.3606815 3.385183
152 -3.6523657 -1.5621562
282 -1.9774127 0.8090193
0 -1.2991523 3.8870203
115 -1.3093448 4.203126
79 -3.5850961 -1.4756113
35 -2.0659618 0.77696425
45 -1.3163431 3.6898885
257 -1.3869119 4.2598257
179 -1.2737194 3.6803901
92 -1.2832248 4.4206963
107 -1.947939 1.0396926
136 -3.8441713 -1.720294
145 -3.7537482 -1.5856658
1 -3.5424623 -1.4145702
21 -1.2929327 3.6939175
172 -3.7109191 -1.550922
111 -3.746326 -1.6072431
62 -3.5700483 -1.4399178
222 -3.5542135 -1.4718533
113 -2.0884697 0.7248781
230 -1.298834 3.191106
173 -2.0023265 0.9833171
219 -3.8178027 -1.6842897
226 -1.2792116 3.8102465
297 -1.3032764 3.6486607
122 -1.2677149 4.1437726
4 -1.313966 3.6666424
238 -1.3159225 3.6767502
20 -1.3006102 3.3448346
44 -3.3497813 -1.2212188
167 -1.3084527 3.8058658
293 -2.0236282 0.86305267
39 -2.0240536 0.930146
217 -1.3724383 3.8156462
54 -3.8171847 -1.7860388
155 -3.9069655 -1.7712319
153 -3.3581953 -1.342546
272 -1.3560625 3.1053116
146 -3.8397458 -1.644461
200 -1.346337 3.9068813
37 -3.679804 -1.5848752
210 -1.3052913 3.463281
299 -1.3144463 3.888094
292 -3.6001365 -1.4493765
26 -1.3226737 3.362252
268 -1.2734331 4.068113
125 -1.3485339 3.6583605
120 -3.6209486 -1.515246
141 -3.4575694 -1.3887227
248 -3.9800599 -1.7654095
40 -3.6590266 -1.6002146
70 -1.359758 3.6248262
218 -1.9615291 0.92924577
99 -1.4226923 3.855245
19 -1.3010654 3.5598743
49 -1.9431865 1.0143555
266 -2.116722 0.67938846
95 -3.9021542 -1.8069
171 -2.110875 0.8032618
227 -1.3793087 3.4953525
74 -3.407919 -1.239099
162 -1.8810045 1.026204
25 -3.8473706 -1.736405
88 -1.3247567 3.7724016
186 -1.9106432 1.0246009
138 -1.321591 4.0486917
185 -3.650382 -1.5950167
110 -3.2811096 -1.2192711
