30 2
10 5.363304 -1.0295845
15 3.8555691 1.5719231
4 3.8238542 1.2914286
7 3.5813622 2.281052
22 3.6613486 1.79638
21 3.2387834 5.086262
26 3.4526024 2.6049366
14 3.6321342 2.1170073
13 5.484196 -1.2168757
28 5.928863 -1.9820443
25 6.204013 -2.0949683
8 6.18304 -2.026997
16 3.7580156 1.8254535
1 3.1598442 5.534602
29 7.1264005 -2.9835765
20 4.015765 0.9747188
19 5.653595 -1.5059499
9 3.1059384 4.9376006
0 3.1382773 4.784115
23 7.0555453 -2.8324094
2 3.378568 6.782639
27 3.1096249 6.1688457
3 3.1332617 4.472144
18 3.7135727 1.4819431
6 6.442086 -2.347857
12 3.2510633 6.578105
17 3.827262 1.6321661
5 6.518683 -2.3845787
24 3.1380534 4.968735
11 3.1967723 6.053365
