30 2
7 3.4754882 2.5030584
21 3.0864677 5.024289
4 3.8238094 1.5415492
16 3.6883292 1.9007998
17 3.7985973 1.8024757
19 5.6185517 -1.3758506
22 3.699739 1.7196468
18 3.6833458 1.5655854
26 3.4178467 2.6224253
15 3.8645604 1.5617447
10 5.4574666 -1.1549296
29 7.074595 -2.804744
25 6.340625 -1.9522674
28 6.135756 -1.9011557
11 3.0322783 6.1530404
8 6.260168 -2.1063576
14 3.5423734 2.2736127
27 3.0877182 6.268369
9 3.1993165 4.995081
23 7.0217466 -2.6813462
20 4.046323 0.8364836
0 3.0524087 4.7798944
1 3.0181754 5.4559603
2 3.1002748 6.8454986
24 3.0646951 4.978121
6 6.3891215 -2.0959275
12 3.0865443 6.642578
13 5.387333 -1.129428
3 3.0891674 4.598517
5 6.4751835 -2.147751
