30 2
7 4.227148 3.211005
14 -2.2645884 5.9172964
1 5.6917067 3.25597
23 -2.6245985 6.13302
4 -2.0749457 5.821236
29 4.6530747 3.4090664
24 1.620164 3.9802918
0 0.70808816 4.2680926
2 -1.9575815 5.783881
20 -1.3719205 5.2448597
3 1.5083249 4.066194
11 1.2250384 4.1154943
5 1.3737588 3.938837
18 -1.1749998 5.0846057
25 5.512289 3.212341
22 4.453543 3.2027745
15 5.9348783 3.2739587
26 5.2459373 3.2246735
10 4.4925284 3.429536
21 2.337942 3.8558204
16 0.9986589 4.292357
6 5.137394 3.1835983
17 -1.8504314 5.570534
8 -1.4705386 5.217168
28 -1.6410723 5.362794
12 5.172342 3.2456837
9 0.9550736 4.298981
27 1.926341 3.8561754
19 -2.6919315 6.2387657
13 2.391007 3.7456625
