30 2
7 3.60602 2.1574664
21 3.3920403 4.752098
25 6.143149 -2.354233
17 3.923661 1.4242942
14 3.6781068 1.9811801
1 3.3638623 5.3813357
28 6.1086154 -2.3494582
10 5.3761635 -1.3311168
26 3.6129777 2.1896756
15 3.9008133 1.4873271
4 3.9583132 1.182444
19 5.500302 -1.545311
16 3.7812185 1.7203413
8 6.012954 -2.2552109
29 7.004339 -3.1414883
20 4.035934 0.84119546
13 5.598723 -1.6867009
22 3.742225 1.6582017
11 3.483522 5.977515
18 3.8949165 1.2582307
2 3.5586717 6.5889735
23 6.8629913 -3.1694098
3 3.3996623 4.537907
12 3.4581113 6.5268526
6 6.308493 -2.5679057
0 3.3216016 4.7833667
27 3.4104993 6.2434487
24 3.3879364 4.7438154
5 6.437886 -2.6073828
9 3.3498397 4.9290705
