30 2
7 3.4528186 2.404283
4 3.86643 1.3819729
21 3.0102599 5.026786
22 3.6467695 1.9003768
8 6.375989 -2.036576
1 2.901458 5.5601234
27 3.0876455 6.311574
23 7.191954 -2.64812
16 3.6288638 2.036783
10 5.4526057 -0.98643106
19 5.440809 -1.0676091
28 6.1881576 -1.7981769
20 4.0307508 1.0677668
13 5.503215 -1.1024183
26 3.3950448 2.5126922
5 6.5875077 -2.1826057
6 6.410937 -2.07
0 2.9386878 4.7599006
3 3.006689 4.685171
14 3.519995 2.349631
17 3.8620827 1.7345021
12 3.0096533 6.5437174
11 2.9376016 6.280723
15 3.843423 1.6545819
25 6.309708 -1.8360635
2 3.084094 6.950754
24 3.0171652 4.9190454
18 3.7325575 1.6362469
29 7.1488523 -2.5428922
9 2.8823519 5.161293
