30 2
21 3.1077302 4.895508
22 3.679029 1.721011
5 6.4799685 -2.1770508
20 3.995082 0.9704261
16 3.7235165 1.785104
8 6.332576 -1.9877373
26 3.4206219 2.6619627
10 5.4182205 -1.0943475
1 3.073955 5.4553165
23 7.0254755 -2.8041568
18 3.728312 1.5650611
13 5.400835 -1.1115543
25 6.354277 -2.0156548
7 3.476312 2.4529424
14 3.5994267 2.240907
15 3.8245826 1.612328
12 3.1377244 6.684238
4 3.8464267 1.4076102
17 3.7486484 1.8437642
6 6.366448 -2.1619933
19 5.698571 -1.4220105
28 6.089151 -1.8920808
27 3.1124485 6.193129
24 3.1858451 4.854802
29 7.1840806 -2.8710113
0 3.0199115 4.853455
3 3.0375638 4.628989
2 3.1913855 6.830687
11 3.0195396 6.1945877
9 2.9659498 5.057501
