30 2
29 3.9810421 4.0476336
7 3.7743587 3.8517904
20 -2.3979144 5.0107503
25 4.781792 4.130769
1 5.206402 4.1079
4 -2.9948592 5.37377
0 0.1160222 4.285936
2 -2.8764694 5.3733215
10 3.7462626 3.995473
18 -2.0099714 4.8872933
5 0.922356 4.130307
21 1.739077 4.1181164
14 -3.2013264 5.553542
24 1.2292625 4.148498
3 0.8545055 4.2431316
6 4.67606 3.9348142
23 -3.482024 5.717286
15 5.033151 4.1713614
27 1.3593785 4.136679
28 -2.3449233 5.037151
26 4.762482 3.947991
17 -2.756858 5.3513117
19 -3.5957499 5.6829486
16 0.23575369 4.40828
22 3.6760108 3.8284886
9 0.37173086 4.280623
11 0.6724951 4.1471043
8 -2.1609838 4.8926334
12 4.78147 4.118056
13 1.903444 4.0581517
