30 2
29 4.3680944 3.8419995
7 3.7535422 3.745946
14 -2.9297588 5.667695
3 1.2106963 4.0490327
0 0.5296785 4.2045507
2 -2.5191226 5.642013
25 4.93773 3.820014
24 1.2908049 4.119513
4 -2.5555856 5.476468
23 -3.064897 5.8004036
17 -2.3507593 5.476621
20 -1.8976471 5.2024207
22 3.9913855 3.6468477
6 5.056399 3.620238
21 2.159879 4.0850787
18 -1.8148565 5.000503
10 4.0520554 3.7490418
5 1.2930217 3.9455342
11 0.7993445 4.1353946
15 5.3908687 3.8665626
8 -1.9490631 5.045302
27 1.5392231 4.0084205
19 -3.2948222 5.8841147
9 0.567905 4.370963
1 5.235469 3.689764
13 2.1745248 3.9101672
28 -2.169716 5.205853
26 5.113382 3.6644123
12 4.7401333 3.6072636
16 0.57551795 4.3475313
