30 2
22 3.8352902 1.6386052
16 3.8839028 1.6146688
1 3.6772926 5.083271
21 3.727993 4.4401097
6 6.0306153 -2.9187653
10 5.3309417 -1.8416195
18 3.9066453 1.1974328
8 5.9250436 -2.7056348
28 5.8719 -2.6857343
4 4.039451 0.8805447
29 6.9104476 -3.656676
23 6.689589 -3.5440853
25 6.0946465 -2.7773652
7 3.7380273 1.9980206
14 3.785806 1.9517461
15 3.986062 1.3899934
19 5.416887 -2.0096946
13 5.240522 -1.8231318
17 4.000627 1.3504378
26 3.7745495 2.14321
27 3.8051534 6.0543184
11 3.7410507 5.672904
20 4.1351132 0.4570836
3 3.6504998 4.373412
2 3.8632388 6.263929
9 3.7477527 4.5576005
12 3.8752484 6.1709323
0 3.6664112 4.4070935
24 3.624458 4.596355
5 6.147744 -3.0640953
