300 2
282 -2.095886 0.57495886
5 -1.9619855 1.0674664
235 -1.5144497 3.758886
4 -1.3792182 3.5609035
18 -1.8797324 1.1880077
274 -2.0642512 0.7834612
96 -1.4545248 3.7316303
67 -1.5141892 3.578086
60 -1.9948256 0.9475246
17 -1.4746433 3.9962635
213 -2.1373005 0.60197353
151 -2.023957 0.74828035
97 -2.0985203 0.6296171
75 -3.4202318 -1.4880714
163 -2.1228359 0.51666987
129 -1.9348772 1.046748
148 -3.5834522 -1.7149996
131 -3.544367 -1.6489426
31 -1.4132041 3.6733408
231 -1.9187098 0.9856068
209 -3.513684 -1.6001428
276 -1.9349029 0.9235751
205 -1.4852885 3.1792884
277 -1.9532238 0.82370126
27 -3.6503403 -1.7616028
294 -3.500567 -1.6144307
88 -1.5300943 3.369055
45 -1.4849234 3.681078
105 -3.3425596 -1.4279101
149 -1.9566813 0.9896123
244 -1.9979421 0.8906955
201 -2.0570488 0.8387338
240 -2.1513007 0.5243268
237 -1.6054002 3.6461449
7 -1.4510921 3.418395
43 -1.9797189 0.9609066
41 -1.5089784 3.8041651
114 -2.114827 0.6115049
99 -1.4813852 3.488832
224 -3.8943493 -1.9787616
136 -4.003814 -1.9894361
11 -2.0539978 0.8052807
116 -1.5258914 3.599762
85 -3.776717 -1.7955662
33 -2.016636 0.9432503
135 -3.5410318 -1.6014588
234 -1.9573826 0.8814822
158 -1.4410555 3.755173
70 -1.4557389 3.7423522
221 -3.6490686 -1.6408323
236 -1.4895209 2.9025939
190 -1.9258035 1.0579011
83 -2.0587704 0.75478995
63 -1.9105424 1.0366002
64 -3.6515734 -1.7052056
140 -2.129212 0.5167199
169 -1.5927325 3.7508285
106 -1.428457 3.4350061
93 -1.522877 3.4526012
38 -1.470337 3.5747204
182 -3.3709662 -1.5282942
50 -3.005694 -1.0262016
265 -1.4913028 2.897631
102 -2.0430298 0.85582906
155 -3.8954797 -1.9040809
229 -1.8652505 1.2500327
198 -3.2477815 -1.3242435
275 -2.0755599 0.7069991
14 -3.8126302 -1.8960102
15 -1.9811155 0.86214083
56 -1.9947077 0.8558179
132 -1.5183649 3.683874
194 -1.9529095 1.0216596
134 -1.975584 0.91651565
284 -3.3711302 -1.5000037
150 -2.0729346 0.5590604
20 -1.5274377 3.0758162
178 -3.2986796 -1.4097275
120 -3.708258 -1.8527546
170 -1.9405113 0.94838905
180 -2.0432432 0.75410086
144 -1.499954 3.702368
225 -1.4698027 3.7601273
139 -3.6547368 -1.7572142
280 -1.9715177 0.85990626
241 -1.9130571 1.1378695
16 -3.7983086 -1.9496099
34 -1.9414442 1.0272747
123 -1.5403103 3.7550387
53 -1.4497068 3.458819
176 -1.5243816 3.3877182
36 -1.4637501 3.9249716
242 -2.060227 0.6265298
59 -3.5568035 -1.7015257
124 -1.4957432 4.158469
143 -1.4491255 3.5553644
159 -1.4947294 3.607288
189 -1.4631951 3.2940986
270 -3.6424282 -1.7376485
267 -3.6724372 -1.758369
13 -2.0724928 0.76679057
196 -1.5161662 3.872193
253 -1.9932356 0.78328794
79 -3.68004 -1.7989184
69 -1.5121007 3.7013383
86 -3.4356914 -1.4507291
113 -2.1157398 0.57474697
133 -3.3995264 -1.506381
167 -1.5060912 3.4460459
256 -2.0929282 0.56647646
257 -1.4955232 3.6218798
8 -2.046471 0.7499566
9 -2.0844188 0.6788654
73 -2.0129318 0.91283464
298 -2.0359898 0.849281
62 -3.7129996 -1.7197163
165 -3.7800796 -1.8500382
246 -1.4468083 3.8965933
71 -2.0024254 0.8476665
82 -3.3632634 -1.5246643
272 -1.4733801 3.10758
204 -3.4373293 -1.6099967
108 -1.9092131 0.8950694
121 -2.0120993 0.8325756
200 -1.5132828 3.8196874
243 -1.9097471 1.08162
223 -4.0453043 -2.1214826
286 -1.4519669 3.5949237
290 -1.4443265 3.4535906
259 -3.3882904 -1.5386074
19 -1.5018035 3.7914093
254 -3.664641 -1.7341578
39 -2.1223812 0.60333043
55 -1.9908094 0.79171634
157 -3.4705083 -1.5687596
72 -3.246133 -1.3138282
172 -3.4673936 -1.6184239
191 -1.4928176 3.7182417
137 -1.4754242 3.786205
266 -2.1332095 0.7531764
184 -3.5705183 -1.7339623
252 -2.0399466 0.7705134
6 -2.0240822 0.5633625
291 -1.9089981 1.0649014
250 -3.6767268 -1.7370355
292 -3.6895664 -1.8268322
258 -2.1336043 0.626349
222 -3.8475833 -1.9891376
206 -3.701908 -1.7943147
233 -1.9995116 0.828264
268 -1.5195777 4.0014358
271 -1.4750196 3.7895455
52 -2.031335 0.9446349
89 -1.9624869 0.92678356
24 -1.5351459 3.784996
220 -3.5586512 -1.722268
118 -1.5758578 4.030538
269 -3.179134 -1.3213849
57 -2.1074095 0.6587588
218 -1.9602177 0.93226177
262 -2.0005982 0.8717629
127 -1.9487894 0.9090008
130 -1.5202518 3.7111843
188 -2.0581632 0.6608836
152 -3.366401 -1.5144516
175 -2.1125927 0.6422932
202 -3.9860606 -1.9902095
212 -1.5100132 3.519022
287 -3.9271498 -2.0432606
30 -1.4849926 3.786661
12 -1.9396545 0.97976124
141 -3.8619936 -1.8488995
115 -1.4951026 4.051558
23 -2.0663822 0.74670154
29 -3.604552 -1.6824809
44 -3.2401736 -1.3614615
49 -2.0300364 0.7155308
87 -2.1251552 0.59536886
227 -1.4396311 3.6238616
168 -3.5589569 -1.6504065
216 -3.5586824 -1.6475594
247 -1.4498265 3.561356
232 -3.4887679 -1.604114
226 -1.4171739 3.8544369
161 -2.029962 0.82868904
263 -2.0219257 0.7915753
10 -1.4612148 3.854721
211 -2.0121696 0.7629452
48 -3.5903172 -1.5689238
28 -3.533568 -1.6395143
288 -3.6132169 -1.776314
197 -1.5439208 3.68405
91 -1.8908646 1.1996106
104 -2.1728714 0.42508286
215 -1.5173894 3.6440263
219 -3.580482 -1.6581675
255 -1.9760009 0.87482166
297 -1.5261575 4.138636
2 -3.3686197 -1.3595349
174 -2.0859063 0.6701534
281 -2.1877046 0.48340166
46 -1.5182794 4.055228
110 -3.109862 -1.1444726
239 -1.4465023 3.726588
146 -3.679208 -1.8032335
112 -3.6440737 -1.705206
119 -1.4836679 3.5897987
248 -3.9017553 -1.9635476
154 -3.7968035 -1.9126878
187 -3.818094 -1.8966719
195 -1.5162069 3.628197
214 -1.9189992 1.0704072
100 -1.4883505 3.9495468
40 -3.795291 -1.8851556
210 -1.4481717 3.5031455
58 -3.6266065 -1.7691026
122 -1.501476 4.199399
126 -2.0307798 0.7454309
128 -1.9909301 0.8791698
192 -3.3543918 -1.3891779
199 -1.9992437 0.9356291
283 -1.4584236 3.88826
1 -3.5064676 -1.5757185
77 -1.4929574 3.0167527
81 -1.4804558 3.7049778
21 -1.5385482 3.7507846
293 -2.189583 0.4392193
273 -3.4050407 -1.5258498
249 -3.9283423 -1.9179398
296 -3.483155 -1.5433292
183 -1.9814149 0.9417597
207 -1.5237175 4.0448384
295 -3.2795463 -1.3258928
101 -2.1313577 0.5621413
37 -3.5898438 -1.7022454
109 -3.6344168 -1.7363094
65 -3.5300064 -1.5562077
111 -3.3253744 -1.5125395
164 -3.7619004 -1.8891233
147 -2.032451 0.7672874
98 -3.1328723 -1.2580755
125 -1.4665602 3.6524336
173 -2.1037467 0.6576369
238 -1.430755 3.8393214
90 -3.3796778 -1.4266815
103 -1.4919783 3.4852643
156 -1.4802331 3.4534833
279 -2.04015 0.80304235
185 -3.7501132 -1.8165222
42 -1.5258989 3.6334097
54 -3.6846466 -1.7295272
80 -1.5032998 3.7780888
92 -1.4538678 4.108679
186 -2.031024 0.961809
203 -3.6458204 -1.7898457
251 -1.4589201 3.5350385
289 -3.5882075 -1.674664
66 -1.508512 3.8644805
35 -2.0373907 0.68346894
25 -3.6979992 -1.7946767
78 -1.4422009 3.7570305
68 -1.4161649 3.6994781
94 -2.0168343 0.81755793
145 -3.4735298 -1.5055438
260 -3.8121386 -1.911912
177 -2.0961459 0.64554304
299 -1.3946584 3.5400872
22 -1.4412801 3.515489
26 -1.4268817 3.0240328
162 -1.9370701 1.004392
51 -3.5516357 -1.633069
61 -2.0236592 0.7745619
181 -3.2522688 -1.3887889
74 -3.8030713 -1.9113064
285 -1.4594927 3.999847
179 -1.4526074 3.399038
228 -2.0185263 0.90337646
166 -1.5417284 3.752984
32 -3.5552723 -1.674375
47 -1.504081 3.1960242
84 -1.4506693 3.637226
107 -1.9970173 0.96603346
142 -1.4452935 4.1362863
261 -3.6089044 -1.7264254
3 -1.5190363 4.071272
76 -1.4958274 4.0331817
117 -1.9823639 0.8295078
193 -3.7107465 -1.8018587
95 -3.984817 -2.065352
138 -1.413173 3.4496787
230 -1.5506316 3.604583
160 -3.4809437 -1.5510291
208 -3.604424 -1.7141833
0 -1.4658728 3.6620047
217 -1.5104878 3.7147236
171 -2.0717554 0.9835566
153 -3.6279185 -1.7059494
278 -1.5486972 3.7996955
245 -3.243578 -1.2673436
264 -3.7187195 -1.811265
