30 2
29 4.5813446 3.5529635
7 4.027112 3.4459682
3 1.4320856 4.0454235
2 -2.1886406 5.7647047
1 5.6597795 3.4666977
5 1.4576327 3.9065359
0 0.63549846 4.2534685
23 -2.717782 5.9405637
4 -2.3141475 5.744365
24 1.3810232 4.046282
21 2.3963273 3.84723
10 4.2955523 3.6071036
11 1.0874345 4.0324116
16 0.6973963 4.309586
18 -1.381547 5.037665
22 4.266298 3.3548582
15 5.6062074 3.5439687
26 5.177289 3.3112814
6 5.0163527 3.324868
20 -1.5596497 5.2182875
25 5.224252 3.463101
19 -3.003849 6.162194
14 -2.627893 5.964666
12 5.0145288 3.455701
8 -1.56182 5.1568394
17 -2.009383 5.571622
28 -1.5685526 5.1733713
9 0.7499715 4.2893324
27 1.783417 3.9525404
13 2.3638167 3.725855
