30 2
7 3.5921302 3.896591
29 3.9480891 4.020241
4 -2.9778757 5.353442
20 -2.208288 4.9684596
2 -2.7962654 5.4217196
18 -1.9851695 4.8994727
21 1.8196355 4.1201653
14 -3.1327343 5.4988117
23 -3.5640209 5.683278
6 4.6506925 3.8900504
17 -2.8349292 5.3439302
5 1.0697155 4.185831
25 4.797643 4.0946565
12 4.8035526 4.0484405
11 0.6775779 4.1516404
19 -3.5102518 5.649033
0 0.14657794 4.301703
3 0.9187095 4.230615
22 3.6338701 3.8795202
8 -2.2791352 5.0035377
24 1.1732788 4.1001105
1 5.278298 4.093307
28 -2.3341935 5.0165663
10 3.7757883 4.0343213
9 0.41047844 4.3293114
16 0.3126967 4.3673244
26 4.766037 3.9129543
27 1.4122568 4.1753764
15 5.0674005 4.035715
13 2.0050669 4.035339
