30 2
22 3.6679804 1.90949
8 6.252378 -2.035008
13 5.4255514 -1.0660998
1 3.0556507 5.5404897
14 3.5358977 2.171199
10 5.347416 -1.0601271
20 4.0004935 0.9748521
17 3.795836 1.683081
7 3.529921 2.4263384
4 3.8699613 1.3911492
25 6.297965 -2.057107
15 3.8212786 1.5905527
6 6.420196 -2.3018985
28 5.908211 -1.9111763
0 3.0805862 4.7147956
21 3.1140177 5.045209
3 3.1574244 4.4949026
18 3.7876952 1.5421965
27 3.1828423 6.241515
29 7.1876087 -2.9389963
16 3.7342165 1.818405
11 3.1980217 6.088785
23 7.0642176 -2.7373807
12 3.1185534 6.5271187
19 5.648967 -1.5111399
2 3.3034852 6.744117
24 3.1853645 4.957781
9 3.1522722 4.8177943
5 6.4344206 -2.345977
26 3.3872867 2.742958
