30 2
21 3.5777235 4.553376
22 3.7621038 1.5726534
1 3.546174 4.9964395
4 3.9188883 1.058638
17 3.9500523 1.2506311
8 6.157863 -2.688904
23 6.6722636 -3.4086723
12 3.7774599 6.245252
28 6.006064 -2.611634
14 3.720594 1.9797747
16 3.8496659 1.749357
0 3.5577655 4.5121183
7 3.7057567 2.0770376
26 3.6320655 2.2677202
3 3.564077 4.3165436
18 3.8966753 1.255762
29 6.8088484 -3.49556
13 5.4178457 -1.7986002
15 3.8835115 1.2850714
10 5.2436733 -1.6383318
11 3.7279856 5.894094
19 5.404398 -1.6598026
25 6.0073504 -2.689828
6 6.1322927 -2.9356086
5 6.387961 -2.9346795
27 3.735339 6.0025687
20 4.0336657 0.8407888
9 3.5407844 4.5972795
2 3.8470826 6.2677727
24 3.6477923 4.6401606
