30 2
29 4.6387167 3.4907446
7 4.103085 3.4168196
25 5.365566 3.5250404
3 1.4923749 3.9718184
5 1.5360689 3.9072723
14 -2.507607 5.935986
1 5.6475167 3.3863077
4 -2.2517917 5.694808
2 -2.247779 5.764548
21 2.392848 3.8823588
20 -1.4283178 5.2228713
6 5.0562506 3.2872076
10 4.3669057 3.5633225
26 5.1049323 3.2815413
11 1.070031 4.0566773
24 1.4066817 4.0583057
28 -1.6397637 5.301245
0 0.6448136 4.2832775
12 5.0250125 3.4097128
18 -1.3371869 5.0248327
27 1.7807066 3.9236162
22 4.2986665 3.356123
15 5.742347 3.4282985
23 -2.724608 6.04188
13 2.4049885 3.6965508
8 -1.5471444 5.18327
17 -2.0388358 5.601533
16 0.81219035 4.2546577
9 0.71016514 4.3298106
19 -2.8334935 6.1498423
