30 2
21 3.0311916 4.952404
16 3.6660042 1.9943503
22 3.586665 1.9883015
10 5.4939146 -0.9944728
23 7.0470185 -2.499571
1 2.9327385 5.650797
15 3.7553673 1.7410014
26 3.39056 2.5457597
25 6.3480315 -1.9990127
7 3.3707824 2.5315762
27 2.965789 6.517217
3 2.994927 4.532671
19 5.6658287 -1.1509609
20 3.9876559 1.1178576
8 6.4811563 -1.9059656
13 5.457851 -0.94451964
4 3.780598 1.5327356
12 3.0183084 6.6712446
17 3.7833858 1.7891252
0 2.9491458 4.9207215
9 3.0304291 5.035774
14 3.4450731 2.3630571
28 6.245352 -1.8166729
5 6.6337337 -2.1444068
6 6.468915 -1.9845704
29 7.153841 -2.5617163
11 2.9271648 6.346649
2 2.9849594 6.8117743
18 3.6643589 1.6041305
24 2.9840815 5.0184627
