30 2
7 3.8330393 3.6059225
29 4.3615746 3.7817986
5 1.3940682 3.8921
3 1.4538112 4.0194025
0 0.56500375 4.2102437
18 -1.7409649 5.0466957
4 -2.4771972 5.6018543
24 1.3350033 4.019536
2 -2.4840353 5.750582
20 -1.8424693 5.1571665
14 -2.669049 5.6624656
1 5.409543 3.662478
17 -2.2168372 5.475186
6 4.910712 3.4825075
25 4.9558897 3.6662183
23 -3.0155902 5.9599276
21 2.162514 3.8594947
19 -3.0558918 6.004748
22 4.1113 3.6367931
28 -1.9448047 5.212157
10 4.367494 3.7055464
12 4.8431187 3.6191008
11 0.99822086 4.133383
15 5.424381 3.6814673
26 5.0812325 3.5575008
27 1.5797807 3.971596
8 -1.811383 5.1813307
13 2.2669399 3.893517
9 0.5019146 4.2658215
16 0.56809074 4.295402
