30 2
4 3.941505 1.2571354
22 3.7610826 1.7496407
16 3.8185186 1.6002802
0 3.3023717 4.698887
21 3.386096 4.874777
2 3.5471413 6.6501102
10 5.4522333 -1.5818437
8 6.1622925 -2.3862712
26 3.62894 2.2446523
1 3.3497648 5.244407
20 4.0611987 0.93858385
28 6.046445 -2.3320405
6 6.2816343 -2.553695
15 3.897365 1.4501146
25 6.1777124 -2.4786818
17 3.9303782 1.4276178
7 3.6045065 2.1028047
19 5.415789 -1.4674854
23 6.8354154 -3.097625
11 3.5586843 6.021087
12 3.5165167 6.5478067
3 3.3875623 4.4716268
13 5.5380826 -1.6206229
14 3.7691154 1.7776337
27 3.471399 6.0604234
5 6.3976054 -2.5476565
24 3.3733325 4.7461257
18 3.8499248 1.3183208
9 3.4077873 4.858055
29 6.9667044 -3.1894064
