300 2
187 -3.5133207 -1.4082161
67 -1.2799342 3.7500641
231 -1.9691013 0.91086423
140 -2.0758173 0.62503827
190 -1.905667 1.0354332
252 -2.0471768 0.85542375
7 -1.3782643 3.9615824
148 -3.7288055 -1.6479081
33 -1.8969986 1.1354871
282 -2.0365815 0.8289387
176 -1.3073888 3.3465753
273 -3.5736248 -1.4166008
137 -1.3006303 3.5695605
174 -2.122967 0.634328
276 -2.0387948 0.92213297
124 -1.3938215 4.389792
194 -1.9863507 0.973007
52 -1.9651035 0.90514636
28 -3.710944 -1.5381012
208 -3.794061 -1.6070119
178 -3.1162896 -0.9235905
126 -1.9613283 1.0069429
169 -1.3134509 3.7395396
189 -1.225363 3.4303558
6 -2.0038974 0.79937315
132 -1.294198 3.184084
115 -1.295154 3.9231405
22 -1.2841574 3.6242535
167 -1.2715578 3.6024034
237 -1.4123552 3.4847507
94 -2.033777 0.80392534
127 -1.9507942 0.90416
99 -1.2819923 3.643834
291 -1.9228756 1.0436676
43 -1.9261978 1.1018237
269 -3.174235 -1.0158049
241 -1.970889 0.87504977
256 -2.12361 0.7127507
134 -1.9217982 0.9962208
149 -2.0138273 0.81731325
2 -3.3723848 -1.3063899
105 -3.1045415 -0.97025335
143 -1.3382854 3.4208753
298 -1.9590213 0.97760856
75 -3.306731 -1.2428498
47 -1.3042139 3.7530322
64 -3.6945953 -1.45925
197 -1.3160957 3.5093002
259 -3.690446 -1.5959675
0 -1.260158 3.7241542
93 -1.2825452 3.2629056
129 -1.9523332 0.9521297
8 -2.0169656 0.82379335
161 -2.029699 0.89586747
116 -1.3417912 3.3741395
122 -1.2361171 3.9054403
165 -3.6938622 -1.4488945
158 -1.2859275 3.8903804
238 -1.2623047 3.7090862
12 -1.9173523 1.0828243
89 -1.8884898 1.1190914
51 -3.7623804 -1.5240337
76 -1.2784961 4.0611324
106 -1.29154 3.447559
125 -1.2566373 3.6417322
154 -4.0979586 -1.8821512
234 -1.8804492 1.0917689
11 -2.0914917 0.5868246
29 -3.6287704 -1.4164164
166 -1.3323245 3.7612789
68 -1.2890472 3.7863698
207 -1.2680546 3.9537857
90 -3.4027472 -1.2068493
205 -1.3354547 3.4650447
293 -2.0685077 0.84599143
247 -1.2977443 3.3709292
170 -1.9565945 0.9066599
287 -3.648872 -1.4943492
78 -1.2948636 3.834286
253 -1.9930496 0.9275478
192 -3.6171412 -1.433634
30 -1.2471749 3.657896
277 -1.9122913 1.1136909
60 -2.1772575 0.6279534
243 -1.9679691 0.9008231
50 -3.0193107 -0.8863595
292 -3.8027723 -1.6083758
58 -3.7321239 -1.5504194
275 -1.9190011 1.019196
130 -1.265787 3.9434004
82 -3.564297 -1.4527358
108 -1.9894515 1.0387237
284 -3.5413666 -1.4388518
196 -1.2676637 3.866225
138 -1.2772981 3.6118243
139 -3.7596557 -1.6223396
210 -1.2384983 3.876293
45 -1.2668294 3.3283594
23 -2.020414 0.85306084
36 -1.3891685 3.691277
86 -3.5478148 -1.461668
71 -1.9774431 1.0329722
199 -2.0507097 0.82815343
91 -1.8755313 1.3970805
100 -1.3113275 4.16388
294 -3.756176 -1.598307
214 -1.9041059 1.0633477
70 -1.2908124 4.0863132
229 -1.747955 1.4001448
32 -3.5613425 -1.4030483
120 -3.5008082 -1.3567184
55 -1.9196309 1.1468713
153 -3.334757 -1.268463
111 -3.4948363 -1.3611372
114 -2.2159195 0.4544238
56 -1.916728 0.98745763
63 -2.0821245 0.76762086
257 -1.287995 4.182135
209 -3.4956317 -1.3579408
236 -1.2915562 3.2364225
260 -4.069873 -1.8710787
289 -3.6718276 -1.4760344
77 -1.2154123 3.3359363
204 -3.7519572 -1.6074144
83 -2.020715 0.7143335
121 -2.049038 0.81680465
35 -2.0572534 0.71912175
159 -1.2754204 3.8701723
40 -3.8522289 -1.710336
135 -3.5128999 -1.349399
41 -1.3273553 4.1227565
224 -3.8982706 -1.6247138
54 -3.900423 -1.6604002
286 -1.31415 3.8639605
87 -1.9273976 0.9715486
274 -1.8432474 1.2378285
151 -1.957278 0.96473336
218 -1.8853247 1.1060561
258 -2.1101542 0.6148821
98 -3.427879 -1.2382846
15 -2.0154078 0.83901644
80 -1.329304 3.8681028
44 -3.2572272 -1.0892016
182 -3.3766055 -1.2234535
164 -4.073065 -1.8463931
206 -3.6309757 -1.4945153
144 -1.2954195 3.7671583
198 -3.4597707 -1.258736
297 -1.269257 3.8591285
212 -1.2369993 3.9035895
147 -1.9264553 0.98090863
131 -3.601503 -1.4229381
288 -3.9686487 -1.6879485
221 -3.707511 -1.5613126
254 -3.8222463 -1.6689591
265 -1.2779038 3.5440366
188 -2.09762 0.60818696
5 -1.8537112 1.2475342
9 -2.0613859 0.7563971
14 -3.6576247 -1.4555504
246 -1.2691544 4.1331463
37 -3.790526 -1.5764395
46 -1.2520278 4.397081
62 -3.8481865 -1.6493638
72 -3.2320914 -1.0915765
215 -1.3160759 3.451184
97 -2.1786113 0.4664141
107 -1.9878337 0.8635953
136 -3.7424521 -1.6644249
181 -3.287809 -1.1688668
211 -2.0283496 0.70506835
239 -1.3147522 3.6787856
92 -1.2954825 4.135954
84 -1.3234577 3.6979187
228 -1.919885 1.1056372
160 -3.8202026 -1.5371417
26 -1.2701262 3.4048464
27 -3.6929147 -1.4414781
263 -1.9595672 0.91438633
227 -1.2865484 3.6543126
175 -2.0077934 0.9574357
155 -3.913913 -1.6002878
270 -3.553766 -1.4056137
242 -2.0215728 0.85450757
113 -1.9526654 1.1032302
25 -3.5973246 -1.406923
168 -3.7715747 -1.6823514
18 -1.9633124 0.81453776
88 -1.3286414 3.627552
21 -1.3100351 3.591574
103 -1.2735583 3.5651357
79 -3.7813632 -1.6231828
177 -2.046291 0.77956706
118 -1.2679524 4.0742674
157 -3.510391 -1.3140898
183 -2.0121362 0.98580277
217 -1.2638344 3.827869
262 -2.0685585 0.7458188
1 -3.4497736 -1.3049926
267 -3.1341581 -1.0638232
4 -1.2998295 3.6735268
173 -2.047234 0.78320974
34 -1.9340143 1.1377056
48 -3.9553685 -1.7184303
128 -1.9537995 0.9714881
180 -2.103939 0.70247793
152 -3.531094 -1.3434111
156 -1.2788489 3.4183257
233 -2.1227617 0.6817457
222 -3.6835327 -1.5851765
225 -1.2886455 3.735669
19 -1.2787124 3.5931551
186 -1.963606 1.0236889
290 -1.249159 3.9213982
57 -2.0719202 0.68412745
295 -3.4778671 -1.2601842
66 -1.3307636 3.387511
81 -1.241773 3.7509089
119 -1.234998 3.3589916
283 -1.3828187 3.4974494
280 -2.0006914 0.8389808
250 -3.7506862 -1.5603935
240 -2.1536071 0.5559514
271 -1.3394922 4.353693
73 -2.036766 0.82801193
150 -2.1047223 0.64195424
39 -2.016834 0.9360389
59 -3.6164682 -1.5733763
69 -1.3406863 3.488787
201 -1.9733685 0.83555084
123 -1.3090936 3.6851184
172 -3.6794007 -1.5382826
10 -1.3225539 3.9286556
13 -2.0527725 0.781226
17 -1.3782265 3.8070557
20 -1.2874415 3.2504787
31 -1.3740125 3.9395328
223 -4.0173073 -1.6822962
193 -3.5751953 -1.4102021
53 -1.3267863 4.0738764
244 -2.1511056 0.71677524
65 -3.517478 -1.2891126
216 -3.6878603 -1.4622605
185 -3.8762603 -1.5521531
85 -3.813659 -1.5986779
104 -1.9845072 0.96093804
232 -3.6867201 -1.5449123
296 -3.7517285 -1.555287
213 -2.0457826 0.734485
171 -2.0179086 0.8692091
272 -1.292385 3.2369914
42 -1.3118773 3.9535754
101 -2.1582131 0.67164695
102 -1.9290857 1.0195221
230 -1.2770818 3.5289714
117 -1.9142159 0.97052974
281 -2.1433318 0.64491457
184 -3.9045057 -1.7083641
38 -1.2773563 3.5489492
142 -1.3010609 3.7176187
202 -4.2000866 -2.00574
251 -1.3237143 3.6783822
95 -4.0265713 -1.821604
110 -3.1944752 -1.0912089
226 -1.3000379 4.1697793
162 -1.9674877 0.97389627
266 -2.1092176 0.73890305
3 -1.3109248 3.8534877
235 -1.3065299 3.6346495
249 -3.8676243 -1.6697649
109 -4.2175746 -1.9561995
245 -3.322899 -1.076986
278 -1.3365569 3.7273445
24 -1.3330553 3.8022957
49 -1.8839695 1.0695733
61 -2.185554 0.59849083
261 -3.5634995 -1.4452754
191 -1.2593737 4.3519063
279 -2.1273131 0.7754276
179 -1.3341619 3.4897132
248 -3.8727624 -1.6496656
16 -3.617691 -1.4582703
200 -1.2809045 3.746947
299 -1.2877778 3.654644
112 -3.542314 -1.4074178
203 -3.7712307 -1.5718256
74 -3.5724664 -1.3692151
163 -2.1330547 0.6220885
133 -3.1575308 -1.007359
141 -3.7354155 -1.6134701
219 -3.6286726 -1.4766797
96 -1.3113134 3.6869807
145 -3.9081838 -1.734232
146 -3.928272 -1.7937053
285 -1.2361248 4.2228436
268 -1.2958841 3.8535943
195 -1.2706171 3.5339854
255 -1.9490308 1.1054502
264 -3.65891 -1.4989146
220 -3.565185 -1.3853716
