30 2
1 3.0647526 5.5262394
19 5.6407647 -1.46721
10 5.355237 -1.0796062
22 3.6704283 1.8488852
25 6.2751904 -2.0220683
16 3.7843647 1.7858742
14 3.5958784 2.1734915
26 3.4144979 2.744936
7 3.5297735 2.422525
23 7.037972 -2.7351284
21 3.1286855 5.0096207
28 5.8428583 -1.9075203
8 6.2359757 -2.0388262
0 3.0633793 4.7385616
11 3.1703079 6.0549746
4 3.8543832 1.3910677
12 3.1109655 6.516661
15 3.8383064 1.6138163
18 3.795877 1.5622649
20 4.006988 0.9543454
13 5.4771175 -1.0813724
17 3.8421729 1.6803555
6 6.406749 -2.32212
24 3.1967318 4.955968
5 6.4262295 -2.4144084
3 3.1414034 4.4863815
27 3.1472034 6.2392583
29 7.182754 -2.931185
9 3.152389 4.819301
2 3.3231952 6.7790117
