30 2
16 3.874174 1.5189912
1 3.770546 5.002048
10 5.299309 -1.9269234
7 3.7500298 1.9837508
13 5.188505 -1.7679477
14 3.8364644 1.7362466
28 5.8297286 -2.7217147
21 3.8104894 4.4514904
22 3.8943226 1.3479043
19 5.4402766 -2.155686
15 4.054296 0.9703118
4 3.9639094 0.9543042
23 6.619577 -3.7398396
0 3.751174 4.267736
25 5.973522 -2.8984306
8 6.0043817 -2.8878775
17 4.065077 0.9517462
3 3.7263927 4.344387
24 3.739512 4.5640807
6 6.0228724 -2.9825106
12 4.04481 6.2331715
27 3.8659146 5.8962307
26 3.785651 1.9133016
5 6.1968575 -3.173865
18 3.8938627 1.0961996
9 3.784389 4.500567
20 4.118561 0.5227341
29 6.5882597 -3.644909
11 3.9674702 5.722772
2 4.0560884 6.22755
