30 2
15 4.08697 0.98978096
16 3.8452022 1.5670967
25 5.999589 -2.8486319
14 3.8489566 1.7620782
1 3.8042033 5.0272245
19 5.4448566 -2.0714011
13 5.1741333 -1.7605488
7 3.7098095 1.9651608
10 5.2951565 -1.867781
21 3.8260837 4.497763
4 3.9660275 0.9028125
23 6.54619 -3.694581
22 3.9065502 1.3390043
28 5.7814374 -2.7585282
12 4.0168605 6.160261
20 4.122616 0.4715523
6 5.9939976 -3.006509
0 3.6831577 4.3051434
8 6.0283113 -2.8976781
29 6.621555 -3.7025907
26 3.8154998 1.9572808
17 4.0751495 0.93840516
5 6.216622 -3.0996883
18 3.936092 1.1080956
11 3.899054 5.775521
27 3.9588363 5.8413982
2 4.0601 6.254214
3 3.7463272 4.3114767
24 3.6766253 4.558094
9 3.712917 4.478989
