30 2
26 3.4315763 2.4860215
21 3.0752664 4.9992824
1 2.905357 5.6520495
4 3.8947186 1.3596761
15 3.8550825 1.5834023
10 5.513116 -0.94347245
13 5.4125304 -0.9029901
16 3.652328 2.0200777
17 3.8193977 1.7369832
22 3.6471086 1.9605271
28 6.1518893 -1.7271028
8 6.4391494 -1.9630557
14 3.5237925 2.334278
7 3.4302878 2.4877539
20 3.9699223 1.0444568
25 6.306172 -1.8952329
6 6.384319 -2.104815
12 2.9555118 6.6350393
18 3.7235954 1.5351356
23 7.0808654 -2.5529063
0 2.9582338 4.8111525
3 3.0241094 4.69247
11 2.9336107 6.2604876
24 2.972642 4.9067907
19 5.502962 -1.0477015
27 2.9620135 6.4050236
9 3.041987 5.062279
29 7.107857 -2.5961957
2 3.052865 6.9125776
5 6.6619253 -2.211237
