30 2
1 3.043301 5.51697
23 7.1217074 -2.6718273
21 3.1517015 4.9449778
25 6.370146 -2.0499368
22 3.683612 1.7118026
16 3.666498 1.8073179
17 3.7277293 1.8513818
15 3.789057 1.6531324
19 5.641159 -1.3306242
4 3.8633435 1.4078357
7 3.4573336 2.4394803
8 6.2909107 -2.031481
13 5.3591323 -1.2212864
20 4.0026016 0.93100685
27 3.125178 6.233237
0 3.0973299 4.723931
6 6.3572216 -2.0818195
10 5.408242 -1.1405768
26 3.4403965 2.6747644
14 3.5880365 2.2708178
9 2.9926646 5.0535026
18 3.6799407 1.5433384
11 3.06566 6.166705
28 6.137128 -2.0013258
5 6.459386 -2.1540196
3 3.0656667 4.623064
12 3.0940278 6.673877
29 7.222604 -2.8497992
24 3.1414013 4.914381
2 3.177672 6.893101
