30 2
29 4.738076 3.2513988
7 4.199512 3.2484171
20 -1.3315988 5.309134
18 -1.2721784 5.2100344
5 1.8020977 3.8368914
3 1.6532234 3.956634
8 -1.1170608 5.193232
11 1.3681794 3.999362
14 -2.0736346 5.998923
0 0.87532943 4.1796436
1 5.688007 3.1084442
6 5.2732244 3.0519319
2 -1.758469 5.7869225
25 5.38724 3.106226
24 1.7443727 3.9683423
22 4.3722944 3.1500282
28 -1.6441863 5.433867
19 -2.512162 6.2745175
15 5.951495 3.1553953
13 2.5202303 3.649354
12 5.3703876 3.2137008
27 2.0937102 3.7862594
21 2.5123882 3.707393
10 4.394796 3.2250476
4 -1.9869807 5.8144917
26 5.3909483 2.9893026
23 -2.501998 6.2700977
17 -1.6558967 5.645432
9 0.98943734 4.253055
16 1.126401 4.3131123
