30 2
22 3.8417127 1.2963887
21 3.86955 4.511386
1 3.865672 4.9489565
13 5.302493 -2.000651
18 3.8639305 0.97863233
25 5.9357767 -2.8612585
16 3.859299 1.41565
15 3.9324813 1.108053
7 3.8068032 1.9163806
14 3.8651786 1.7487946
11 3.9466937 5.538734
4 3.969259 0.7454067
10 5.2755218 -1.970506
28 5.7941246 -2.7917264
6 6.106536 -3.0527382
19 5.308705 -2.0766811
2 4.15824 6.027024
3 3.7680068 4.2005854
8 5.8351603 -2.928056
17 3.9257195 1.2444315
27 4.0005054 5.7484245
24 3.7856722 4.4465017
29 6.6211543 -3.6721816
23 6.5592036 -3.7618244
9 3.8553495 4.48615
5 6.122177 -3.3055992
20 4.0482903 0.5976926
12 4.1022997 6.1242805
0 3.700283 4.181168
26 3.7329252 2.0309122
