30 2
29 4.374821 3.7956452
20 -1.9390606 5.1802945
7 3.763439 3.6595433
14 -2.826174 5.74701
4 -2.53651 5.4951816
8 -2.0010703 5.0909195
21 2.2133996 4.0163426
24 1.2516013 4.0913873
1 5.3075056 3.7904227
25 4.916271 3.7132611
0 0.62843686 4.166365
12 4.654286 3.6565506
5 1.3265444 3.9370406
2 -2.482495 5.727604
3 1.2980884 4.009757
17 -2.2872517 5.441322
23 -3.0807173 5.8540626
10 4.0806556 3.7052157
15 5.5478916 3.7653348
22 4.0206194 3.6738117
18 -1.8182468 5.0264206
6 4.949734 3.6338506
26 5.127572 3.6180267
9 0.5968982 4.3595395
19 -3.1605353 5.859253
16 0.5725477 4.332938
11 0.8050466 4.1483703
13 2.1848917 3.881259
27 1.6041421 3.9151843
28 -2.0955834 5.2104316
