30 2
22 3.8021636 1.5399524
28 5.8940883 -2.6652176
25 6.0362344 -2.8101017
4 4.0419774 0.8436126
26 3.682344 2.112328
7 3.766815 1.9848373
8 5.9936514 -2.7301545
21 3.7091877 4.5122356
27 3.823564 5.994962
17 4.03255 1.2259235
1 3.6587503 5.0234914
23 6.5894976 -3.5623114
11 3.85627 5.716131
19 5.3260274 -2.0025501
13 5.181782 -1.8409758
14 3.7888482 1.9997246
16 3.9047456 1.5876775
15 3.9854362 1.3177582
10 5.366205 -1.8318167
2 3.9873915 6.230502
20 4.052957 0.49595088
3 3.6925676 4.197165
9 3.720733 4.694927
0 3.6587992 4.422805
6 6.103033 -2.9797208
18 3.9392626 1.0941709
5 6.1355577 -3.0786915
29 6.86556 -3.737703
12 3.966046 6.1856794
24 3.7141929 4.55656
