30 2
29 3.93016 4.0285015
2 -2.8434741 5.4399567
20 -2.2068665 4.9722614
7 3.599427 3.9022837
14 -3.1427438 5.4664507
1 5.2583222 4.107553
4 -2.9884822 5.382111
3 0.9204455 4.210264
5 1.0524093 4.162351
0 0.2066658 4.2939706
18 -1.8963611 4.9110146
21 1.8269519 4.117213
23 -3.5590947 5.67326
25 4.8780785 4.0788417
6 4.6733637 3.927995
22 3.610045 3.8666637
8 -2.314231 4.989141
12 4.785115 4.0319085
10 3.7966106 4.0363555
24 1.1374637 4.157427
26 4.8670096 3.8951807
19 -3.508309 5.635026
27 1.3703524 4.1445785
11 0.7176833 4.1568427
15 5.0263577 4.0240417
16 0.29777384 4.37898
13 1.9955034 4.0756483
28 -2.3140054 5.025277
9 0.4216741 4.320937
17 -2.8465645 5.388441
