30 2
7 4.001408 3.530266
1 5.5944986 3.5821657
25 5.154751 3.6249056
21 2.3623786 3.8666606
18 -1.6388531 5.147661
3 1.4232932 4.1018643
26 5.3025265 3.3773625
20 -1.727888 5.2722764
14 -2.628632 5.836732
2 -2.3507261 5.694403
4 -2.4747431 5.789895
29 4.485269 3.6578882
5 1.4937447 3.9681735
8 -1.7347085 5.108207
11 1.108126 4.076124
28 -1.8617287 5.203883
0 0.62444884 4.249273
6 4.8612647 3.436025
19 -3.080967 6.1852927
10 4.192691 3.564532
23 -2.7818482 5.8215632
24 1.3916037 4.0934067
22 4.183793 3.467982
16 0.6966836 4.3652973
17 -2.0929012 5.5378594
9 0.69776523 4.232706
15 5.561045 3.574488
12 4.980716 3.5361435
27 1.7023242 3.9531882
13 2.3362763 3.697659
