30 2
16 3.9414933 1.5893856
28 5.8173156 -2.6420174
7 3.7335424 2.0225775
14 3.7836657 1.8972155
21 3.700544 4.6123085
4 3.9501138 0.82556415
18 3.8802319 1.1126848
22 3.8820899 1.2921009
1 3.6512387 5.118074
13 5.2203193 -1.8349434
8 5.997524 -2.732643
25 6.0103207 -2.7970402
15 3.9207242 1.3066074
23 6.641833 -3.5038111
27 3.86271 5.9421163
12 3.9613807 6.1361003
26 3.6626198 2.1752546
10 5.3291545 -1.8108408
6 6.020502 -3.0025957
24 3.8059146 4.5568867
2 4.0570807 6.1650867
19 5.3157196 -1.9658557
11 3.8647504 5.637325
3 3.6560647 4.2844706
17 4.0205197 1.1115552
29 6.82258 -3.7851126
0 3.6283293 4.5421047
5 6.119591 -3.1262643
20 4.1385946 0.42069367
9 3.7025232 4.55118
