30 2
7 4.3963766 2.8647356
2 -1.3439597 5.9811616
29 4.979194 2.856501
3 1.9460273 3.8809297
4 -1.5095223 5.8958426
5 2.1804512 3.6270523
23 -1.8528994 6.447851
20 -0.90551883 5.4042883
1 5.8966446 2.6294382
14 -1.732943 6.201577
21 2.895461 3.4353366
0 1.2217853 4.003034
10 4.839007 2.8832424
11 1.7172312 3.880012
18 -0.65041703 5.2340803
16 1.4824748 4.056948
22 4.6108427 2.8084712
6 5.4676538 2.703032
25 5.6872497 2.6796978
17 -1.1460836 5.721483
27 2.363688 3.6610837
24 2.0792055 3.7774763
8 -0.93506175 5.443549
15 6.1540885 2.6668973
26 5.640962 2.6205707
12 5.4682226 2.7370563
19 -1.9355423 6.477492
9 1.492732 4.0933676
13 3.0389128 3.4279099
28 -1.3496946 5.684547
