300 2
260 -3.9930084 -2.0107968
6 -2.066445 0.6585542
252 -2.0890594 0.55851096
55 -2.0260446 0.78494906
234 -1.969912 0.9903416
117 -2.097053 0.59259486
258 -2.097753 0.62703615
284 -3.607539 -1.6392782
250 -3.8372731 -1.8369762
159 -1.3717625 3.6593428
88 -1.435798 3.7382283
128 -2.0953567 0.5838862
152 -3.398073 -1.4372158
206 -3.3007197 -1.3654351
82 -3.553352 -1.5586154
237 -1.4107206 3.334282
190 -2.011861 0.8346834
262 -2.0487452 0.6546253
54 -3.6600478 -1.6736721
244 -2.047478 0.64459383
148 -3.6971867 -1.6764967
77 -1.43199 3.0501125
228 -1.9894782 0.98143125
282 -2.1232872 0.5975527
121 -2.1594718 0.52260035
48 -3.509521 -1.5325247
298 -2.0110097 0.89249235
87 -2.10579 0.67080134
119 -1.4211727 3.5607858
286 -1.4776905 4.263244
257 -1.4132613 3.9700587
51 -3.555051 -1.4676038
151 -1.9719696 0.8392412
105 -3.296411 -1.3008573
272 -1.4321214 2.8456612
231 -1.9452099 0.9509984
130 -1.4665586 3.9559975
203 -3.7456312 -1.7668082
9 -1.9158683 0.9815726
238 -1.3945068 3.7893882
100 -1.5040399 4.0090523
33 -2.0075562 0.85654557
35 -2.1594026 0.5422757
62 -3.8144178 -1.8261136
247 -1.4386816 3.3779745
116 -1.3806837 3.6804202
134 -1.8633785 1.1251701
187 -3.8048089 -1.8456295
3 -1.424661 3.7675679
243 -1.9118185 1.0290068
29 -3.5686548 -1.6542128
40 -3.6319022 -1.6791764
215 -1.4375491 3.5646791
241 -2.0862405 0.74367017
213 -2.0760474 0.72415876
157 -3.642949 -1.7246642
37 -3.4953964 -1.6488736
76 -1.4249859 3.604985
72 -3.1529262 -1.1379393
261 -3.331137 -1.3107084
219 -3.4699156 -1.5455804
109 -3.6118937 -1.5896727
189 -1.4631858 3.5021873
198 -3.3202941 -1.4688556
126 -2.0357223 0.85164696
221 -3.637271 -1.7015303
68 -1.4164507 3.5260293
46 -1.5027593 4.073457
129 -2.0560112 0.78146213
103 -1.4286544 3.5635393
230 -1.449173 3.0753124
73 -1.9913751 0.7854933
291 -2.0102167 0.8081889
132 -1.4103857 3.554709
175 -2.049287 0.6791395
235 -1.4397477 3.675501
2 -3.722884 -1.7936801
7 -1.4126058 3.4361825
236 -1.388403 3.2610326
98 -3.351144 -1.4415992
285 -1.3993695 3.9791255
104 -2.0169098 0.7790612
227 -1.4713911 3.208326
256 -2.1167016 0.46623716
165 -3.6842937 -1.668888
245 -3.6347692 -1.6572267
292 -3.6081624 -1.5147182
0 -1.4135653 3.1679013
1 -3.6406736 -1.7389795
53 -1.4385766 3.7170346
36 -1.4544405 3.5865042
251 -1.4567816 3.7931757
84 -1.4769691 3.6287212
122 -1.4600171 4.148984
222 -3.793932 -1.9296668
61 -2.1813931 0.5036893
173 -2.0602977 0.80221814
74 -3.4164968 -1.4634284
246 -1.4334314 3.8313425
162 -1.9946175 0.9278677
101 -1.9618812 0.88273066
127 -2.0436425 0.6653227
155 -3.6733878 -1.7180911
208 -3.710545 -1.7073249
168 -3.5073578 -1.6361395
177 -2.0143273 0.8266954
16 -3.525031 -1.5852267
160 -3.620827 -1.6430892
153 -3.5898566 -1.6215686
31 -1.4198277 3.8270462
180 -2.1628025 0.4609655
42 -1.4618413 3.815604
50 -3.0015097 -0.96868384
60 -2.1343777 0.59902465
111 -3.3885217 -1.433869
201 -1.9570516 0.8496979
181 -3.5244725 -1.5358809
167 -1.456922 3.7793174
97 -2.0416222 0.76955533
195 -1.3648685 3.3535953
150 -2.159376 0.51736766
170 -2.0666497 0.69471025
192 -3.3999755 -1.471281
202 -4.017403 -2.0635133
217 -1.4323624 3.9153166
276 -1.9739283 0.85625887
71 -2.0127158 0.82971
214 -1.9116595 0.8985955
147 -2.0315363 0.7576513
67 -1.4633806 3.7814248
139 -3.7053123 -1.7535036
145 -3.7315931 -1.8683052
156 -1.4523774 3.8085792
22 -1.40444 4.0363226
178 -3.2806354 -1.3567791
191 -1.4695781 3.7317424
123 -1.4675617 3.8053303
266 -2.0406556 0.89659643
21 -1.4402038 3.402011
18 -1.9360651 0.8370575
45 -1.4164441 3.7360256
27 -3.6149273 -1.6706549
75 -3.5049903 -1.51669
259 -3.5801218 -1.5685071
56 -1.9736098 0.80276895
267 -3.1851037 -1.2138487
110 -3.0755908 -1.177712
91 -1.881618 1.3406978
233 -2.1845305 0.45685253
135 -3.2102346 -1.2566181
144 -1.5037261 3.5128636
269 -3.4738033 -1.3869936
212 -1.4691974 3.9429402
211 -1.9769949 0.8859573
296 -3.9153845 -1.8539149
5 -1.9267443 1.0908948
197 -1.4937174 3.8559053
124 -1.466789 4.0117235
142 -1.4556228 3.9506292
28 -3.623126 -1.6310344
59 -3.3170195 -1.3454094
293 -2.0170503 0.7811305
69 -1.4491554 3.382147
79 -3.686009 -1.7676373
86 -3.3431218 -1.3979933
188 -2.115776 0.5687165
90 -3.3905628 -1.3432871
115 -1.4895301 3.8007324
200 -1.438146 3.8696213
138 -1.4673032 3.7787852
240 -2.310108 0.27665538
4 -1.4617813 3.703056
8 -1.9850626 0.8109013
19 -1.483128 3.2961693
23 -1.9966397 0.7847314
83 -2.0929875 0.7654217
47 -1.3791339 3.195951
242 -1.9568661 0.88825744
169 -1.4850315 3.8223555
85 -3.627003 -1.6564813
265 -1.4284719 3.3461819
158 -1.4456666 3.6974945
280 -2.091635 0.612203
207 -1.4564153 3.7277822
174 -2.066615 0.69477373
26 -1.4213293 3.2029436
65 -3.5934112 -1.6002432
25 -3.566042 -1.6765853
34 -2.0043557 0.9448339
57 -2.0669305 0.7713549
41 -1.4338154 3.9494696
78 -1.4306861 3.8031232
94 -2.1058893 0.6633883
232 -3.968072 -1.9313691
277 -1.9549197 0.95303357
114 -2.1179733 0.62873167
131 -3.5746932 -1.7240705
193 -3.6021247 -1.6106273
179 -1.5142245 3.8828237
15 -1.9397339 0.97907317
290 -1.4686923 3.4758744
210 -1.3895544 3.743839
32 -3.4161081 -1.4611585
194 -2.0052352 0.8005266
112 -3.7109745 -1.7914681
294 -3.7266192 -1.815355
220 -3.510168 -1.5942613
216 -3.6137846 -1.6806709
154 -3.8505123 -2.019364
164 -3.9027166 -1.974575
185 -3.7316937 -1.8235692
273 -3.3554382 -1.4720545
13 -1.9912416 0.8982294
14 -3.6030638 -1.5789592
166 -1.4339808 3.7685149
17 -1.4560844 4.0195365
289 -3.4408529 -1.3798902
30 -1.3846046 3.7598531
161 -2.0217998 0.88268393
253 -2.006662 0.81126314
288 -3.8861878 -1.9425901
143 -1.4411219 3.4498188
80 -1.4884313 3.624493
254 -3.7796443 -1.8435559
12 -1.9128467 0.914107
209 -3.4943535 -1.5323129
20 -1.4143094 3.7588146
95 -3.7907708 -1.7960237
63 -2.0708098 0.66508585
149 -2.1071308 0.6378393
64 -3.426636 -1.4454415
297 -1.4727526 3.7862456
218 -2.0041232 0.8813097
255 -1.9417688 1.0831953
184 -3.680687 -1.7016699
274 -2.0169406 0.9091407
283 -1.3992387 3.6654792
268 -1.5046486 3.9784403
39 -1.9829924 0.96721274
66 -1.4479482 3.9390383
205 -1.453123 3.1718497
102 -1.9953007 0.82137394
270 -3.6719968 -1.6827964
279 -2.1099584 0.55042696
133 -3.2951512 -1.4332757
163 -2.1777878 0.5800103
204 -3.591235 -1.5693837
275 -2.0477176 0.7507438
107 -2.0389767 0.83685696
58 -3.4336953 -1.4936593
81 -1.4650586 3.606269
271 -1.4678625 4.358747
137 -1.415345 3.559185
146 -3.9381173 -1.9020382
172 -3.7971275 -1.8581986
183 -2.025693 0.8628846
199 -1.957593 1.07134
229 -1.8366948 1.2961196
299 -1.4277261 3.8919075
263 -2.0959866 0.7734445
93 -1.4029534 3.947251
96 -1.4047651 3.5095563
118 -1.5035722 4.103286
141 -3.7462626 -1.7874839
10 -1.4478883 4.0359616
287 -3.6981525 -1.8459494
89 -1.9356178 1.0627921
38 -1.440873 3.5965576
43 -1.9807655 0.9365594
239 -1.4229581 3.4534712
99 -1.4449862 3.7976217
196 -1.4430615 3.684004
186 -2.0188675 0.84922105
108 -2.1299639 0.62856597
224 -3.9060535 -1.8288579
225 -1.4490242 3.8419714
281 -2.1468565 0.5847684
120 -3.3529077 -1.3455135
171 -2.031896 0.7599331
249 -3.8941047 -1.9911592
11 -2.08457 0.6377992
44 -3.2305167 -1.2905372
70 -1.3975145 3.8125618
125 -1.414988 3.5153794
223 -4.1649885 -2.223023
226 -1.4708729 3.992915
136 -3.8752322 -2.0065746
92 -1.4086332 4.2766056
295 -3.2650263 -1.2953343
24 -1.4652119 3.4620538
182 -3.6845896 -1.6800619
106 -1.4857625 3.6556795
113 -1.9959787 0.8026293
49 -2.0790586 0.8673426
52 -1.9291632 0.9846139
140 -2.1296926 0.5870987
176 -1.4937727 3.7528498
264 -3.6845722 -1.8461239
278 -1.4527688 3.40037
248 -3.9416971 -1.9809674
