30 2
7 3.8641229 3.6117787
25 4.97366 3.654978
4 -2.4951808 5.590867
14 -2.6394906 5.668701
2 -2.4859354 5.7326083
3 1.4468663 3.9799953
24 1.3221263 3.9844272
20 -1.8273759 5.1923842
0 0.57858205 4.1470275
5 1.3615165 3.9320662
29 4.353848 3.7553585
21 2.1529593 3.9114003
23 -3.00954 5.9531803
18 -1.6718552 4.9896655
11 1.0193905 4.1683683
1 5.421611 3.6905797
12 4.913731 3.6540298
10 4.3019753 3.6575599
15 5.437545 3.6121242
16 0.57077163 4.2666097
6 4.9007673 3.5186954
22 4.136851 3.641883
8 -1.7832004 5.1453276
19 -3.070444 6.067214
9 0.53062737 4.296762
17 -2.2257447 5.4966435
26 5.103629 3.5447183
13 2.2845302 3.8948383
27 1.6603066 3.9693012
28 -2.0176194 5.2238336
