30 2
29 4.9166985 2.7946231
2 -1.2303878 5.985832
3 1.9989972 3.8300292
14 -1.7168299 6.202155
18 -0.62562233 5.295515
7 4.476625 2.8184867
5 2.1908603 3.6783082
20 -0.97391516 5.4237614
0 1.2390568 4.0882635
10 4.863652 2.860187
4 -1.4227846 5.916918
12 5.415864 2.7221136
23 -1.8114382 6.411421
24 2.2414646 3.6749315
25 5.8018746 2.5825567
15 6.200885 2.6049974
8 -0.99187195 5.4548345
21 2.9525433 3.444661
28 -1.2438806 5.739094
22 4.6898537 2.80171
17 -1.2101668 5.745172
1 5.936915 2.6532083
26 5.636159 2.5973601
6 5.466376 2.622361
19 -1.9094476 6.5273266
13 3.0668662 3.3176913
9 1.5365182 4.03645
16 1.603277 4.1324835
11 1.7119334 3.8009517
27 2.4011567 3.600681
