30 2
29 4.841414 3.0900319
7 4.2238016 3.054386
2 -1.6089514 5.9301105
1 5.8561172 2.9535742
25 5.6203866 2.9146934
3 1.7027909 3.9057882
14 -2.0600398 6.2040815
20 -1.1119987 5.3614554
15 5.9638133 2.9160984
0 1.1342152 4.080506
23 -2.2767003 6.428519
6 5.282442 2.833817
4 -1.7052048 5.7822695
18 -0.82625276 5.080681
24 1.9801297 3.908577
5 1.956322 3.73151
10 4.5961957 3.0790746
17 -1.4063162 5.7357454
22 4.484764 3.0112274
21 2.718375 3.5874832
16 1.3474574 4.1847553
26 5.404647 2.830914
11 1.3771578 4.071719
27 2.247818 3.6852057
12 5.433597 2.9370131
28 -1.3418986 5.4015594
9 1.3413163 4.219192
13 2.7001834 3.5305066
8 -1.1204919 5.323064
19 -2.2815013 6.371944
