30 2
16 3.6933095 2.0074375
21 2.9888103 5.0465364
1 2.875867 5.5890703
7 3.3977334 2.5284362
25 6.372814 -1.8100268
22 3.5895708 1.9606501
6 6.39713 -2.064551
14 3.5269847 2.3462377
10 5.481284 -0.90815234
4 3.82379 1.4730812
17 3.7017052 1.8574675
8 6.374924 -1.766592
19 5.6138983 -1.1615882
13 5.5009 -0.9843332
20 3.98798 1.2007926
23 7.025099 -2.4244645
15 3.777837 1.8470494
18 3.6523762 1.682834
26 3.3172367 2.6237967
9 2.8975966 5.04976
29 7.275067 -2.4994814
0 2.8675883 4.928553
27 2.8588912 6.4268303
3 2.932474 4.625751
11 2.8918226 6.2064347
2 2.9657266 6.892194
28 6.170288 -1.7596761
12 2.9371002 6.7329497
24 3.017586 4.9992847
5 6.724788 -2.1403522
