300 2
252 -2.1247892 0.62541395
8 -2.0703776 0.64870524
55 -2.057076 0.64834833
242 -2.0287645 0.74256843
174 -2.0650005 0.7439703
198 -3.376001 -1.5274266
269 -3.2716029 -1.4122268
157 -3.5359645 -1.5488268
251 -1.4278886 3.6438432
208 -3.5468948 -1.6790385
202 -4.05812 -2.1759923
272 -1.420687 3.3622034
131 -3.4642258 -1.5259335
237 -1.4436054 3.3961592
165 -3.2788703 -1.4580114
23 -2.1535666 0.5292795
33 -2.010398 0.9165985
115 -1.4953983 3.9620621
212 -1.5220059 3.8815205
204 -3.6887064 -1.8505988
289 -3.5135114 -1.5520601
240 -2.26706 0.2518119
247 -1.512607 3.731386
203 -3.6614735 -1.7388978
27 -3.7485988 -1.8526524
65 -3.5488043 -1.6320332
276 -2.0651615 0.6857273
225 -1.4509572 3.8261218
180 -2.0016034 0.8234073
100 -1.4882038 3.9102094
244 -2.1601465 0.48982373
7 -1.4614494 3.181268
129 -1.9961398 0.90043366
47 -1.475871 3.1007123
156 -1.4381177 3.5193975
167 -1.4025693 3.6155794
11 -2.10161 0.58302426
12 -1.9653491 0.9297846
18 -1.9462677 0.965895
155 -3.8781862 -1.937065
282 -2.0413468 0.6623439
209 -3.3112373 -1.4986165
205 -1.469815 3.2540166
201 -2.0072463 0.89911264
140 -2.0923746 0.55802846
84 -1.4987404 3.5886145
20 -1.4747423 3.243332
46 -1.468519 3.9358053
75 -3.5053394 -1.6689641
89 -1.9981097 0.98556566
170 -1.9006715 1.0019128
259 -3.3701766 -1.45562
35 -2.0733647 0.7341206
63 -2.0199041 0.8216052
34 -2.0806217 0.7852012
94 -2.0636122 0.6855609
96 -1.5094886 3.8462696
154 -3.726334 -1.735702
176 -1.5206914 3.6249943
177 -2.101541 0.6972491
19 -1.4868433 3.6782055
286 -1.4442987 3.8488023
31 -1.4312546 3.7400248
60 -2.1693728 0.5920339
116 -1.5037988 3.226781
73 -2.0810533 0.72918046
88 -1.4367036 3.2091298
122 -1.5005854 4.079353
146 -3.6922941 -1.7561306
144 -1.5170001 3.341109
253 -2.0536747 0.83583945
218 -2.0324504 0.7327716
234 -2.007186 0.9462383
263 -2.0816917 0.602024
262 -2.100854 0.6435743
106 -1.4574292 3.5932977
164 -3.9244282 -1.9545645
152 -3.3394067 -1.3442763
49 -2.01863 0.9306193
108 -1.9681284 0.9042564
117 -2.0728426 0.6092265
199 -2.0000002 0.9235118
163 -2.1772707 0.5809327
132 -1.4567544 3.2574067
207 -1.4900392 3.754022
293 -2.0532937 0.71269417
0 -1.4808943 3.6221457
195 -1.5253068 3.6731625
166 -1.4848891 3.7542088
10 -1.4797778 3.9191415
215 -1.417555 3.701954
107 -1.9878657 0.891668
246 -1.4288008 4.061786
54 -3.709666 -1.8636236
77 -1.4586966 3.1990287
99 -1.466975 3.4836695
81 -1.3751158 3.8141432
296 -3.5216713 -1.6874659
104 -2.054455 0.74916416
284 -3.362448 -1.4166049
238 -1.495017 3.4586778
127 -2.0857003 0.6553269
175 -2.070826 0.7468332
16 -3.6669767 -1.726544
267 -3.2611766 -1.3926758
36 -1.5080454 3.6998854
78 -1.4673008 3.6888342
185 -3.7293308 -1.8589997
211 -2.0448809 0.71426475
186 -2.0711923 0.68933123
200 -1.4953017 3.6714253
5 -1.9637903 1.0660857
299 -1.4054848 3.539189
9 -2.0101638 0.8729667
93 -1.4282916 3.47805
32 -3.3459911 -1.4428829
45 -1.4900715 3.4435787
51 -3.476144 -1.5233874
68 -1.4297203 3.6606734
72 -3.4731817 -1.5423535
86 -3.4446816 -1.6283412
158 -1.3833714 3.8676105
128 -2.0781543 0.6369808
149 -2.0682123 0.7916087
4 -1.4897492 3.51332
67 -1.4247397 3.7806084
24 -1.445017 3.208612
288 -3.4837942 -1.5846349
112 -3.8127425 -1.8036488
147 -2.0821853 0.6077539
43 -2.0367174 0.85079736
57 -2.0806656 0.7365585
190 -1.985739 0.9545344
58 -3.7169406 -1.8094738
273 -3.5475578 -1.6269802
228 -1.9870334 0.8195617
105 -3.1910849 -1.2719675
194 -2.1112857 0.7421264
265 -1.4506679 3.6335597
139 -3.921592 -1.9929771
181 -3.5055945 -1.7754943
254 -3.5512683 -1.6372577
6 -2.0294936 0.7183287
22 -1.4824222 3.6677039
82 -3.5709975 -1.6279308
29 -3.2455099 -1.2215748
30 -1.3801783 3.7703507
39 -2.067883 0.7119523
220 -3.644363 -1.7662578
50 -3.0063732 -1.0561326
53 -1.4618771 3.5527215
191 -1.3825108 3.9947243
162 -1.9907974 0.91392165
109 -3.7058837 -1.7255019
130 -1.5097749 3.918275
233 -2.049 0.84350216
249 -3.787439 -1.9114782
231 -1.8807564 1.1285007
255 -1.9988775 0.940402
124 -1.5034829 3.9917545
87 -2.039333 0.87020063
277 -2.0736485 0.76940936
189 -1.4890643 3.1579237
121 -2.0653298 0.7878578
134 -1.9662752 1.0293058
141 -3.4817774 -1.6334544
197 -1.4425106 3.590658
153 -3.2975347 -1.4194474
239 -1.4580858 3.1319928
230 -1.469478 3.2141476
275 -2.0753825 0.7349444
271 -1.568215 3.8695674
159 -1.4656826 3.8779347
14 -3.7060938 -1.8216056
42 -1.4482385 3.8502986
223 -3.9834807 -2.0872617
119 -1.4305425 3.3917046
135 -3.1441748 -1.2097447
294 -3.6748514 -1.8280388
150 -2.240023 0.2865636
281 -2.1274588 0.64423656
229 -1.8196517 1.2021458
142 -1.4569947 3.7276964
151 -2.0476897 0.7526549
25 -3.5318525 -1.627183
178 -3.1737235 -1.2649921
37 -3.716708 -1.806684
44 -3.3189352 -1.4033471
210 -1.5384786 3.8242779
103 -1.5099965 3.7266207
148 -3.6718593 -1.7289243
171 -2.07414 0.80760634
270 -3.5869372 -1.7285455
250 -3.5671103 -1.6760817
110 -3.3912606 -1.4734288
80 -1.5490414 3.7792153
83 -2.040608 0.72020847
52 -2.0242279 0.82944024
74 -3.331257 -1.4901613
235 -1.4440414 3.9283075
79 -3.7540412 -1.8545082
206 -3.6394825 -1.7351418
97 -2.178076 0.42790756
133 -3.4697952 -1.5364076
196 -1.5321407 3.728991
261 -3.3307374 -1.5617137
290 -1.4449492 3.681786
13 -2.0784883 0.69470334
2 -3.262139 -1.376372
3 -1.5116752 3.7026682
61 -2.1547117 0.39887935
274 -2.0296235 0.93269926
224 -3.9347248 -2.0662699
192 -3.5712166 -1.7213342
172 -3.746397 -1.7715994
187 -3.7351978 -1.7690389
264 -3.805902 -1.9589005
285 -1.5755478 4.160402
297 -1.4468322 3.635458
85 -3.5668426 -1.6323236
41 -1.5254686 3.8294182
256 -2.1438417 0.48947752
28 -3.4331567 -1.4354984
62 -3.4397483 -1.6140124
95 -3.8770096 -1.971062
243 -2.0400395 0.82556283
213 -2.2045426 0.35695916
179 -1.5182941 3.8222692
279 -2.100141 0.7844647
280 -2.011243 0.82481474
123 -1.4662614 3.6562073
21 -1.4978418 3.2395706
226 -1.4765738 3.753383
232 -3.5530815 -1.6449952
71 -1.9448521 0.97722805
222 -3.7161863 -1.8453155
76 -1.4601649 3.7871819
291 -2.0597453 0.8216803
248 -3.6541097 -1.8091984
260 -4.1737456 -2.2038362
298 -2.083554 0.6877263
15 -2.0700006 0.7646152
98 -3.3031561 -1.3509431
38 -1.4572917 3.8099725
125 -1.4728907 3.4500449
114 -2.1140485 0.55333203
292 -3.6993463 -1.8357325
138 -1.4451994 3.698568
236 -1.3976806 3.2110934
160 -3.5592413 -1.6276326
188 -2.0205333 0.85840064
258 -2.027322 0.8608664
1 -3.5359752 -1.5868602
161 -2.0036995 0.8543242
126 -2.0362592 0.81866634
40 -3.6311584 -1.7396019
64 -3.3671668 -1.44498
295 -3.3810196 -1.5419186
278 -1.463492 3.7550714
245 -3.4226553 -1.5183219
182 -3.398053 -1.5844139
66 -1.4571791 3.8947139
70 -1.5605818 3.9927254
118 -1.4164757 4.379116
137 -1.4129083 3.6550572
183 -2.0307581 0.8454313
219 -3.5657806 -1.7502922
221 -3.6001534 -1.7643847
257 -1.4025393 3.858101
113 -2.0701437 0.62814957
173 -2.0575538 0.8264031
143 -1.443292 3.4920483
102 -2.0217667 0.78272027
120 -3.5920749 -1.6614652
56 -2.000433 0.860563
216 -3.842047 -2.0774558
145 -3.6592073 -1.7080866
214 -2.0818412 0.759611
17 -1.4116946 4.1316934
59 -3.5043337 -1.6279514
48 -4.0018296 -2.0583675
90 -3.3859615 -1.437384
168 -3.73254 -1.8698976
69 -1.4411958 3.6654174
101 -2.0850453 0.6896913
217 -1.42496 4.0849395
91 -1.9699048 1.0654784
169 -1.52582 3.5015771
193 -3.7622213 -1.9034158
92 -1.4719514 4.057248
241 -2.019752 0.91448444
111 -3.4753866 -1.5505273
227 -1.446594 3.8317811
136 -4.0118656 -2.1498556
26 -1.4599012 3.4259093
287 -3.480032 -1.6802338
283 -1.4673569 3.4554472
184 -3.9586518 -2.0475073
266 -2.113618 0.7729611
268 -1.4736891 4.1843925
