30 2
20 -1.9020722 5.1782846
7 3.8334138 3.6741798
14 -2.9166696 5.6752143
3 1.1703316 4.076832
29 4.2533216 3.8785872
15 5.346757 3.9089746
5 1.1751459 4.030716
1 5.2285113 3.7330775
2 -2.5649562 5.5910263
11 0.81965125 4.181067
18 -1.8513608 5.0312104
4 -2.5276139 5.5364437
21 2.1358247 4.037941
23 -3.0693424 5.6938496
12 4.7413497 3.6828928
10 4.053181 3.719034
28 -2.1911128 5.2471094
6 5.086546 3.6891062
24 1.2909584 4.108563
0 0.5474832 4.2466674
17 -2.501772 5.455527
13 2.2311718 3.882127
19 -3.2549798 5.871494
8 -2.046189 5.068608
25 5.0059843 3.861923
22 3.9363472 3.701061
9 0.55477804 4.317344
26 4.9896927 3.697391
16 0.5491347 4.275608
27 1.5197705 4.0074453
