30 2
7 4.198496 3.145445
29 4.883133 3.2552106
18 -1.1023538 5.1408057
2 -1.8374615 5.864676
4 -1.9369327 5.8012333
5 1.7969127 3.8181276
6 5.3368063 2.955291
20 -1.2587053 5.3762975
21 2.6304874 3.6938403
3 1.6079297 3.9706578
11 1.3407097 4.0680084
0 1.01101 4.1701217
26 5.3966656 2.9443328
10 4.4043813 3.2782907
25 5.4131293 3.085044
24 1.8502604 3.935424
8 -1.1877837 5.2229543
14 -2.0482748 6.0144267
28 -1.5344709 5.4684367
1 5.7308354 2.9873388
23 -2.4450285 6.326639
15 5.9962454 3.0981143
12 5.3249774 3.114597
17 -1.6080405 5.6156707
22 4.320747 3.2071817
9 1.0413408 4.1960173
16 1.2072188 4.2328396
19 -2.4821835 6.3563766
13 2.5063639 3.6527867
27 2.1462665 3.7282808
