30 2
16 3.9023073 1.4277226
1 3.7693915 5.0816083
10 5.307998 -1.8092153
7 3.7662296 1.9078847
15 4.045619 1.1121578
13 5.1688437 -1.9825239
25 6.0307302 -2.9452732
4 4.0274134 0.7533497
19 5.3266754 -2.0220778
22 3.8598003 1.2611796
17 4.0601816 1.1302963
8 5.9757032 -2.8578517
23 6.5766306 -3.714802
28 5.8557577 -2.8893409
14 3.7722633 1.7510767
21 3.7778187 4.426387
9 3.7714798 4.4866157
11 3.980965 5.7292128
26 3.8042283 1.9270747
27 3.8856454 5.8972945
20 4.052242 0.5500913
6 6.0304503 -3.1126268
29 6.678981 -3.6371472
2 4.146377 6.1490445
0 3.737117 4.2071357
3 3.7272449 4.2600403
5 6.1960692 -3.1801512
12 4.048439 6.1200285
24 3.7207875 4.588146
18 3.8654678 1.1818571
