30 2
7 3.7014544 3.9167297
29 3.964539 4.063979
21 1.7242695 4.131493
5 0.9357235 4.062284
20 -2.3644896 4.9825063
6 4.5801797 3.9464722
22 3.6667078 3.924098
3 0.8392464 4.195683
25 4.8247776 4.1264277
1 5.2149577 4.1926928
2 -2.8826053 5.449142
14 -3.2666276 5.5406146
23 -3.4821231 5.6669273
0 0.21641049 4.240111
19 -3.5844615 5.6716857
4 -3.050198 5.3578076
11 0.636843 4.1115146
8 -2.2805822 4.9165907
26 4.7287188 3.9996145
15 5.0381966 4.157146
18 -1.9973996 4.855962
28 -2.384141 4.972645
16 0.1926382 4.3765197
27 1.3493645 4.1555033
13 1.9303322 4.0165434
10 3.6601837 4.035241
9 0.39797714 4.2797275
17 -2.8519304 5.3213763
12 4.755134 4.147744
24 1.0825282 4.142551
