30 2
22 3.8643208 1.3435206
28 5.6771126 -2.833628
10 5.2724185 -2.0000691
21 3.8932576 4.400878
7 3.7839637 1.6471684
1 3.9093416 4.8258705
12 4.088889 6.148958
19 5.2614603 -2.1026452
15 4.0664816 1.0006353
23 6.3972692 -3.6934211
4 3.988726 0.7415162
16 3.98182 1.3486563
17 3.9886332 1.1577507
25 6.04218 -3.2646601
13 5.2901344 -2.0085752
18 3.8869004 1.0054754
26 3.787771 1.859808
11 4.075492 5.43408
8 5.909229 -3.0690808
20 4.0803256 0.4122183
0 3.7614677 4.1999154
14 3.8775527 1.7454292
6 5.9211564 -3.1598732
5 5.963499 -3.1900928
27 4.0694437 5.727612
2 4.1626883 6.0491395
24 3.8249295 4.366645
9 3.8799436 4.5502114
3 3.8231788 3.892896
29 6.4811482 -3.790963
