30 2
4 3.979113 1.1341802
22 3.6509104 1.8199806
14 3.6201413 2.1134648
7 3.5494604 2.201933
19 5.557692 -1.59933
13 5.5127683 -1.4080513
25 6.228608 -2.2047355
0 3.1935616 4.8241897
10 5.3863063 -1.2184471
27 3.2513595 6.23772
17 3.8669033 1.3618853
1 3.275409 5.3817587
11 3.2855601 6.0624456
23 6.96474 -2.9718494
15 3.8928788 1.5042728
21 3.2638106 4.9354587
16 3.6388092 1.9735321
3 3.297635 4.6377387
26 3.516619 2.3750298
6 6.412807 -2.378948
18 3.7608404 1.449088
5 6.502765 -2.5221183
8 6.1727858 -2.2370746
29 7.18195 -3.081913
28 6.046959 -2.1175725
2 3.4086769 6.650029
20 4.0272856 1.054701
12 3.3692362 6.498147
9 3.2268465 4.810044
24 3.2852674 4.8818693
