30 2
7 3.7695193 3.683382
3 1.2502878 4.048895
29 4.2972627 3.8802662
0 0.5559918 4.206543
5 1.1936436 4.01086
14 -2.9709134 5.6578484
18 -1.8965029 5.0436864
21 2.1396565 4.02583
2 -2.5546486 5.610394
16 0.57455325 4.2740993
25 4.9926157 3.8885803
4 -2.5448244 5.516772
20 -1.8817358 5.159917
10 4.051209 3.7342248
15 5.375554 3.8964782
28 -2.1813948 5.2235208
1 5.2595415 3.7686203
8 -2.0550656 5.0530186
11 0.8066544 4.1467004
22 3.9656403 3.6724102
24 1.3057992 4.1069846
6 5.054974 3.6785603
26 5.080967 3.7011662
23 -3.023426 5.7114363
9 0.54832953 4.3438435
12 4.6915646 3.7212737
17 -2.4921005 5.486889
13 2.192867 3.8981245
27 1.5101837 3.976211
19 -3.3082182 5.9115534
