30 2
14 -3.1231406 5.5288515
20 -2.239897 4.9764867
4 -3.0040183 5.367568
7 3.6468077 3.8781838
29 3.9632275 4.0304794
25 4.8124475 4.0719123
1 5.2401805 4.0857263
3 0.8839771 4.2490244
5 1.0083851 4.184289
2 -2.8543234 5.417813
8 -2.201799 4.9568887
24 1.1840339 4.108252
18 -2.0283532 4.8807645
21 1.8272274 4.1012464
0 0.15561412 4.3167915
6 4.6602693 3.8859713
12 4.7823796 4.031211
11 0.6738975 4.1682725
23 -3.5492063 5.672465
10 3.7752163 4.0317636
16 0.30615616 4.3731995
15 5.0937376 4.0855627
17 -2.777786 5.38632
22 3.6430547 3.88454
13 1.9798661 4.036106
19 -3.5082366 5.631295
26 4.729378 3.9275916
9 0.3908669 4.326368
28 -2.3583703 5.0217705
27 1.3761251 4.1699886
