30 2
21 3.5771735 4.591212
22 3.7615526 1.55388
10 5.29278 -1.6628253
19 5.418442 -1.6927274
25 6.0498466 -2.7259724
1 3.565878 5.013021
4 3.907693 1.0734105
16 3.8509881 1.7197157
8 6.128657 -2.7042406
20 4.0644264 0.8740172
2 3.8765035 6.2522035
6 6.1089644 -2.9170969
13 5.448526 -1.8011148
7 3.717646 2.0612833
9 3.533626 4.593827
12 3.7706335 6.262477
17 3.9531345 1.2753478
14 3.7167754 1.980078
26 3.6086557 2.2947636
23 6.6418467 -3.3776035
27 3.7134938 5.986695
0 3.5527813 4.4973536
11 3.7036624 5.917675
18 3.8672667 1.2944392
28 5.981703 -2.616496
29 6.8321714 -3.4724452
15 3.8725932 1.2987725
3 3.5566452 4.285179
24 3.597438 4.6844587
5 6.4084167 -2.9334636
