30 2
21 3.8261406 4.4050784
25 6.00428 -2.9208312
22 3.8687165 1.3045965
1 3.8020916 5.053271
4 3.9994256 0.82642424
14 3.824911 1.7412907
13 5.2046556 -1.9417254
7 3.7157288 1.8878076
10 5.2295876 -1.7308984
16 3.8945594 1.464344
0 3.693936 4.2542076
28 5.8424063 -2.7857685
26 3.772186 1.9302396
29 6.6026554 -3.606419
20 4.0615773 0.5433828
19 5.40586 -2.150613
15 4.0518775 1.0069257
8 6.0149674 -2.927835
2 4.099414 6.1833143
18 3.8622005 1.1390922
9 3.7451994 4.5539536
23 6.5975037 -3.6957042
3 3.7515295 4.303474
17 4.0869493 1.0648496
11 3.9843106 5.6973567
24 3.8044446 4.4915576
27 3.9089484 5.891445
6 6.0063777 -3.0774622
12 4.0118237 6.1889505
5 6.1839805 -3.1651561
