30 2
7 4.257592 3.082928
29 4.874713 3.0875938
2 -1.5312623 5.90867
5 2.008907 3.7352781
3 1.7680806 3.8616579
18 -0.8843624 5.1224813
6 5.2443566 2.8310618
1 5.817523 2.8865592
20 -1.098277 5.3566394
26 5.410151 2.8321757
17 -1.4396893 5.725151
4 -1.6994507 5.7944584
14 -2.0374336 6.1582737
11 1.3632852 4.0577817
22 4.4348297 2.9734378
19 -2.193095 6.355157
10 4.5761776 3.1102505
0 1.1145682 4.0906363
25 5.622682 2.9261596
15 6.013131 2.8701668
21 2.785129 3.641452
24 2.0303314 3.9100037
8 -1.064469 5.350359
28 -1.3375428 5.456712
16 1.3198189 4.1762486
23 -2.3460083 6.4123163
12 5.3879867 2.940979
9 1.3892462 4.2106996
13 2.709679 3.567851
27 2.3008516 3.6189322
