30 2
7 3.7276137 3.7238202
14 -2.980551 5.6802387
29 4.2998276 3.8840744
3 1.25702 4.048183
0 0.52529174 4.2133703
24 1.3047831 4.1191273
2 -2.5422943 5.6428723
10 4.0614576 3.7437522
1 5.247599 3.7612314
20 -1.87743 5.1737747
4 -2.5268893 5.5053916
16 0.5577402 4.291088
5 1.2330234 3.9701715
18 -1.8923092 5.0421896
22 3.9927802 3.6436162
26 5.087462 3.672817
23 -2.9831061 5.735871
21 2.1577783 4.050444
25 4.970894 3.878325
12 4.7108965 3.7040305
11 0.8253305 4.147358
27 1.4797825 4.0064926
6 5.0624886 3.6655192
19 -3.3246028 5.895733
13 2.1832306 3.8897684
28 -2.1788557 5.23934
17 -2.4715443 5.480562
9 0.5447555 4.357404
8 -1.9953263 5.0413003
15 5.3963146 3.8980896
