30 2
5 1.4709712 3.9950058
14 -2.5790677 5.8234067
2 -2.2942295 5.694166
1 5.6111465 3.54504
18 -1.5688843 5.1259437
7 4.042733 3.5018523
29 4.548097 3.6435208
3 1.430734 4.0853114
24 1.3652421 4.061707
0 0.5993894 4.230877
4 -2.4845104 5.7823935
20 -1.7441229 5.2728324
21 2.3319712 3.8381443
17 -2.1269386 5.6005025
6 4.8654737 3.440267
19 -3.0969281 6.1372967
25 5.1302986 3.607916
28 -1.803921 5.163914
22 4.2157497 3.4883833
10 4.180047 3.5680037
15 5.5517125 3.5623581
23 -2.7725782 5.858396
12 5.015052 3.5150626
13 2.3063033 3.7110274
11 1.1144022 4.064888
26 5.313069 3.323366
8 -1.6989921 5.127205
9 0.76194173 4.28128
27 1.6760298 3.9544942
16 0.6863112 4.3687124
