300 2
242 -1.9170625 1.0348408
56 -2.0187707 0.8625492
29 -3.4924421 -1.3944675
232 -3.7049778 -1.5171263
249 -3.9149587 -1.703749
255 -1.9968528 0.9736246
9 -2.0118725 0.9029094
55 -2.073693 0.843365
60 -2.0959165 0.6871916
128 -2.1352277 0.6218456
277 -1.9394413 1.0277038
292 -3.5185955 -1.3043063
230 -1.3574696 3.34632
265 -1.2737851 3.634552
147 -1.9031181 1.0747945
23 -2.1222947 0.59781206
276 -2.0681527 0.7012467
221 -3.7149622 -1.4860556
151 -1.9648573 1.03179
41 -1.3954706 3.9043674
271 -1.3770789 4.079366
140 -1.9866973 0.83835334
197 -1.2923883 3.6376245
3 -1.2249268 4.07545
192 -3.7468972 -1.517591
94 -1.9117334 0.89728475
218 -1.9652162 0.92772555
282 -2.068726 0.72424334
43 -1.980786 0.9659674
79 -3.7376862 -1.6333221
158 -1.2896383 3.8512647
172 -3.7570734 -1.5367775
87 -1.9951446 0.87905985
117 -2.00144 0.85526067
30 -1.2964811 3.7084656
262 -2.0587153 0.7693643
178 -3.3602998 -1.2490841
119 -1.2820896 3.6209924
63 -2.0206866 0.8243427
224 -4.020418 -1.8819408
195 -1.289738 3.32102
125 -1.2938907 3.594108
290 -1.287824 3.2881665
291 -2.0125568 0.749811
272 -1.349963 2.9321477
149 -2.060246 0.8206897
78 -1.2558717 3.9552433
233 -2.0927196 0.67501074
27 -3.5080087 -1.3587627
238 -1.2902213 3.8041365
165 -3.394098 -1.3344865
259 -3.404071 -1.2350127
130 -1.2447999 4.0032935
229 -1.8298055 1.2667274
280 -2.0825737 0.67960656
31 -1.368261 3.629321
284 -3.525387 -1.3439599
201 -2.0918279 0.6582346
283 -1.3058401 4.0449495
93 -1.2116146 3.7836616
18 -1.9558803 0.9690849
28 -3.5970967 -1.4535152
108 -1.9492203 1.0097697
236 -1.3182597 3.289398
213 -2.1594744 0.52567095
220 -3.5545857 -1.4241066
2 -3.2516577 -1.1800189
143 -1.2606273 3.7973132
11 -2.1545281 0.5301484
118 -1.3050065 3.8965006
131 -3.5238037 -1.5910995
100 -1.2895174 4.0959296
20 -1.3128366 3.9283257
124 -1.2776989 3.953714
189 -1.3834056 3.3382812
59 -3.5626807 -1.3927813
269 -3.3509483 -1.1842477
105 -3.3201582 -1.2688787
112 -3.5268164 -1.3326628
167 -1.3539369 3.6557488
135 -3.251749 -1.08862
74 -3.6370208 -1.4572579
5 -1.8510866 1.2651474
150 -2.1588397 0.56723875
107 -1.9804914 0.84936345
12 -1.8812537 1.0661129
15 -1.9094903 0.9869023
22 -1.2479867 3.6182978
258 -2.034067 0.7303674
273 -3.5876944 -1.4692774
61 -2.064486 0.7563
129 -1.946418 0.9976883
73 -1.8998171 1.0203834
231 -1.8362558 1.2389853
96 -1.2974627 4.0951614
281 -2.0269186 0.71155864
247 -1.244605 3.7383482
263 -1.9918642 0.92996305
115 -1.3279325 4.0563836
45 -1.2503476 3.8826668
70 -1.259101 3.601224
68 -1.3361175 3.2403314
225 -1.3422067 3.6688802
90 -3.453112 -1.2957745
206 -3.449586 -1.3570006
180 -2.0387287 0.7160087
254 -3.8729415 -1.6809871
182 -3.5902357 -1.480979
226 -1.3191487 3.9199204
294 -3.765778 -1.5764225
17 -1.2743222 3.9778545
34 -1.9692934 0.9615282
204 -3.5521383 -1.3942603
261 -3.6109 -1.3976367
216 -3.8324323 -1.641229
219 -3.4620264 -1.3034211
97 -2.0225644 0.79391515
145 -3.921947 -1.7115046
120 -3.678636 -1.4561557
159 -1.3103886 4.0305142
154 -3.8823175 -1.7251974
6 -1.8991834 1.0717053
8 -2.0257442 0.76482123
121 -1.9664762 0.91527385
44 -3.0796304 -0.9467198
88 -1.2898612 3.485224
57 -2.1139402 0.5538166
67 -1.3216351 3.7201653
132 -1.346683 3.3425834
92 -1.327929 4.150489
122 -1.3336962 4.2429357
185 -3.6430042 -1.4713202
152 -3.9216032 -1.6960531
160 -3.6756184 -1.5680104
194 -1.9422816 0.8845065
240 -2.239759 0.39821285
202 -4.234849 -1.9910325
234 -1.9951161 0.93851006
24 -1.3424451 3.302363
25 -3.6753561 -1.4750015
32 -3.4743867 -1.3013692
102 -1.8927293 0.9819403
46 -1.2610291 4.211203
51 -3.5777876 -1.4622732
209 -3.4106834 -1.2429041
173 -2.0390186 0.7583578
95 -3.9029908 -1.7147819
161 -1.99485 0.9435632
141 -3.7742712 -1.6066542
188 -2.0250754 0.8275424
253 -2.0201855 0.7875892
4 -1.3413287 3.8340502
16 -3.4568877 -1.336222
83 -1.9704502 0.8980684
208 -3.733036 -1.654851
275 -1.9800926 0.8752034
76 -1.273783 4.109761
244 -1.9934694 0.90253603
58 -3.852722 -1.6517657
65 -3.360578 -1.2840297
66 -1.2369568 3.8968995
127 -2.0431843 0.82380146
89 -1.9179467 1.1028266
237 -1.3498907 3.7435048
138 -1.2961266 3.708513
146 -4.0312867 -1.8287337
187 -3.6320841 -1.5062923
198 -3.2180376 -0.98625004
243 -1.9265468 1.0243659
0 -1.3023041 3.668175
7 -1.2634697 3.4579859
114 -2.0613143 0.70207936
81 -1.2263012 4.0161886
35 -2.1471078 0.6569797
36 -1.339111 3.9288776
39 -2.1028106 0.6989106
295 -3.432445 -1.3043561
101 -2.078702 0.67691875
174 -2.1140623 0.64716494
110 -3.319063 -1.1047384
84 -1.3596731 3.5251155
241 -2.1989665 0.5653892
267 -3.250096 -1.1520283
153 -3.4056277 -1.2153964
252 -2.160623 0.4580145
257 -1.2470567 4.141524
288 -3.8550231 -1.7783234
207 -1.2874998 3.8682842
40 -3.5970724 -1.4523084
248 -4.064408 -1.8489692
111 -3.5163193 -1.4951594
162 -1.9180152 0.9661587
298 -1.9818139 0.8322649
69 -1.3021996 3.6297925
75 -3.3791416 -1.357583
133 -3.3929179 -1.3304605
139 -4.1379013 -1.9692128
286 -1.3161784 3.6885586
175 -1.9153473 1.0462685
169 -1.2600768 3.6737287
205 -1.2769469 3.4793057
214 -1.9907587 0.84421444
250 -3.8270686 -1.6353279
1 -3.6297655 -1.5527536
72 -3.3302362 -1.1820173
287 -3.7874799 -1.614273
42 -1.2643486 3.5399125
62 -3.6409888 -1.4870478
193 -3.6820152 -1.5281681
106 -1.2781171 4.015956
142 -1.3596743 4.0447807
279 -2.2153282 0.57795614
91 -1.8814913 1.2919778
228 -1.9988836 0.8216286
227 -1.3534273 3.6434238
156 -1.3339548 3.3298116
270 -3.6080542 -1.5725224
296 -3.8361356 -1.6996562
239 -1.2294257 3.6909869
103 -1.3415283 3.8445764
50 -3.2235816 -1.1670009
104 -1.898821 1.1454278
26 -1.3130147 3.2834804
82 -3.8144913 -1.7262229
134 -1.9366952 1.035085
176 -1.2436303 3.3744535
203 -3.9204998 -1.6967818
155 -4.0161724 -1.8264267
264 -4.0340304 -1.8908927
217 -1.2797842 3.795669
285 -1.338408 4.1191645
210 -1.3436179 3.7794058
19 -1.2478331 3.5740898
211 -1.9469538 0.9674956
52 -2.0743837 0.6778698
136 -3.8441954 -1.7002507
245 -3.6401844 -1.5496559
274 -1.9917966 0.9456801
137 -1.2688375 3.7155592
33 -1.8234179 1.1016529
212 -1.3052018 4.2759233
71 -1.9073478 1.1318493
126 -2.090153 0.7747738
164 -3.9541419 -1.7774779
266 -1.9466054 0.9927727
196 -1.2947738 3.5008342
109 -4.014127 -1.8257629
21 -1.2891592 3.9222116
163 -2.0935524 0.74303234
37 -3.8162298 -1.559141
53 -1.2881215 3.4819014
256 -2.1461105 0.55802923
64 -3.3703184 -1.2558335
116 -1.3256965 3.8173747
80 -1.2707639 3.5855289
98 -3.3918202 -1.2856841
170 -1.9179218 0.9260948
113 -1.9721609 0.9095221
223 -3.9533815 -1.815204
251 -1.2868874 3.9834647
14 -3.4098613 -1.2732435
49 -1.9879587 0.97987926
48 -3.8813617 -1.8405889
171 -2.0306075 0.9019488
200 -1.2538028 3.9348216
85 -3.3039992 -1.2584609
215 -1.3144888 3.9226341
246 -1.2809138 4.1682625
190 -1.9499195 0.99570453
177 -1.9104868 1.0446942
148 -3.6985364 -1.6042382
157 -3.4505239 -1.2479215
191 -1.2777034 3.9041324
168 -3.6594036 -1.4478306
77 -1.3557472 3.377196
184 -3.8804185 -1.6653738
235 -1.2854285 3.834032
268 -1.2862302 4.2372227
260 -4.384838 -2.1826196
10 -1.2223746 4.21646
199 -2.001293 0.99949354
123 -1.3274007 3.6837163
222 -3.8073044 -1.6142367
54 -3.8427687 -1.6502408
47 -1.2818465 3.1192698
183 -2.0006273 0.9465633
297 -1.2821078 3.6923258
86 -3.361758 -1.1968051
186 -2.094894 0.829148
144 -1.2684349 3.78011
181 -3.3644474 -1.2340627
179 -1.3159602 3.6448526
289 -3.6613884 -1.5115945
278 -1.3258834 3.7983224
299 -1.314226 3.7925918
13 -1.9227929 0.98513603
99 -1.2460889 3.4917583
293 -2.0312893 0.7961663
166 -1.347285 3.8936877
38 -1.3008764 3.6576328
