30 2
7 4.19444 3.2435079
2 -1.7752991 5.777877
14 -2.1423213 5.987088
29 4.7201476 3.2703986
20 -1.3280917 5.2758136
5 1.7666664 3.810575
3 1.6412238 3.9663515
21 2.5704892 3.6708193
25 5.426533 3.12963
24 1.7971629 3.93461
6 5.2250276 3.0634344
11 1.3631815 4.0220027
10 4.4314156 3.2415774
18 -1.3140588 5.2076693
9 0.98189574 4.2287087
4 -1.9987613 5.816217
15 5.971324 3.1780698
0 0.85035115 4.1735473
13 2.5037673 3.6993482
23 -2.5580044 6.248528
19 -2.5427723 6.337807
22 4.372086 3.1582384
26 5.3527803 2.9995778
8 -1.213145 5.158149
12 5.304298 3.243993
1 5.698069 3.1467547
16 1.1496841 4.2531824
17 -1.675689 5.6734858
27 2.1079876 3.7518086
28 -1.5896788 5.483748
