30 2
22 3.5940819 2.0509381
26 3.320997 2.631532
15 3.8081439 1.8941547
7 3.3372886 2.5642114
11 2.889885 6.209006
0 2.8784711 4.941716
1 2.9019802 5.6204767
13 5.531745 -1.0001006
16 3.599379 2.041939
21 2.9084055 5.1576424
18 3.6489203 1.707078
25 6.3788266 -1.8279277
28 6.159255 -1.7850947
8 6.3707185 -1.7689843
23 7.0065856 -2.3991141
10 5.4551826 -0.9139876
2 2.9625833 6.926444
4 3.8323731 1.4897312
19 5.691245 -1.1724453
17 3.702964 1.845734
6 6.377556 -2.0004022
14 3.5171502 2.3104582
12 2.934926 6.7089787
3 3.0007088 4.54679
20 3.9742775 1.1486533
5 6.68445 -2.046408
24 2.9952438 4.9720154
29 7.2681026 -2.5164719
9 2.9003136 5.029899
27 2.8372173 6.3946204
