30 2
7 3.8569534 3.6362128
2 -2.4418197 5.707888
14 -2.7585957 5.735597
1 5.4261055 3.6972725
3 1.4043428 4.0401955
24 1.3007536 4.0387487
18 -1.8371538 5.073267
29 4.373463 3.7791433
0 0.64426726 4.2496696
21 2.149211 3.8873894
5 1.4057977 3.931364
6 4.9748573 3.5295281
23 -2.9947026 5.9420457
25 4.989162 3.6240215
11 0.97631073 4.179121
10 4.18297 3.660994
16 0.5579735 4.2850766
4 -2.4713798 5.5742784
22 4.059224 3.6466773
20 -1.8563803 5.1661563
28 -2.0522869 5.193705
26 5.053224 3.580617
15 5.5184093 3.6919281
9 0.5540404 4.3024507
12 4.805106 3.6355069
27 1.5715328 3.9907222
8 -1.8721147 5.1855206
19 -3.1092591 5.9435925
17 -2.2545514 5.4376216
13 2.254143 3.8910131
