30 2
21 3.8289936 4.3727155
17 4.038391 1.0013499
4 4.0489182 0.873983
22 3.8824532 1.3270024
16 3.8877957 1.4973451
1 3.8099988 4.995709
10 5.251874 -1.8399426
14 3.8223088 1.7174125
15 4.078978 0.98004776
19 5.41972 -2.06952
8 6.014643 -2.886208
26 3.7909184 1.9071612
20 4.1045427 0.52636206
28 5.806884 -2.7884932
6 6.0207553 -3.019044
7 3.7326484 1.9391907
11 3.9399025 5.7396736
3 3.7600722 4.381589
25 5.935133 -2.9089992
23 6.636502 -3.7116258
13 5.266883 -1.8624539
0 3.736342 4.289662
27 3.8910527 5.9069796
29 6.6022134 -3.6050885
2 3.9827695 6.2100935
9 3.802129 4.5703773
18 3.886749 1.0863719
12 4.011623 6.2189755
5 6.2080545 -3.2470448
24 3.7830832 4.5663376
