30 2
7 4.490591 2.858176
29 4.9263725 2.8111312
2 -1.2555113 6.003554
14 -1.7060689 6.180021
5 2.1829975 3.6550589
6 5.487137 2.645985
0 1.2222071 4.0555663
3 1.9541038 3.8372505
4 -1.4419693 5.9678884
18 -0.60951805 5.2667217
24 2.1628196 3.7123303
1 5.8997927 2.6550043
20 -0.9206112 5.438358
15 6.1686015 2.6067343
28 -1.245019 5.726257
9 1.5163181 4.099941
25 5.7686186 2.576032
21 2.9434414 3.4494898
16 1.5720755 4.091556
23 -1.8319097 6.423643
17 -1.1755129 5.742217
26 5.6390357 2.5713565
12 5.439269 2.6935105
19 -1.9153929 6.497796
11 1.6841445 3.862802
10 4.865641 2.906064
8 -0.9890224 5.463768
22 4.7238255 2.7798083
13 3.0237749 3.348021
27 2.3861432 3.6048837
