30 2
5 1.481125 3.956233
29 4.5830016 3.541864
20 -1.4856105 5.2001557
2 -2.287337 5.7727523
7 4.0097346 3.4445703
3 1.454213 4.0061173
18 -1.3664479 5.04875
14 -2.5804594 5.917245
21 2.4426596 3.8334541
0 0.6352943 4.2314677
25 5.3236637 3.4960952
10 4.333019 3.5923138
4 -2.2662985 5.7400923
1 5.630579 3.4679685
24 1.4280609 4.0411496
8 -1.5401083 5.1454005
28 -1.5976546 5.2352924
22 4.2638307 3.36323
23 -2.730115 5.9593143
11 1.1500634 4.0218554
6 4.998795 3.3608515
13 2.3609545 3.6939256
27 1.8090467 3.9113202
9 0.7889373 4.2966676
12 5.003901 3.3878372
16 0.75099456 4.238745
15 5.6376886 3.505334
17 -2.0367022 5.6370864
19 -2.9515126 6.1766663
26 5.143417 3.2600064
