300 2
211 -1.912759 0.88227236
27 -3.6870842 -1.5482119
35 -2.085708 0.6240514
151 -1.9314191 0.9247626
133 -3.4163468 -1.3136536
290 -1.3433847 3.356223
105 -3.2378738 -1.1538976
94 -1.9221525 1.0027285
297 -1.3229775 3.8178015
168 -3.602853 -1.4071782
83 -1.9694074 0.94129914
121 -2.0844896 0.7124831
8 -2.1045165 0.6255113
275 -2.027625 0.85901386
289 -3.5435767 -1.3841237
175 -2.0282435 0.88727164
65 -3.689173 -1.6017065
199 -1.9014552 1.1666776
58 -3.7441444 -1.6085979
63 -1.9945573 0.89940697
111 -3.4576292 -1.2919928
195 -1.3049761 3.2207499
243 -1.9917079 0.90787023
3 -1.3013693 3.8331428
7 -1.2833145 3.2833874
9 -2.117764 0.5564188
12 -1.9594855 1.0482473
15 -1.8998785 0.9016253
252 -1.9850532 0.81512165
152 -3.4617302 -1.3901714
153 -3.4930558 -1.4202192
234 -1.8552502 1.2791997
124 -1.2575288 4.060097
158 -1.2554842 3.8111215
169 -1.279081 3.9521465
120 -3.6893134 -1.4537537
19 -1.2887025 3.722349
45 -1.3486243 3.365051
245 -3.6383579 -1.5200212
178 -3.4195826 -1.2506748
298 -1.9820939 0.79617566
237 -1.3121846 3.5426297
84 -1.321966 3.518437
87 -1.9768832 0.81458133
143 -1.328039 3.6189153
47 -1.297276 2.9423692
210 -1.2778287 3.6395814
292 -3.5419376 -1.3804775
265 -1.3216242 3.433263
54 -3.792149 -1.5761771
246 -1.3264626 3.7122374
128 -2.0673149 0.71818435
107 -1.9656776 0.81908584
132 -1.2654897 3.2987602
217 -1.2978328 3.8507752
41 -1.3408008 3.8965876
296 -4.0413237 -1.8580312
219 -3.68127 -1.6070367
269 -3.2627468 -1.2120534
96 -1.2608038 3.9675412
29 -3.581362 -1.5254058
77 -1.3120661 3.234052
284 -3.5062213 -1.4497335
241 -1.9321643 0.8898748
247 -1.2547576 3.5836344
203 -3.8530533 -1.8173511
232 -3.582786 -1.4480956
251 -1.2610359 3.650226
2 -3.5567822 -1.423252
11 -2.0526495 0.69542366
34 -2.046486 0.7121468
42 -1.2397363 3.762387
141 -3.5675163 -1.5010883
282 -2.0462556 0.6925383
53 -1.2637143 3.5265703
73 -1.953877 0.81425595
116 -1.2759469 3.65826
166 -1.3678178 3.7104974
253 -1.9974438 0.85151374
208 -3.703314 -1.5576859
204 -3.5886316 -1.5092818
6 -2.0061703 0.8148941
81 -1.3529893 3.9121
18 -1.9102136 1.0555475
24 -1.3179383 3.7015982
165 -3.6169596 -1.5675982
126 -1.92647 0.9956036
192 -3.5521839 -1.3863012
235 -1.3651401 3.9168143
201 -2.0605342 0.5472782
0 -1.2790413 3.4323988
163 -2.1576192 0.5736437
10 -1.2630072 3.9134314
278 -1.2159575 3.4481206
112 -3.6472018 -1.5237868
259 -3.5859828 -1.4466833
56 -1.9969609 0.86276215
198 -3.2084198 -1.1970005
176 -1.1951742 3.2008862
233 -2.0868845 0.72429997
239 -1.3407545 3.6985097
5 -1.9447349 1.0914448
270 -3.626804 -1.5589857
209 -3.1979373 -1.1758505
22 -1.311063 3.9726994
130 -1.2938484 3.7313364
37 -4.012956 -1.867447
263 -2.0702448 0.63928324
43 -2.0405114 0.77093565
161 -2.0704367 0.7342646
64 -3.636467 -1.5262365
294 -3.8554978 -1.7199883
189 -1.2992051 3.5745149
147 -2.0061095 0.96202946
268 -1.3269303 4.376993
212 -1.2693925 4.04577
134 -1.8520337 1.1523552
30 -1.2330375 4.04552
33 -1.9736528 0.9708817
39 -1.991242 0.91420096
188 -2.0584393 0.72678393
49 -2.0360675 0.7625154
148 -3.8637366 -1.7510921
202 -4.28154 -2.1313448
216 -3.637477 -1.5670612
57 -2.0974898 0.7362194
67 -1.3075163 3.608786
236 -1.2823989 3.026255
250 -4.0186653 -1.8072865
95 -4.029803 -1.8096178
115 -1.3245887 3.9423563
131 -3.4785864 -1.4069369
149 -2.0129945 0.78886366
249 -4.0645385 -1.819645
16 -3.6589322 -1.5650028
28 -3.7193484 -1.5461792
299 -1.2451913 3.8512018
97 -2.0678456 0.7435877
139 -3.7641947 -1.6399115
88 -1.279522 3.49944
228 -1.8729224 0.9736639
274 -1.9457209 1.0575541
295 -3.4591062 -1.2799094
146 -3.7259138 -1.6553557
123 -1.3160242 3.7310023
273 -3.6026134 -1.5063694
127 -1.9824533 0.7347374
108 -2.013965 0.78071475
180 -2.0728152 0.57360536
25 -3.401113 -1.3985075
75 -3.5393093 -1.3447948
136 -4.035036 -1.8739777
260 -3.9556324 -1.7910075
55 -2.0819318 0.7823963
135 -3.197029 -1.2398602
238 -1.2976165 4.1399484
205 -1.303688 3.558489
86 -3.4558792 -1.3159415
100 -1.3208528 4.14338
129 -1.8481869 1.0823945
214 -2.090936 0.7035981
242 -2.0302489 0.8295281
223 -4.12001 -1.8950977
224 -3.799852 -1.6565107
283 -1.3129867 3.5757139
291 -1.959597 0.8753994
90 -3.3639545 -1.2590429
72 -3.5510385 -1.3958052
225 -1.2830397 4.1997094
36 -1.3376224 3.7668564
140 -2.0676122 0.7010403
44 -3.2848375 -1.2326598
267 -3.2519772 -1.1599839
231 -1.8268944 1.1796871
76 -1.2956674 4.2074437
110 -3.1233497 -1.0918792
114 -2.1428645 0.5143916
285 -1.2862569 3.7866507
244 -2.073006 0.6736806
181 -3.3038738 -1.2223713
248 -3.7385128 -1.5960399
160 -3.5874376 -1.5547429
21 -1.231659 3.538487
145 -3.477002 -1.385181
183 -1.9711701 0.89000225
38 -1.2764492 3.7604463
184 -3.9901478 -1.8406531
170 -2.0247622 0.7261071
117 -1.9694685 0.8250586
142 -1.3235842 4.0984774
162 -1.8450128 1.1608006
213 -1.9416442 0.8546287
254 -3.6332273 -1.5865324
182 -3.2710903 -1.1670009
52 -1.9723953 0.8565049
85 -3.7147908 -1.6253889
70 -1.2534825 3.9514766
89 -1.9407489 1.0102123
98 -3.3474267 -1.2708876
221 -3.4134557 -1.3359815
118 -1.3166571 4.2997136
264 -3.9193711 -1.7949456
14 -3.6801133 -1.5513806
68 -1.328075 3.510607
46 -1.3432975 4.2381444
177 -1.9674776 0.95355326
258 -2.0425854 0.72789514
17 -1.2746431 4.1499443
276 -1.9376845 0.95698637
215 -1.2944986 3.5723608
187 -3.4979422 -1.4280928
200 -1.3092736 3.9374719
197 -1.3372358 3.815345
32 -3.5088758 -1.3371863
60 -1.9467783 0.96680844
48 -3.857734 -1.7239271
222 -3.7550259 -1.6545385
256 -2.1014514 0.61295295
103 -1.2886443 3.5236425
104 -2.0506592 0.75691104
255 -1.8639611 1.1429043
185 -3.7468493 -1.5684276
50 -3.2567315 -1.1823782
174 -2.0753944 0.70634663
79 -3.7788157 -1.6552136
82 -3.7557068 -1.676771
157 -3.6232147 -1.4892844
257 -1.2961725 3.8648431
156 -1.3007886 3.2090359
172 -3.598357 -1.4765545
281 -2.0817587 0.7447143
240 -2.208601 0.35117
286 -1.2496084 4.0440435
23 -2.0264745 0.8479344
31 -1.2566572 3.8117886
13 -2.0671358 0.81313676
62 -3.7907202 -1.6212021
91 -1.8094794 1.3519349
99 -1.2879546 3.5183072
159 -1.2824349 3.8348327
138 -1.3544434 3.774319
218 -2.0076177 0.80314565
280 -1.997172 0.8628274
277 -1.973937 0.8972097
262 -1.983433 0.8393636
150 -2.0900724 0.60697544
113 -1.9708139 0.7722088
122 -1.3189862 4.1296053
191 -1.2838757 3.7027297
173 -2.0234473 0.85072273
266 -1.9567311 0.9023124
1 -3.6595762 -1.4771426
137 -1.399022 3.441637
190 -1.9120401 1.1458389
80 -1.2984649 3.809879
109 -3.8217516 -1.7016311
167 -1.320305 3.7830157
4 -1.3130931 3.9777164
196 -1.2894539 4.04256
164 -3.7382517 -1.5384277
230 -1.3248457 3.5611658
226 -1.3273742 3.7463763
125 -1.3316535 3.5611205
20 -1.2872682 3.603641
261 -3.582468 -1.4607202
40 -3.6598454 -1.5499185
61 -2.0392041 0.8385385
186 -2.0065184 0.7986221
194 -2.0257256 0.7022582
206 -3.6175568 -1.4270135
288 -3.892529 -1.7805711
207 -1.347163 4.026774
78 -1.2907243 3.7633965
106 -1.3050416 3.5529385
144 -1.2862729 3.5425296
227 -1.294957 3.5294259
26 -1.2713753 3.5265126
59 -3.5467894 -1.4687293
74 -3.2641706 -1.1482798
171 -1.9616727 1.0139693
92 -1.3000364 4.2751822
102 -1.9328252 0.96266365
154 -3.9596133 -1.8037318
229 -1.8590016 1.2938702
293 -2.0323873 0.81162643
101 -2.0251675 0.7818465
119 -1.2879782 3.4963472
51 -3.7053666 -1.4898504
69 -1.3355114 3.7421227
287 -3.7818942 -1.6393602
179 -1.3487375 3.3841214
66 -1.226328 3.7712502
155 -3.9699209 -1.7327669
193 -3.8352916 -1.702234
71 -1.9444207 0.96046084
272 -1.2706295 3.3357844
279 -1.9777588 0.9242288
271 -1.2553909 3.9468415
93 -1.3075066 3.7686663
220 -3.397517 -1.3765787
