30 2
22 3.9000986 1.389677
16 3.9905412 1.3529254
25 6.0019813 -3.2188845
4 3.9704552 0.7597619
1 3.9457643 4.83236
15 4.0021005 1.0196638
21 3.8821821 4.4799404
7 3.8098388 1.6616199
13 5.2685657 -2.028762
10 5.2108545 -1.9746773
8 5.9679227 -3.0772269
3 3.8214383 3.8821304
27 4.071236 5.7335134
14 3.8510396 1.7546419
28 5.730874 -2.8848913
19 5.222957 -2.059047
24 3.7238646 4.4116335
5 6.0267825 -3.234533
9 3.8466613 4.543707
26 3.8285065 1.8131727
6 5.9557962 -3.1293132
17 4.0137553 1.1555033
23 6.4133754 -3.7202697
20 4.0888257 0.40691316
29 6.4852653 -3.7781577
11 4.089377 5.4418736
0 3.7518494 4.230269
2 4.155658 6.0744333
12 4.155827 6.1032367
18 3.879656 1.0383731
