30 2
22 3.6100256 1.914057
2 3.0251884 6.8129125
28 6.2933455 -1.8271914
1 2.932758 5.650403
25 6.3372407 -1.9840965
4 3.8199015 1.4973199
15 3.7345881 1.8174084
10 5.4927416 -0.99315834
26 3.3729224 2.5643005
7 3.375749 2.492077
17 3.7541256 1.7952514
13 5.5019875 -0.9501369
16 3.616026 2.0200706
8 6.4338436 -1.82445
11 2.9329052 6.331049
6 6.455504 -1.879743
20 4.0015254 1.0445122
21 2.976741 4.9548106
18 3.648752 1.5889155
0 2.9115815 4.9189625
12 2.9635973 6.674738
19 5.671459 -1.1741358
14 3.4706075 2.4229078
9 3.017814 5.019609
23 7.0056624 -2.5595818
29 7.1703563 -2.526141
27 2.9693408 6.4983134
24 3.0206535 5.0194073
3 2.9790866 4.5967
5 6.579224 -2.0880656
