30 2
19 5.4384985 -1.6342835
22 3.8034205 1.7271515
10 5.318224 -1.4367667
21 3.479135 4.733749
7 3.565554 2.0876439
17 3.9600937 1.3272753
14 3.7495446 1.9426308
4 4.051804 0.95162934
1 3.4748228 5.116975
11 3.5536134 5.9996066
23 6.7436967 -3.269369
8 6.144837 -2.5915453
0 3.5189173 4.5980206
26 3.603044 2.2455935
29 6.9203277 -3.2934244
20 3.995132 0.748606
16 3.7783926 1.8612313
25 6.137173 -2.5041227
18 3.8395307 1.369221
28 5.97777 -2.5384667
27 3.562842 6.094711
2 3.692567 6.400947
3 3.4840205 4.3965945
6 6.2465615 -2.7763786
5 6.339408 -2.764899
13 5.4673047 -1.756374
12 3.5867033 6.4156356
15 3.9388654 1.2782764
24 3.5052638 4.6716614
9 3.4920187 4.6240144
