30 2
7 4.009298 3.4354281
2 -2.2131646 5.7553067
3 1.4256057 4.0067377
29 4.58289 3.534876
20 -1.54082 5.2144375
1 5.64349 3.486194
25 5.237619 3.4801047
4 -2.2955608 5.74265
10 4.3273783 3.5829055
0 0.65043163 4.2248864
21 2.4051082 3.8577998
12 5.0227795 3.4514732
5 1.4596759 3.907502
18 -1.3833561 5.030564
14 -2.6028838 5.956427
23 -2.7469797 5.9381366
6 4.9704976 3.3690064
24 1.42415 4.040015
17 -2.0349543 5.570561
28 -1.6025493 5.1956487
15 5.60557 3.523194
16 0.7341966 4.303208
22 4.286206 3.3410587
8 -1.5686067 5.1582685
26 5.1679373 3.3065798
19 -2.9728127 6.1713066
13 2.3741431 3.7232065
27 1.8174055 3.9315386
11 1.0751777 4.0306354
9 0.7642324 4.3079453
