30 2
7 4.224588 3.3584282
2 -1.9699419 5.7571297
3 1.5972807 4.0397706
29 4.5980196 3.457037
14 -2.454393 6.014139
21 2.3278215 3.9060276
25 5.45901 3.4022048
20 -1.3830657 5.260958
27 1.8588794 3.8966968
5 1.5745021 3.9640863
15 5.906084 3.3611116
24 1.5113213 4.0465474
18 -1.3680751 5.0985417
4 -2.1643505 5.7578993
11 1.0546272 4.05279
23 -2.7280052 6.107095
16 0.91759783 4.339464
1 5.703521 3.3305283
8 -1.5903054 5.2088165
22 4.3933005 3.3356535
17 -1.8834097 5.5355096
0 0.72572863 4.232445
13 2.3767185 3.7173548
26 5.103539 3.2325127
6 5.0671053 3.2203126
19 -2.7102077 6.264702
10 4.4353795 3.427391
12 5.1117535 3.2758
28 -1.7126433 5.2647514
9 0.7607184 4.3096814
