30 2
7 3.7049847 3.8624794
14 -3.2262735 5.4771934
18 -2.0103614 4.8492637
20 -2.367832 4.9780264
6 4.5517645 3.9407773
4 -3.0597653 5.343857
3 0.86396754 4.2301064
22 3.7142007 3.9076881
0 0.22300662 4.254938
29 3.9654016 4.0516343
1 5.217774 4.2119927
2 -2.8725495 5.452912
25 4.8587437 4.133962
23 -3.5089264 5.6904006
5 0.9391583 4.052734
21 1.7059857 4.1154995
10 3.6720722 4.03865
11 0.6337207 4.1065845
12 4.7497597 4.1449327
26 4.7034254 4.0072556
17 -2.8461437 5.3241315
16 0.1867622 4.402021
19 -3.5911767 5.691378
28 -2.4541807 4.9640446
15 5.0347695 4.1393394
8 -2.2879655 4.9008594
9 0.40311775 4.303584
13 1.9295266 4.01746
24 1.0620024 4.1595254
27 1.3541636 4.1437798
