30 2
7 4.3427835 2.9883943
14 -1.9681435 6.1702514
5 2.147382 3.6198416
29 4.7876906 3.082457
1 5.865233 2.7915673
3 1.8063568 3.9199023
25 5.6516857 2.8170795
21 2.7352831 3.5840604
10 4.5497913 3.0064573
6 5.3637533 2.7870154
0 1.1598921 4.0880117
20 -1.0114908 5.306035
2 -1.4987116 5.7927046
18 -0.76876825 5.126251
11 1.3836838 4.015591
23 -2.21795 6.472485
16 1.3660023 4.138297
4 -1.6253402 5.812415
15 6.122617 2.8121326
13 2.7878988 3.5814047
22 4.431 2.953345
24 1.9308408 3.8101275
8 -1.1388023 5.388997
12 5.46677 2.9118912
17 -1.4082965 5.7904587
28 -1.1698261 5.5076528
19 -2.1645749 6.403234
26 5.526555 2.7956693
9 1.326326 4.151409
27 2.295609 3.680411
