300 2
105 -3.3225405 -1.3115953
107 -2.05268 0.75401753
159 -1.3794354 3.8078268
190 -1.8757062 1.1284955
11 -2.0782921 0.65399057
233 -2.1634145 0.63921523
282 -2.1692474 0.41108516
291 -2.0490603 0.773344
18 -1.9982873 0.8198798
83 -2.03434 0.9315608
296 -3.8142362 -1.7692561
65 -3.469739 -1.4552284
272 -1.4316043 3.0243716
147 -1.9677883 0.8362478
134 -1.9654493 0.90843326
33 -1.9318556 0.970745
76 -1.3642353 3.9839132
231 -1.9810458 0.88104856
51 -3.4703622 -1.4406815
276 -2.000937 0.7690228
120 -3.6422331 -1.6407619
108 -2.0116546 0.78402925
280 -2.051209 0.78901154
53 -1.4132557 3.4872687
184 -3.8666077 -1.7689798
62 -3.7058043 -1.6801431
209 -3.4777284 -1.3816142
158 -1.4017394 3.597122
251 -1.3685884 3.8798862
46 -1.3917887 3.8669128
115 -1.4103531 3.8568158
176 -1.2918696 3.5643013
157 -3.3585193 -1.3254164
195 -1.3265154 3.2742875
150 -2.1813247 0.49344072
170 -2.0963213 0.60200053
7 -1.3488635 3.6305802
250 -3.898165 -1.7974187
49 -1.9656849 0.94401956
213 -2.0759861 0.5964591
56 -2.0342128 0.78357893
63 -2.042479 0.77838886
96 -1.382923 3.5939283
109 -4.0420847 -2.0738473
72 -3.2056036 -1.0785068
99 -1.36764 3.6833048
178 -3.4017165 -1.4553424
288 -3.85091 -1.7600102
8 -2.0797768 0.67183405
144 -1.4285071 3.5896974
149 -2.1084597 0.6023652
262 -2.0373108 0.82501686
236 -1.3997697 3.1232035
242 -1.9300737 1.0146515
275 -2.045787 0.7750317
188 -2.0732086 0.6663972
117 -1.9408951 0.8059199
52 -1.9900765 0.92735904
208 -3.6848214 -1.7164162
36 -1.3416377 4.122209
104 -1.9736367 0.94621605
299 -1.4113464 3.8731456
165 -3.658623 -1.6560076
234 -1.981409 0.8785931
224 -3.893509 -1.7643049
6 -2.1085713 0.5815992
93 -1.4408083 3.1805372
116 -1.4308757 3.5598557
252 -2.0901291 0.6388998
47 -1.396721 3.295661
269 -3.1380625 -1.0127878
77 -1.3631793 3.5036762
130 -1.3722937 3.820828
133 -3.375558 -1.4578846
206 -3.5944874 -1.5425026
263 -2.0197625 0.78093493
24 -1.3206284 3.6064575
172 -3.9430535 -1.8864291
85 -3.780682 -1.7478887
261 -3.652908 -1.6558396
138 -1.3575054 3.5274556
131 -3.3201718 -1.2479115
191 -1.4146633 3.8153174
247 -1.4186746 3.5126433
5 -1.8574932 1.1915976
58 -3.4181242 -1.3937931
88 -1.408224 3.657095
192 -3.3064065 -1.2640706
26 -1.3403686 3.7521636
255 -1.9346291 0.8606996
180 -2.0996735 0.67480195
197 -1.3284788 3.8247447
239 -1.42954 3.7355428
235 -1.365046 3.707545
289 -3.6332428 -1.6278437
126 -1.9877632 0.8386778
136 -3.9893954 -1.9461389
160 -3.5858164 -1.5612174
238 -1.3874308 3.8473883
161 -1.9816612 0.8210663
71 -2.0781124 0.7037262
121 -2.1351707 0.6192116
44 -3.0011942 -0.99114496
245 -3.8017752 -1.7352273
189 -1.4119074 3.551285
237 -1.4069498 3.561987
225 -1.3880676 3.902636
243 -1.8951154 1.0227778
9 -2.0183392 0.87312484
179 -1.3940506 3.4850488
127 -1.9587295 0.98698956
54 -3.6961205 -1.6731684
90 -3.4628716 -1.4451433
66 -1.3521712 4.1984735
168 -3.8707945 -1.7593511
80 -1.3550292 3.522466
290 -1.371102 3.4398117
175 -2.0950243 0.55952746
215 -1.3842591 3.632758
140 -2.1573825 0.5376736
285 -1.336451 3.878236
12 -1.9590002 0.9166724
37 -3.6376796 -1.6778358
198 -3.136462 -1.1744477
86 -3.5572662 -1.5646269
128 -2.139463 0.62205356
277 -1.9653279 0.840074
122 -1.3683217 4.2177563
100 -1.4075956 3.8478427
111 -3.3237271 -1.3592948
113 -2.0954103 0.72647256
286 -1.4098771 3.8749454
146 -3.7938042 -1.7782946
174 -2.0217519 0.8079304
248 -3.923834 -1.8288132
298 -1.9186085 0.8740943
10 -1.3458437 4.1429467
256 -2.055014 0.67595696
27 -3.6344013 -1.547701
29 -3.6855085 -1.6987045
95 -3.7738922 -1.7107495
246 -1.3459884 4.1802797
123 -1.3668131 3.917072
143 -1.3787977 3.7427313
129 -2.063106 0.7018725
259 -3.642381 -1.5641916
295 -3.2694616 -1.2203847
31 -1.3292621 3.6618314
13 -1.9799136 0.90129155
22 -1.3975097 3.5692132
294 -3.620555 -1.4960275
166 -1.4076104 3.9198937
97 -2.0409477 0.74516195
281 -2.0759783 0.6929159
34 -1.8583407 1.0751221
203 -3.8208623 -1.7360808
101 -1.9705142 0.87444586
152 -3.309104 -1.2956996
3 -1.3404782 3.7342741
241 -2.0841458 0.6645598
267 -3.3294659 -1.3503126
167 -1.3215506 3.820012
82 -3.3650813 -1.2510114
200 -1.4375371 3.8376873
229 -1.8740432 1.2722137
223 -4.053472 -2.0191884
89 -1.8636936 1.2441912
91 -1.9020704 1.1657319
284 -3.3821256 -1.3301361
163 -2.1728263 0.5512223
283 -1.3518448 3.8760157
279 -2.0269904 0.89732987
210 -1.3938866 3.2871473
211 -2.0050132 0.71632415
2 -3.4264877 -1.4092726
75 -3.4251392 -1.4905386
23 -1.9833109 1.0057772
155 -4.032902 -1.9456162
32 -3.4775 -1.4913014
87 -2.0317926 0.77208537
43 -2.1247892 0.64232755
220 -3.571153 -1.555609
151 -1.9726115 0.90198433
69 -1.4140576 3.6288135
293 -2.1201048 0.58373696
221 -3.694233 -1.5920415
207 -1.3905569 4.0808067
214 -2.0272279 0.69319344
230 -1.4649919 3.7956192
16 -3.4767425 -1.3699304
20 -1.4171847 3.206893
28 -3.480965 -1.4296649
67 -1.3728935 3.5143623
254 -3.745776 -1.6598488
42 -1.3504446 3.4900424
59 -3.6155915 -1.701079
260 -3.9374006 -1.910736
278 -1.4476373 3.381395
271 -1.352755 4.082586
196 -1.3583792 3.8932388
199 -2.0194597 0.8065757
219 -3.5531566 -1.5294819
0 -1.3724357 3.893477
173 -2.0509994 0.78859097
64 -3.3229709 -1.3036889
103 -1.4052638 3.6978872
19 -1.3615421 3.3834515
273 -3.706387 -1.6642159
35 -2.1775455 0.47824052
39 -2.0561452 0.8649026
50 -3.1924293 -1.191951
57 -2.1124136 0.7341295
60 -2.0786777 0.79620093
94 -1.963955 0.8319277
74 -3.4183 -1.4549121
181 -3.3395298 -1.2874829
164 -3.8903947 -1.7731239
156 -1.3758557 3.1934361
142 -1.420732 4.1005793
153 -3.3338137 -1.3201858
186 -2.0670776 0.86345166
202 -3.9409428 -1.8177726
268 -1.4238479 4.174564
292 -3.6442676 -1.6289588
258 -2.0790951 0.63072705
1 -3.7110853 -1.6180483
228 -2.0398371 0.8586624
30 -1.3666992 3.835418
124 -1.3750312 4.0534225
55 -2.0449238 0.70582783
70 -1.3878402 3.7675893
79 -3.830017 -1.7394313
73 -1.9017252 0.9724184
148 -3.6931598 -1.7045342
183 -1.9219928 0.90692365
266 -1.942138 0.91257155
15 -1.9218085 0.9410481
25 -3.7543986 -1.6493343
244 -2.1000044 0.55076826
38 -1.3665366 3.3507326
135 -3.3586538 -1.3562183
92 -1.5008585 4.406725
205 -1.3838327 3.6131656
182 -3.4081883 -1.382197
274 -1.9203182 1.0609984
193 -3.711385 -1.6715912
222 -3.8993943 -1.8474376
232 -3.9202166 -1.8394966
216 -3.7839048 -1.746334
253 -2.0316608 0.76815623
265 -1.4299343 3.713639
78 -1.393219 3.554154
110 -3.1483772 -1.090316
145 -3.6665885 -1.6202482
264 -3.7146196 -1.7567252
177 -1.9718012 0.89363825
21 -1.3176863 3.93009
287 -3.8540552 -1.7061933
187 -3.6545327 -1.6141597
112 -3.8551636 -1.6987981
169 -1.4724257 3.6929681
162 -1.9310205 1.0594815
4 -1.4873875 3.499504
14 -3.4729211 -1.5484674
297 -1.3736687 3.894316
41 -1.3941258 3.656743
61 -2.125349 0.58053607
201 -1.9833854 0.76786107
217 -1.38483 3.689644
81 -1.3675187 3.907551
132 -1.3381379 3.7483902
137 -1.4239653 3.7401018
141 -3.6318586 -1.5409075
204 -3.5242085 -1.4137338
114 -2.107014 0.7118785
240 -2.1738853 0.4818547
270 -3.609088 -1.6126708
212 -1.3367918 3.8061328
218 -1.9595046 0.8391412
226 -1.3685869 3.8150172
257 -1.3995472 4.4719763
154 -3.865728 -1.8293859
227 -1.379692 3.7091584
45 -1.4095252 3.1741278
102 -1.9913268 0.94105256
194 -1.9531695 1.0189966
119 -1.3709173 3.377547
106 -1.4071016 3.381373
68 -1.3790973 3.6339877
98 -3.4290848 -1.4504592
125 -1.4179593 3.2922294
171 -1.9486216 0.8595279
40 -3.7439032 -1.7229872
185 -3.7327418 -1.7914833
17 -1.4013758 3.9834464
139 -3.7988644 -1.7280505
118 -1.375687 4.066459
84 -1.3621565 3.5997627
249 -3.817607 -1.7035877
48 -3.7227042 -1.7610254
