30 2
8 6.42774 -1.6561893
21 2.8563259 5.091699
22 3.5655088 1.9298174
1 2.818079 5.612193
16 3.5556684 2.078098
4 3.782799 1.5365827
10 5.4450955 -0.8246934
15 3.7246299 1.9231219
19 5.706937 -1.0951099
25 6.409441 -1.7181065
3 2.886243 4.6037993
26 3.3741205 2.5512059
7 3.3505127 2.5482867
23 7.030121 -2.3758662
11 2.852786 6.191608
13 5.531921 -0.97506166
18 3.6516867 1.7129493
17 3.7356832 1.7909518
0 2.842312 5.1481514
28 6.129209 -1.5771729
6 6.4432664 -1.9306389
27 2.834059 6.4375176
12 2.9032936 6.81195
14 3.5115247 2.1962087
20 4.025159 1.1106056
2 3.0047 6.9124446
29 7.2515945 -2.5042884
24 2.9141493 5.0626674
9 2.8586702 5.1005893
5 6.6882443 -2.0809014
