300 2
276 -2.0669374 0.5543026
78 -1.4780408 3.732184
33 -1.96585 0.9700381
247 -1.4399196 3.6434088
3 -1.5219495 3.7827678
6 -2.1445172 0.59101075
115 -1.4480491 3.6059759
117 -1.9729697 0.8958781
22 -1.4867787 3.5352936
240 -2.1697445 0.44801924
226 -1.5425389 4.095129
100 -1.5624346 3.9149146
68 -1.4412123 3.5556097
15 -1.9594731 0.9839771
86 -3.512432 -1.6753461
163 -2.1776567 0.56756836
149 -2.0511744 0.7369921
244 -2.1441402 0.5291678
49 -2.058728 0.851721
260 -3.9805398 -2.110134
229 -1.9139649 1.157393
250 -3.7650907 -1.8979896
59 -3.5967593 -1.7086577
252 -2.1367536 0.60972613
95 -3.9066246 -2.1019952
237 -1.485557 3.5581336
4 -1.4961987 3.5905843
14 -3.4769206 -1.5569507
147 -2.055638 0.6971601
53 -1.5060002 3.833729
233 -2.0601861 0.7235061
7 -1.5276043 3.381348
104 -1.9333024 1.0276302
56 -1.9571489 0.9235286
55 -2.0466971 0.81841004
292 -3.661918 -1.7757081
129 -1.9090048 1.0804659
271 -1.4836684 3.9409256
82 -3.5301237 -1.581452
99 -1.4336462 3.5614474
181 -3.3595345 -1.5114104
72 -3.3898742 -1.5095942
282 -2.191162 0.44845217
263 -2.0050066 0.752455
51 -3.5086563 -1.5962027
111 -3.3513515 -1.4272361
126 -1.9351145 0.957105
238 -1.468332 3.4273543
12 -2.0306923 0.81932735
35 -2.1300056 0.58969265
18 -1.930415 0.94764936
224 -3.654759 -1.8017652
109 -3.9847548 -2.2144253
83 -2.0243149 0.77671784
170 -1.9895191 0.733083
217 -1.4720191 3.6963363
105 -3.1328812 -1.1873127
176 -1.4827827 2.9950137
10 -1.5709475 3.8863525
239 -1.4679258 3.2018168
73 -2.057837 0.7548571
63 -2.01854 0.8181551
120 -3.3703468 -1.5657039
275 -2.085425 0.77671105
153 -3.3546267 -1.4811208
270 -3.600242 -1.621523
139 -3.6301394 -1.8629023
9 -2.0880423 0.68348753
17 -1.4842224 3.780548
29 -3.665052 -1.7388089
32 -3.4621513 -1.650781
180 -2.1068203 0.5869867
50 -3.1050513 -1.2020953
290 -1.4491841 3.420722
150 -2.0466776 0.6665694
198 -3.0256224 -1.1040733
162 -2.0043564 0.97309864
295 -3.4460628 -1.4845518
11 -2.2017875 0.49433017
242 -1.9789819 0.9473354
96 -1.5268646 3.6890464
25 -3.4362695 -1.5846415
178 -3.1554708 -1.2192274
58 -3.6876345 -1.7599596
40 -3.5592453 -1.735486
235 -1.5055972 3.5553138
219 -3.39731 -1.527391
77 -1.4873682 2.9128873
208 -3.770633 -1.8976556
127 -1.9580008 0.7319226
155 -3.6264322 -1.6518182
190 -2.0183432 1.0056782
8 -2.1224356 0.6019226
113 -2.0281887 0.8287537
34 -2.0401015 0.80001163
65 -3.451636 -1.5280211
119 -1.5006967 3.6466954
154 -3.8109384 -1.8745071
103 -1.517015 3.6333816
191 -1.4491073 3.8014405
203 -3.7337444 -1.8489423
296 -3.8547194 -1.9766332
248 -3.653657 -1.8287
142 -1.4825542 3.781264
256 -2.2238202 0.4210883
135 -3.393887 -1.5771964
148 -3.354284 -1.4813175
5 -1.9271414 1.0224993
87 -2.0707195 0.7503576
16 -3.6458824 -1.7870865
45 -1.517474 3.3620205
269 -3.3913517 -1.5514982
157 -3.3698616 -1.4991726
69 -1.4651132 3.5251431
199 -2.0326347 0.80697286
101 -2.1704915 0.6240263
167 -1.5263652 3.342364
297 -1.4797028 3.728061
2 -3.3806062 -1.5220336
36 -1.5256107 3.9533458
39 -2.121554 0.774977
43 -2.0340183 0.6868592
44 -3.2448657 -1.3365002
132 -1.4892725 3.4918423
114 -2.0861037 0.6584971
92 -1.536494 4.1535954
251 -1.4825646 3.5947652
202 -4.0938444 -2.2420208
189 -1.5136319 3.3493917
196 -1.4873693 4.0365562
272 -1.4891257 3.0205789
140 -2.1751738 0.54821205
294 -3.597633 -1.8282186
255 -1.9731648 0.90896744
107 -1.9373466 1.0225161
172 -3.6292744 -1.7890357
121 -2.1058612 0.6664223
197 -1.5067946 3.752619
212 -1.5327768 4.041724
253 -2.1020906 0.5970547
161 -2.0198164 0.82446283
19 -1.5685754 3.7722087
169 -1.5212615 3.4700315
37 -3.7408133 -1.8452342
234 -2.0400066 0.6868419
287 -3.7443137 -1.9272068
67 -1.4721185 3.701467
211 -2.0135255 0.8503919
90 -3.3445601 -1.423062
285 -1.4950231 3.7338564
134 -2.0278666 0.7255093
215 -1.5091257 3.5818083
187 -3.5681143 -1.6564674
289 -3.6191487 -1.703375
175 -2.0116057 0.7852022
230 -1.4992281 3.0235684
280 -2.044285 0.76685834
21 -1.5372678 3.7757585
52 -2.037279 0.8839858
182 -3.4298809 -1.5326253
47 -1.4292536 3.2888045
266 -2.0888305 0.7713731
102 -2.0419493 0.86532176
133 -3.3142664 -1.4707907
76 -1.549241 4.0729523
277 -2.0119236 0.8461226
228 -2.0802832 0.7117602
283 -1.4725091 3.7366705
288 -3.6636467 -1.8778931
54 -3.618462 -1.8464017
46 -1.4861801 4.1470404
57 -2.0994697 0.77991897
61 -2.213859 0.46782902
62 -3.5144477 -1.6508414
144 -1.4354205 3.9833174
75 -3.3290324 -1.4261496
221 -3.4645708 -1.5250077
97 -2.0536723 0.67325974
125 -1.4580284 3.545484
220 -3.3949924 -1.5971537
205 -1.4775766 3.353024
298 -2.020521 0.8487351
48 -3.4162855 -1.5646939
188 -2.1298528 0.5316264
222 -3.769804 -1.9162093
174 -2.073127 0.6341202
151 -2.1330547 0.5517436
124 -1.4828451 3.8577976
165 -3.594031 -1.7110276
279 -2.067323 0.7088441
286 -1.4859641 3.6499014
1 -3.309235 -1.4024644
262 -2.027934 0.8742026
118 -1.4655099 4.0005608
173 -1.9991266 0.8645442
138 -1.5067718 3.675906
185 -3.4674397 -1.585503
38 -1.4484285 3.6891692
60 -2.0880911 0.696403
284 -3.36875 -1.5176742
130 -1.548258 3.7077837
123 -1.4751396 3.4989686
195 -1.5417831 3.4076955
204 -3.63353 -1.7040826
231 -1.9614184 0.9107173
31 -1.4162775 3.5933127
28 -3.6248446 -1.8125646
23 -2.074739 0.6521894
137 -1.4801666 3.6507394
274 -1.9865663 0.84866655
158 -1.5021406 3.694108
164 -3.7672257 -1.941243
201 -2.0176322 0.64896214
85 -3.7550025 -1.8949488
106 -1.5089587 3.3063118
141 -3.6521466 -1.8227663
225 -1.4641694 3.4086816
257 -1.5294179 3.768671
268 -1.5312446 4.3694215
209 -3.3043842 -1.439638
194 -1.9859349 0.8957037
246 -1.4859524 3.8582299
160 -3.675651 -1.8663982
42 -1.4727911 3.6779375
79 -3.7292583 -1.8283131
88 -1.4621825 3.5191977
89 -1.900611 1.1706889
200 -1.473744 4.024992
254 -3.8539426 -1.9426634
0 -1.4895837 3.4884908
128 -2.0520163 0.72510123
70 -1.475548 3.7821145
26 -1.430121 3.4558766
171 -2.043111 0.8152654
71 -2.021173 0.86334807
179 -1.5340697 3.8417118
210 -1.4304924 3.5917253
293 -2.0332615 0.6255133
168 -3.7062798 -1.8652573
192 -3.5487127 -1.6815028
20 -1.4765496 3.289104
110 -3.2636735 -1.3232447
30 -1.4547428 3.8943818
259 -3.1410182 -1.2937188
74 -3.5101 -1.6338997
166 -1.5009326 3.8266215
227 -1.5170294 3.0814312
243 -1.9490161 0.9066141
245 -3.5579894 -1.7268022
265 -1.4803497 3.7638566
116 -1.4404877 3.600211
64 -3.8989797 -1.9568492
156 -1.4632916 3.316753
27 -3.567719 -1.7271428
94 -1.9610823 0.8737095
236 -1.4471381 3.099941
216 -3.4857893 -1.6613762
146 -3.6175642 -1.7712824
193 -3.4108758 -1.5877235
159 -1.511297 3.8014224
214 -2.0015368 0.94627184
108 -2.0206122 0.87920785
24 -1.4087907 3.4570305
136 -3.8515239 -1.9366965
183 -1.9767894 0.8345977
84 -1.4849857 3.417864
184 -3.6717658 -1.7784842
273 -3.6145453 -1.7520924
145 -3.4694617 -1.6844406
213 -2.038974 0.93519646
186 -2.0497565 0.865709
299 -1.4937773 3.6162562
278 -1.4083045 3.573036
112 -3.724821 -1.8332077
80 -1.4950911 3.7443314
93 -1.4998096 3.6506407
223 -3.7193913 -1.8237842
258 -2.1309886 0.6527104
291 -2.0082784 0.7836982
281 -2.0722022 0.6940718
13 -2.019425 0.8678565
152 -3.601077 -1.8473196
232 -3.621825 -1.7934135
177 -2.0315166 0.80342865
267 -3.1801994 -1.3320792
241 -2.1099741 0.6201587
81 -1.5126088 3.4398255
91 -2.0068552 1.0065781
122 -1.5516353 3.8837
218 -2.010065 0.8005065
261 -3.6062272 -1.6870692
98 -3.4796858 -1.7576202
206 -3.2682192 -1.4242129
207 -1.4804229 3.7377007
131 -3.3956528 -1.535715
143 -1.4894289 3.640164
41 -1.4864503 3.9888537
66 -1.5223254 4.0516825
264 -3.7761369 -1.938365
249 -3.6393034 -1.7409204
