30 2
2 -2.8018284 5.4270806
5 0.9740414 4.133501
7 3.7499106 3.8415132
18 -2.033967 4.899747
14 -3.1536367 5.544617
29 3.9577756 4.04944
20 -2.3359118 5.049014
1 5.2375402 4.113329
24 1.2145699 4.116554
26 4.7451453 3.9385478
3 0.90605444 4.2448015
6 4.6720233 3.8957245
4 -3.0196283 5.3599873
25 4.775249 4.087549
22 3.6685302 3.8274362
16 0.29081678 4.400665
11 0.71119326 4.1398497
12 4.7845697 4.055554
17 -2.7877934 5.3414845
23 -3.4761274 5.709721
28 -2.3933613 5.0253124
15 5.0170155 4.155806
27 1.3916337 4.1178155
10 3.7613935 3.9688094
0 0.14393903 4.3174467
9 0.3952257 4.308652
19 -3.575348 5.6411853
21 1.7666643 4.1473727
8 -2.2222393 4.926637
13 1.9341232 4.073343
