30 2
7 4.370822 2.9670908
3 1.8250546 3.8536074
29 4.800103 3.0313873
25 5.677216 2.8314388
4 -1.6101484 5.8390436
20 -0.9309365 5.3101745
21 2.8622706 3.6192312
6 5.361359 2.731846
23 -2.1189995 6.39298
1 5.882486 2.852674
15 6.0565834 2.8234928
2 -1.4605674 5.874354
0 1.1826226 4.085169
14 -1.8495355 6.177203
9 1.3433031 4.1461067
28 -1.2416154 5.485078
5 2.159413 3.5849984
17 -1.4201357 5.7972155
24 1.887699 3.8243904
8 -1.1023151 5.4152675
26 5.571072 2.7079406
12 5.4790697 2.8423574
18 -0.7811152 5.1959405
19 -2.2144866 6.311348
10 4.5559535 3.0152586
11 1.4456493 4.0435743
27 2.3450286 3.6920516
16 1.3916677 4.153225
22 4.409813 2.9627993
13 2.9428496 3.470541
