30 2
7 4.0394783 3.4081216
3 1.4412948 3.9865615
23 -2.7302756 6.0307026
20 -1.4512174 5.2220945
29 4.6815453 3.4885628
5 1.5081608 3.8959987
21 2.406431 3.8517017
18 -1.3226647 5.0150495
11 1.0878726 4.0375986
14 -2.5387013 5.947693
4 -2.2841744 5.7195425
10 4.3904877 3.5862124
25 5.381246 3.5260248
2 -2.1905808 5.7349286
15 5.698379 3.4403784
0 0.63290673 4.295557
1 5.5959134 3.4025862
22 4.330136 3.321515
6 5.020226 3.3013635
16 0.8021823 4.2606287
9 0.75556445 4.3345604
13 2.4076855 3.703084
8 -1.5107919 5.1422153
12 5.006662 3.4474387
24 1.3463386 4.0566382
17 -2.0721834 5.6269135
19 -2.8309422 6.153413
26 5.1269608 3.28819
28 -1.6244543 5.3029346
27 1.7665923 3.9061148
