30 2
7 4.1897597 3.3913095
5 1.4973147 3.9126544
4 -2.205437 5.6852417
2 -2.1040838 5.8394547
29 4.5663357 3.5462618
20 -1.4288812 5.251774
25 5.397408 3.4457796
6 5.027694 3.270568
12 5.0909367 3.3491566
14 -2.4021485 5.96568
3 1.5776199 3.9965088
1 5.6441073 3.3378227
28 -1.6083527 5.2790303
21 2.312863 3.8335595
24 1.4611771 4.0604115
11 1.1342137 4.0316687
18 -1.4002059 5.035435
0 0.6578048 4.2385516
26 5.0679293 3.3032455
22 4.3729906 3.3347788
23 -2.8049662 6.0544953
9 0.67349917 4.3244166
8 -1.6096642 5.254545
16 0.85914797 4.284921
10 4.3412004 3.505432
15 5.85265 3.3672783
19 -2.7661512 6.2087216
27 1.828586 3.9126537
17 -1.9451933 5.554667
13 2.4157517 3.7404819
