300 2
147 -1.9549227 0.9721688
298 -1.9797862 0.9157621
263 -2.0056047 0.82263243
101 -1.9353682 0.97119874
194 -2.082649 0.7200863
12 -2.052961 0.7701387
276 -2.1135707 0.70580584
209 -3.4290974 -1.2796118
236 -1.3384124 2.9782176
243 -2.046893 0.7499221
299 -1.3261547 3.7614305
8 -1.9928522 0.8148041
65 -3.3475502 -1.2016257
38 -1.3306414 3.6849477
62 -3.7612896 -1.6242176
252 -2.0530183 0.83700585
269 -3.5429804 -1.4175706
56 -1.943525 0.88370836
242 -1.907021 1.1254716
180 -2.068053 0.7195276
254 -3.6071181 -1.4252528
128 -2.0135233 0.7856263
134 -1.9492689 1.0496134
201 -1.9805087 0.98052895
6 -1.9908096 0.850388
109 -3.9538958 -1.6966047
165 -3.2586038 -1.2029647
202 -4.1149163 -1.9244456
33 -1.9031124 1.1087717
168 -3.7695155 -1.5571922
127 -2.060215 0.7056153
129 -2.0562608 0.80957264
216 -3.654056 -1.517343
282 -2.001059 0.7913073
166 -1.289461 3.8767288
111 -3.6019087 -1.3523812
241 -1.9245454 1.090678
274 -1.9509261 1.0591482
122 -1.2820655 4.2795115
237 -1.2963035 3.5041046
90 -3.4950738 -1.355912
76 -1.2955551 4.0621104
170 -2.0140817 0.88905007
173 -2.0447302 0.8632782
96 -1.2621511 4.0079803
297 -1.2426257 3.843444
280 -1.939699 1.0162228
36 -1.3038388 3.6297941
174 -2.0417078 0.7585014
114 -2.0684543 0.80965096
176 -1.3011464 3.598938
75 -3.431515 -1.2581105
290 -1.2616922 3.6602151
251 -1.247995 3.983656
4 -1.342096 3.4680238
31 -1.2704861 3.9447927
190 -1.9161239 1.0932075
213 -1.9716374 0.8721736
159 -1.3557404 4.0155334
234 -1.9964821 0.7831384
205 -1.3988187 3.3641527
21 -1.2765781 3.4360595
5 -1.9373461 1.0785073
215 -1.2574507 3.903818
246 -1.2696943 4.1521792
58 -3.6295247 -1.47976
171 -1.881041 1.0740271
47 -1.3339628 3.317753
277 -1.913097 1.0623074
66 -1.2387094 3.9224339
78 -1.3226796 3.9819705
117 -2.0950344 0.7110455
211 -2.09219 0.6425096
108 -2.0101547 0.9103366
231 -1.78015 1.1984651
208 -3.659247 -1.4906904
3 -1.2728812 3.9905608
23 -1.9092311 1.056921
27 -3.7656999 -1.5907992
182 -3.5359051 -1.3490819
44 -3.28731 -1.130972
291 -1.9610834 0.8981808
238 -1.3084906 3.7950928
177 -1.9790432 0.8881532
230 -1.3131851 3.0537937
240 -2.1384153 0.6461913
121 -2.0898056 0.7397745
123 -1.3244436 3.6298952
34 -1.986313 0.9752361
51 -3.451957 -1.3635584
52 -2.0494878 0.8479886
120 -3.589998 -1.4564184
69 -1.2848692 3.5948768
189 -1.276503 3.3876512
83 -2.047518 0.74317926
275 -2.0551372 0.8586997
115 -1.3108215 3.8956594
294 -3.775591 -1.6179285
161 -2.0818853 0.69844735
239 -1.2531303 4.029455
2 -3.280142 -1.0515403
281 -2.0225053 0.87518126
81 -1.3714576 3.5826416
258 -2.0253365 0.8777147
13 -2.1196287 0.69057107
16 -3.6229765 -1.4343256
37 -3.6609647 -1.4036376
92 -1.3276126 4.2751493
70 -1.3588904 3.444128
86 -3.0887444 -0.96673685
107 -1.9644241 0.9293202
105 -3.212969 -1.0575978
160 -3.7654655 -1.6104971
144 -1.2572145 3.849675
224 -3.8320181 -1.7182909
196 -1.3251846 4.173662
18 -2.0750442 0.7111251
30 -1.3094023 3.5947733
150 -2.2023616 0.5649546
142 -1.3078827 4.17703
156 -1.2796811 3.5550556
204 -3.4943857 -1.2731689
136 -4.099538 -1.8536129
233 -2.0425599 0.75256217
266 -2.045508 0.81103873
15 -1.9942031 0.87681955
169 -1.3218007 3.7786126
126 -1.9587108 0.95618135
28 -3.8089373 -1.6378088
106 -1.3109757 3.6001892
293 -2.0321229 0.6657927
35 -2.2206893 0.52472645
42 -1.2753745 3.8888764
222 -3.7662807 -1.5259204
154 -4.0361624 -1.7828332
72 -3.2702434 -1.1472255
84 -1.3109491 3.6233904
250 -3.9045835 -1.67404
185 -3.8816142 -1.6632093
192 -3.7446814 -1.5790073
287 -3.8624358 -1.706832
64 -3.4155285 -1.2652211
103 -1.3473647 3.5605364
14 -3.602033 -1.4194514
20 -1.3188553 3.3843868
22 -1.2962168 3.5481913
40 -3.6819136 -1.5050896
77 -1.3210024 3.5048134
55 -2.1103845 0.62671065
229 -1.9601355 1.0499583
151 -1.9773695 0.85787296
140 -2.0745192 0.6916604
270 -3.63912 -1.4973758
80 -1.2918826 3.832973
93 -1.3944204 3.6635363
104 -1.8799785 1.0815772
259 -3.493221 -1.3553498
193 -3.6367562 -1.5164869
265 -1.2457889 3.6157157
9 -2.0431194 0.75084555
11 -2.0513105 0.7365918
137 -1.2653613 3.6122315
221 -3.7719722 -1.5252693
130 -1.3603337 3.7930171
45 -1.2893019 3.4226515
68 -1.3574455 3.7816226
88 -1.3253329 3.3970435
286 -1.2828808 3.7823384
191 -1.316843 4.084998
87 -1.9907558 0.89174277
247 -1.2659905 3.7020714
256 -2.0896041 0.6261827
260 -4.061287 -1.8893813
124 -1.2798266 3.8578935
228 -2.0906038 0.7042211
198 -3.2191155 -1.0295362
178 -3.3207958 -1.2379138
184 -3.965373 -1.8027604
10 -1.3698252 3.8913364
19 -1.290898 3.843286
133 -3.2500072 -1.1792101
41 -1.2824692 4.0550523
200 -1.3227603 3.6099467
63 -1.9343716 0.9795819
67 -1.2726711 3.7539406
113 -2.0107307 0.8659423
226 -1.2990463 3.7688046
279 -2.0561957 0.91921836
273 -3.6551456 -1.404207
82 -3.6316862 -1.5877187
283 -1.3335544 3.6129463
29 -3.552727 -1.3862809
73 -1.9141946 0.97692
199 -2.0011232 0.9507272
139 -3.8490567 -1.6349139
210 -1.4080894 3.804962
149 -1.9369565 1.0439242
195 -1.2974334 3.7397873
292 -3.4924698 -1.3385094
289 -3.6487768 -1.4462624
227 -1.3335356 3.4961178
267 -3.1212127 -1.019188
46 -1.2988825 4.245649
53 -1.3300067 3.7928593
71 -2.0268154 0.75126064
74 -3.4832258 -1.2888285
212 -1.2660007 3.8614023
157 -3.5852964 -1.410643
175 -1.9967767 0.8986072
272 -1.3125509 3.242526
255 -1.9106535 1.0523027
7 -1.2469063 3.4601061
49 -2.0475354 0.8102651
167 -1.3173103 3.8453436
54 -3.9625545 -1.8206272
235 -1.3286119 3.74592
155 -3.9360197 -1.7365781
112 -3.6377575 -1.4443887
99 -1.315886 3.8175097
132 -1.3102372 3.5873392
135 -3.5818992 -1.3874637
138 -1.357129 3.471621
152 -3.8828812 -1.6993186
158 -1.3515122 3.5813327
217 -1.25499 3.752828
26 -1.2836607 3.2764716
50 -3.271579 -1.1611563
61 -2.086229 0.6149926
164 -3.9565036 -1.6992786
188 -2.1275802 0.56010175
94 -1.9948949 0.91328746
116 -1.3510216 3.4679673
271 -1.2849709 4.531151
296 -3.9651148 -1.769113
207 -1.2626286 4.0053086
262 -2.0206285 0.8730223
264 -4.0009937 -1.7672843
57 -2.0872374 0.7637821
59 -3.7279441 -1.5253172
284 -3.720876 -1.5239192
257 -1.2708336 4.2444
0 -1.260613 3.5139832
97 -2.09062 0.7409224
95 -4.0555725 -1.8157307
125 -1.2666279 3.5863316
203 -3.6257486 -1.4539655
145 -3.9005365 -1.753514
153 -3.4142387 -1.303519
225 -1.3298063 3.6826541
278 -1.2025771 3.5151267
163 -2.0768743 0.7323093
100 -1.322701 4.033177
181 -3.6797578 -1.5287821
85 -3.5168712 -1.336243
89 -1.9529973 1.0369847
186 -2.0640807 0.8210199
197 -1.3551621 3.8261032
220 -3.8691118 -1.6814245
223 -3.9053953 -1.619639
253 -1.8987117 1.089126
288 -3.9524264 -1.7975985
141 -3.5772898 -1.4123822
249 -3.740415 -1.5705439
295 -3.3867848 -1.1937782
214 -1.9278893 1.0717527
244 -2.1033552 0.7684536
206 -3.3818526 -1.2646761
17 -1.2479967 3.9107938
187 -3.518345 -1.2966015
148 -3.7258978 -1.5194148
119 -1.3126423 3.4759164
79 -3.6992898 -1.4920452
162 -1.991986 0.8808193
172 -3.8052502 -1.5080768
146 -3.9145133 -1.8084497
32 -3.786022 -1.609505
60 -2.019168 0.83420503
102 -1.9495611 0.9267312
218 -1.8890458 1.0994622
43 -1.9717863 0.9842217
110 -3.1400096 -1.026926
261 -3.6661384 -1.4595746
219 -3.648854 -1.4414886
118 -1.3071287 3.8156767
48 -3.9215171 -1.672231
131 -3.4932458 -1.219469
245 -3.8022156 -1.5752996
183 -2.0931013 0.76508003
232 -3.7187629 -1.5810354
248 -3.730357 -1.4948667
98 -3.3230927 -1.2423818
143 -1.2245065 3.2023404
1 -3.7827616 -1.545862
268 -1.2736679 4.213172
25 -3.6638904 -1.5310384
91 -1.843455 1.2993232
285 -1.2607952 4.3879743
24 -1.3123634 3.4300098
39 -1.9984711 0.84194374
179 -1.2889515 3.9420815
