30 2
21 3.215304 4.9349833
10 5.357221 -1.2012258
22 3.6968005 1.7758567
16 3.7250419 1.9270734
7 3.5354238 2.2209394
15 3.933221 1.417679
13 5.490944 -1.3815873
23 6.924592 -2.941758
4 3.9956722 1.1538494
28 6.0411305 -2.1168904
25 6.140599 -2.1471176
26 3.524416 2.372918
1 3.2615898 5.402813
8 6.2317176 -2.2771676
17 3.960647 1.3827425
0 3.1543567 4.900362
6 6.4035354 -2.3663456
27 3.2864513 6.243089
11 3.3049612 6.002312
14 3.6084456 2.113872
19 5.639706 -1.6022822
20 4.079432 1.0065032
24 3.2440877 4.9378843
18 3.7684932 1.4562347
3 3.2867424 4.624412
9 3.240945 4.728465
12 3.3470573 6.5702353
29 7.132702 -3.1014154
2 3.3458645 6.640696
5 6.475362 -2.4866257
