30 2
4 3.9670928 0.8141519
22 3.8064795 1.5704157
21 3.6549704 4.4756064
28 5.976854 -2.7465272
6 6.1642256 -2.8741844
7 3.7111793 2.046095
10 5.278272 -1.7218953
16 3.8372984 1.784161
13 5.29171 -1.8125118
8 6.0313115 -2.633459
15 3.8633626 1.3388475
0 3.6344569 4.567102
26 3.6117425 2.2359917
29 6.8156624 -3.7096162
14 3.7125976 1.9599935
1 3.6503785 5.1282387
19 5.5129166 -2.0484726
12 3.9010215 6.2147894
25 6.140681 -2.745539
11 3.7306871 5.7521963
18 3.8790464 1.1271143
23 6.7039313 -3.4385161
17 3.918694 1.317785
20 4.018626 0.63321304
2 3.8846924 6.226412
24 3.6592274 4.743883
5 6.2177324 -3.0071151
27 3.8021977 6.015671
3 3.566969 4.2511177
9 3.700129 4.5277467
