30 2
7 4.116307 3.2932005
2 -1.8482876 5.8102922
29 4.6583605 3.3111453
14 -2.210608 5.984851
20 -1.3918663 5.3053765
0 0.69186604 4.2039165
3 1.5492377 3.9467702
1 5.7035418 3.118546
15 6.028911 3.2763028
25 5.471155 3.2613049
24 1.73914 3.9302518
5 1.5722997 3.925963
17 -1.8345935 5.647432
4 -2.1110451 5.8749566
11 1.2756414 4.04604
6 5.106958 3.152203
12 5.334658 3.2489257
10 4.3771605 3.3196626
16 1.004274 4.28718
26 5.425813 3.1577868
8 -1.4068967 5.197579
21 2.5330577 3.7758586
23 -2.5305421 6.1945786
19 -2.567473 6.2427144
13 2.5288808 3.7392385
27 1.9038925 3.848063
28 -1.6765424 5.444397
9 0.97971416 4.2789035
22 4.40609 3.2011006
18 -1.0878162 5.140384
