30 2
29 4.862176 3.2585144
7 4.1941805 3.211067
20 -1.2951566 5.310809
5 1.7958755 3.8369033
2 -1.7429824 5.8128877
3 1.6639001 3.9437728
14 -2.0300512 6.018108
10 4.411464 3.2611332
22 4.344592 3.1780288
0 0.86835325 4.22555
18 -1.1543188 5.133468
15 5.946286 3.146262
23 -2.5054777 6.326242
6 5.2869945 2.9477718
11 1.3662738 4.036407
16 1.2305337 4.2827387
4 -1.9478024 5.776321
8 -1.1879567 5.1827455
25 5.4201617 3.1375537
12 5.3261065 3.1161096
21 2.5720606 3.674254
1 5.703966 2.9411407
24 1.8499357 3.9548888
28 -1.567613 5.4522724
26 5.4253135 2.9889865
27 2.1437273 3.7911866
17 -1.6073804 5.6460714
9 1.0618407 4.1975136
13 2.5336306 3.6408963
19 -2.4991186 6.320692
