300 2
7 -1.3516725 3.3688085
56 -1.9840431 0.84921193
159 -1.3142872 3.8928885
127 -1.9762053 0.85572666
164 -3.8245146 -1.6696193
190 -1.8879148 1.0669918
132 -1.2666236 3.3496144
238 -1.2755128 3.6506088
201 -2.0195658 0.8276397
236 -1.2898579 3.2198822
96 -1.242664 3.9025328
234 -2.062314 0.8018128
228 -1.896723 1.0940475
33 -1.8663296 1.2515566
109 -3.9956946 -1.7319409
69 -1.3233192 3.588078
152 -3.7185876 -1.5755566
65 -3.4457533 -1.3294675
41 -1.2790684 3.9671023
276 -2.0394387 0.89512336
53 -1.2746814 3.6177926
114 -2.0691078 0.6558224
280 -2.0230079 0.7475354
246 -1.2772195 3.8886032
64 -3.6612384 -1.5359687
162 -1.9434332 0.990599
131 -3.501698 -1.3897792
139 -3.9160063 -1.7168621
193 -3.64632 -1.4728425
11 -2.0677965 0.78935045
210 -1.2173175 3.586217
108 -1.9495802 0.84384227
153 -3.1887798 -1.0762451
165 -3.48296 -1.3404449
204 -3.6564882 -1.4633456
252 -2.072456 0.7228156
144 -1.295734 3.7247615
78 -1.2930101 3.7086246
23 -1.9283661 0.97526467
151 -1.977901 0.9689203
166 -1.2780637 3.824542
67 -1.2459499 3.8363256
197 -1.252137 3.6174097
229 -1.7944516 1.4235623
298 -1.9316051 1.0188104
15 -2.0033448 0.86165524
25 -3.6331465 -1.4319437
169 -1.2866666 3.8457642
43 -1.933374 1.0388597
75 -3.5744388 -1.4691702
83 -1.9081196 0.91224617
121 -2.1085637 0.7362645
205 -1.2623671 3.7065148
178 -3.3042533 -1.1924739
233 -1.9809816 0.8640076
282 -2.0665162 0.7383258
134 -1.833686 1.1957532
29 -3.445165 -1.2861046
179 -1.2662038 3.7526898
52 -2.1490436 0.71002036
235 -1.2578838 3.9596345
129 -2.0048313 0.9724109
257 -1.2074639 4.0324063
211 -1.9754151 0.940464
112 -3.518797 -1.2838037
174 -2.1251166 0.61365294
219 -3.5195591 -1.3283606
107 -1.9882611 0.839533
20 -1.2533721 3.4212162
209 -3.4407265 -1.3054854
130 -1.2506533 3.9434443
104 -1.9854952 0.96455157
63 -1.9060614 1.0614809
237 -1.2751085 3.3947434
73 -1.954885 1.0376326
293 -2.090665 0.72837645
86 -3.567916 -1.4109493
242 -1.8900183 1.1849444
269 -3.2050443 -1.143514
163 -2.0766618 0.78961635
16 -3.6849651 -1.504237
5 -1.9159673 1.0993317
216 -3.941074 -1.8112928
37 -3.7854733 -1.6253233
61 -2.136875 0.6936579
176 -1.2525456 3.1263669
103 -1.2584386 3.8656087
116 -1.2837684 3.6474192
195 -1.2736148 3.526195
180 -2.0674782 0.75993496
167 -1.2814243 3.722496
170 -2.003058 0.8887848
148 -3.7921374 -1.7333615
172 -3.8237197 -1.6429163
231 -1.8270781 1.2026579
244 -2.1320808 0.6494859
90 -3.1619775 -1.1082711
270 -3.7426817 -1.6666651
115 -1.2278312 3.7329736
158 -1.2455384 3.485292
95 -3.956375 -1.8022362
124 -1.2470294 4.259672
128 -1.9473373 0.95900196
147 -2.1195796 0.7863247
224 -3.7440975 -1.63041
264 -3.7021494 -1.5595592
287 -3.4657288 -1.3281255
258 -2.0176554 0.8047114
243 -1.8404161 1.2123722
0 -1.233442 3.5997682
138 -1.3535491 3.8208375
266 -2.0010731 0.9342658
55 -2.0989866 0.8127091
222 -3.8612676 -1.6819923
136 -3.9712038 -1.7284977
215 -1.2830893 3.9204156
255 -1.9414668 0.98764515
253 -1.8858343 1.0853997
263 -1.8857462 1.0451998
12 -1.8835124 1.2243896
212 -1.2582046 3.6683192
32 -3.5816197 -1.4433206
105 -3.3684042 -1.2320081
202 -4.1615605 -2.0010483
217 -1.19598 4.0458508
295 -3.4971886 -1.3345602
198 -3.33543 -1.2144096
225 -1.2104707 3.862721
126 -1.954749 0.9877145
240 -2.1667094 0.5650801
47 -1.2272166 3.5940745
36 -1.3217393 3.7368712
57 -2.0847583 0.79989904
189 -1.2987697 3.3821263
70 -1.3418438 3.6068964
79 -3.5484252 -1.3926494
102 -1.9952261 0.8595941
206 -3.6227252 -1.4434407
173 -2.0736434 0.8074261
150 -2.085562 0.7008342
207 -1.2699704 3.7451968
272 -1.3006864 3.4525235
221 -3.5921235 -1.5367776
214 -1.9538313 1.0103135
3 -1.2394198 3.7014077
168 -3.8331127 -1.5954951
18 -2.090472 0.77711606
196 -1.243463 3.852778
251 -1.2627714 3.5477748
45 -1.2854325 3.5823116
137 -1.3455076 3.4056659
77 -1.3240541 3.494541
181 -3.5406485 -1.3978977
89 -1.8786991 1.2636174
81 -1.2750454 3.698188
117 -1.8916336 1.0129851
283 -1.3448689 3.4234009
110 -3.17636 -1.0540863
194 -1.988046 0.94586706
101 -2.0290804 0.7012382
13 -1.9734385 0.8804776
38 -1.2934873 3.8824134
250 -3.8387463 -1.6798522
203 -3.7445533 -1.5344342
30 -1.2655425 3.6818306
186 -2.0130026 0.8071311
50 -3.2836053 -1.1039771
213 -2.0131779 0.81971854
285 -1.2590327 4.1575437
94 -2.0535822 0.751109
155 -3.7965329 -1.621196
241 -1.8667041 1.2093129
177 -2.0281584 0.8839972
185 -3.9699686 -1.7693225
277 -1.9160917 1.1008186
4 -1.2716027 3.761843
140 -2.0560775 0.8450154
6 -2.0831451 0.6873568
8 -1.9668375 0.93383837
289 -3.8434503 -1.6482831
48 -3.8212097 -1.6335082
76 -1.319981 4.0385547
299 -1.2565958 3.8557909
292 -3.7084284 -1.5357784
106 -1.2718128 3.4274569
118 -1.2626052 3.695167
111 -3.5280242 -1.3718598
142 -1.2557843 3.75798
275 -2.033443 0.88554895
230 -1.2462956 3.3834908
220 -3.5785935 -1.414608
259 -3.5113237 -1.3505267
46 -1.2371314 4.120023
288 -3.6582258 -1.4924991
133 -3.511661 -1.3929567
278 -1.2969115 3.628575
113 -1.8980342 1.003288
120 -3.7471108 -1.6568341
17 -1.2931997 4.3433943
31 -1.2249917 3.7892387
273 -3.61042 -1.4002256
66 -1.2610734 3.931013
84 -1.3189577 3.766019
135 -3.344964 -1.2520218
100 -1.2165605 4.2765546
149 -2.0016608 0.9047312
35 -2.2772005 0.30641848
119 -1.2447276 3.5149322
68 -1.2968092 3.9656844
42 -1.2681385 4.052036
62 -3.775924 -1.5944891
54 -3.5893316 -1.460338
82 -3.5856059 -1.446515
291 -1.8975717 1.0418547
248 -3.919839 -1.8321182
267 -3.2294228 -1.1397041
260 -4.005575 -1.8367307
247 -1.2270439 3.6906776
245 -3.6252024 -1.3906275
271 -1.2883732 4.21877
28 -3.5776634 -1.4522581
39 -2.0031044 0.9355828
71 -2.0417602 0.8552756
74 -3.4691906 -1.2247903
51 -3.8510973 -1.6564314
58 -3.8050845 -1.6220207
60 -2.0496504 0.7841293
80 -1.335074 3.6997542
296 -3.7139723 -1.5865954
175 -1.970395 1.0449934
125 -1.2797732 3.8851426
223 -3.8861558 -1.7592345
157 -3.4868572 -1.3732849
183 -2.0375855 0.7220003
188 -2.0615706 0.8331341
286 -1.2668446 3.9490147
294 -3.5623257 -1.3515534
98 -3.465606 -1.4202925
22 -1.2505153 3.622576
27 -3.6149805 -1.4611808
34 -1.9799223 1.0649801
191 -1.2823466 3.8685813
232 -3.890306 -1.6801955
262 -1.9413733 0.88733155
2 -3.7264974 -1.6211052
171 -1.9896408 0.9207878
40 -3.739739 -1.5422828
44 -3.2612433 -1.1963502
192 -3.6055498 -1.4483784
187 -3.4270883 -1.2170122
97 -2.097723 0.59624434
218 -2.0162017 0.84078294
92 -1.2793058 4.3232393
141 -3.544389 -1.3564075
146 -3.8034966 -1.6872269
227 -1.2533553 3.339894
254 -3.7370374 -1.5684589
49 -1.9032885 1.2282486
122 -1.2556441 4.3332515
88 -1.2553922 3.412394
91 -1.8326204 1.3537905
154 -3.880471 -1.8035561
182 -3.359363 -1.2478073
26 -1.2385331 3.5916834
256 -2.1893497 0.5638255
72 -3.4877427 -1.426932
160 -3.594194 -1.4265696
99 -1.3049843 3.7393978
199 -1.9489961 1.1491989
274 -2.0296564 0.79306376
281 -2.10933 0.7051001
9 -2.0528026 0.897615
184 -3.8817015 -1.6867502
200 -1.2240981 3.7880433
208 -3.6213815 -1.5882514
19 -1.3030872 3.4376357
156 -1.3156962 3.5932715
123 -1.286072 3.9426985
284 -3.511848 -1.2569232
279 -2.0318968 0.8746794
249 -3.960219 -1.7795477
297 -1.2231115 3.6148033
10 -1.3004789 4.04147
226 -1.2508991 3.854277
239 -1.3020899 3.318717
24 -1.231577 3.4975646
85 -3.7750473 -1.5614983
161 -2.0942209 0.6301644
261 -3.5808544 -1.4159763
143 -1.276995 3.2614214
265 -1.2372427 3.7185433
59 -3.656869 -1.465427
87 -1.9506389 0.9680298
145 -3.8346488 -1.6269631
93 -1.254332 3.4256675
1 -3.6315675 -1.5687997
21 -1.2753917 3.6170108
14 -3.7314336 -1.5801088
290 -1.31717 3.3658943
268 -1.3050687 4.011398
