30 2
7 4.122578 3.4003296
20 -1.4008542 5.2174754
4 -2.203179 5.6933417
29 4.6153336 3.4753394
14 -2.4784703 5.959219
5 1.584152 3.898379
3 1.5132347 3.9380534
1 5.6105676 3.4035797
6 5.0660696 3.2930496
2 -2.2200134 5.78925
10 4.3199744 3.5165489
25 5.375231 3.5206146
0 0.6905137 4.251664
18 -1.3330952 5.041117
22 4.2811556 3.333221
8 -1.5838487 5.2361193
12 5.01608 3.3600042
24 1.4538244 4.0349555
21 2.3954513 3.8566442
26 5.071543 3.3162398
9 0.7248878 4.2912326
19 -2.8745067 6.139344
13 2.4191294 3.7044148
11 1.1061108 4.0546565
23 -2.7365847 6.060188
28 -1.6313883 5.293444
16 0.82577163 4.2517047
15 5.8041725 3.438953
27 1.8080993 3.9237375
17 -2.019677 5.615477
