30 2
1 3.3864276 5.1627884
7 3.653117 2.00983
28 5.9115567 -2.3434708
10 5.388341 -1.5242482
22 3.7940195 1.6404619
4 4.069909 0.87871003
26 3.6965008 2.0836866
19 5.457815 -1.510182
14 3.7747989 1.8793398
9 3.4648807 4.66116
15 3.897111 1.2616032
16 3.7909334 1.7108915
12 3.6035223 6.450048
21 3.4460483 4.704589
23 6.7661343 -3.2650094
18 3.8811264 1.1969981
2 3.580391 6.4659038
25 6.1147857 -2.5414152
24 3.4722269 4.8243675
6 6.2885833 -2.7828956
17 3.9840436 1.3650331
11 3.5659077 6.069881
27 3.5971146 6.135677
0 3.5068233 4.6734767
8 6.109871 -2.563045
13 5.43911 -1.6047374
3 3.4717305 4.414529
29 6.8862734 -3.2508729
20 4.0954328 0.70256317
5 6.331759 -2.7324243
