30 2
5 1.905864 3.76507
2 -1.7740719 5.8600016
20 -1.185957 5.3391824
14 -2.1498172 6.202123
29 4.767902 3.0791776
3 1.5975484 3.9689503
1 5.7445893 3.0450323
21 2.6389341 3.6597865
4 -1.8501698 5.814974
25 5.3938246 3.0517418
7 4.3990793 3.0562296
24 1.9515216 3.896659
22 4.4096255 3.0538487
10 4.562344 3.1450849
19 -2.4380808 6.3934097
15 5.931001 3.0147643
26 5.450462 2.9260743
23 -2.2272518 6.2925315
6 5.2933035 2.9456403
16 1.2580067 4.209858
27 2.1051853 3.71337
18 -1.0979551 5.074195
0 1.0057304 4.1096463
12 5.4427176 3.0469928
28 -1.3785468 5.457569
17 -1.5341078 5.6330647
11 1.3252578 4.0962157
8 -1.2029306 5.369894
9 1.1688029 4.1572633
13 2.5942469 3.6003487
