300 2
174 -2.0523865 0.5232063
147 -1.9566907 0.8466922
149 -1.9505975 0.89825547
36 -1.6119157 3.1230013
157 -3.4327123 -1.4352056
231 -1.8934026 1.0895351
41 -1.6156311 3.757485
287 -3.747772 -1.7127577
9 -1.9983073 0.7111636
241 -1.9699107 0.8988272
87 -1.9701437 0.88595873
69 -1.5554312 3.2334056
169 -1.5415083 3.462629
23 -1.9808022 0.84182566
242 -1.9885784 0.8301218
252 -2.0745676 0.61129105
100 -1.6071712 3.2840986
151 -1.9869814 0.7797751
128 -2.0314374 0.69016564
5 -1.9286132 1.0469856
35 -2.0161042 0.65416706
83 -2.006629 0.7524331
293 -2.04825 0.72603434
93 -1.611674 2.9018323
237 -1.5587041 3.3202603
259 -3.2866504 -1.3046999
246 -1.5888057 3.4209242
280 -2.0739992 0.5983144
16 -3.3237932 -1.3472611
125 -1.5808065 3.2558575
236 -1.5813607 2.7859976
117 -1.981934 0.70510817
267 -3.2992756 -1.3209933
210 -1.5872742 3.1304872
240 -2.1941988 0.3743768
176 -1.5428648 2.9241295
50 -2.8666365 -0.8975505
105 -2.8716676 -0.9689208
211 -1.9761928 0.82122326
208 -3.1912277 -1.2520769
120 -3.19672 -1.2350419
182 -3.3339949 -1.4036722
209 -3.1743073 -1.1306953
71 -1.9200797 0.897327
84 -1.6135725 3.2666087
158 -1.6216547 3.2194176
48 -3.6645148 -1.6574361
139 -3.3767307 -1.4552149
243 -1.9801095 0.8538929
214 -2.0656884 0.6029336
282 -2.0519145 0.6283754
228 -2.017499 0.7584961
289 -3.4295726 -1.4457449
7 -1.5864784 3.3833456
281 -1.9933285 0.78447294
203 -3.3995917 -1.4596646
298 -1.9275224 0.7924964
25 -3.3065135 -1.4003376
67 -1.6295819 3.137824
171 -1.9919373 0.76601815
129 -2.0027113 0.673776
165 -3.3704631 -1.3871635
258 -2.0732193 0.61916316
97 -2.0425375 0.81631106
33 -1.929428 0.7776929
190 -1.9294997 0.8454
18 -1.8911856 1.079209
191 -1.6030332 3.3008845
269 -3.3067625 -1.2569231
219 -3.0660172 -1.0751152
49 -2.0427659 0.7350526
185 -3.5363529 -1.6074015
131 -3.0495222 -1.1931835
134 -1.89107 0.92039585
292 -3.6108334 -1.6320808
192 -3.234918 -1.2647058
264 -3.5657444 -1.5933974
253 -1.9424152 0.9213337
59 -3.4324708 -1.5115484
161 -1.9555714 0.75631976
189 -1.507113 2.9697726
148 -3.4674902 -1.5133258
180 -2.0951061 0.5484212
276 -2.0464466 0.6348101
229 -1.884892 1.1132292
140 -2.1324012 0.41325182
12 -1.9817994 0.7764212
53 -1.5751086 3.0854478
215 -1.5708627 3.0133584
225 -1.560453 3.4839025
34 -1.9602051 0.8826559
73 -2.0368004 0.77084035
38 -1.5894034 2.9694247
52 -2.0045416 0.80212057
55 -2.0105488 0.8373753
138 -1.5974219 3.413261
82 -3.2867215 -1.3656014
101 -2.1657684 0.3700764
107 -1.9914068 0.7781219
277 -1.9458743 0.8896276
244 -2.1121144 0.6310773
238 -1.5862399 3.3123102
239 -1.5562919 3.246657
279 -1.9749838 0.7930377
291 -1.9966656 0.73084897
233 -2.0107155 0.70665485
13 -2.0367987 0.6493513
56 -1.99001 0.77828825
197 -1.5455562 3.111609
51 -3.2540462 -1.2961353
124 -1.6307075 3.4866595
58 -3.526092 -1.5307655
262 -2.011914 0.69971496
109 -3.5250986 -1.5582092
114 -2.1361785 0.38671294
159 -1.5622941 3.417259
150 -2.182094 0.385447
294 -3.48645 -1.5536503
290 -1.5431213 3.2488809
222 -3.5045235 -1.5172893
66 -1.5882753 3.319361
195 -1.5889949 2.9691236
234 -2.04063 0.72230935
177 -2.0521376 0.6878403
60 -2.0816195 0.715278
75 -3.6077974 -1.5470166
89 -2.0000575 0.84185004
94 -1.965625 0.7896503
156 -1.5536504 3.0053418
296 -3.3875823 -1.4129741
286 -1.6426777 3.2882862
194 -1.9323186 1.0456493
295 -3.068756 -1.0661188
247 -1.5555674 3.205612
166 -1.6255343 3.2581685
115 -1.6335862 3.507592
63 -1.967373 0.812387
27 -3.263028 -1.2815661
111 -3.243194 -1.3094994
142 -1.4644234 3.4711587
96 -1.5886979 3.2732596
123 -1.6481767 3.325188
213 -2.0200078 0.7505035
249 -3.5591438 -1.5621617
29 -3.578732 -1.5394294
261 -3.2669218 -1.4181566
104 -1.975977 0.8487131
272 -1.5294081 2.6173043
43 -1.9859093 0.7607738
54 -3.4271352 -1.5283879
77 -1.5531112 2.8491342
91 -1.9055552 1.0107399
270 -3.3976138 -1.5060824
141 -3.3944893 -1.390331
88 -1.541743 2.811276
204 -3.5358684 -1.5822555
260 -3.531462 -1.5203624
266 -2.0124972 0.864849
110 -2.9803035 -1.1221693
132 -1.5051829 2.8724506
6 -1.9712728 0.79285115
133 -3.3821898 -1.4392476
21 -1.5828104 3.0902433
257 -1.5630685 3.4737003
178 -3.2502546 -1.303959
127 -1.9120121 0.9039
201 -1.9738855 0.8106118
288 -3.3810508 -1.4508176
103 -1.63602 3.2395928
216 -3.6125603 -1.5246488
226 -1.5987283 3.5484567
162 -1.9537873 0.78558636
278 -1.5739218 3.0732992
284 -3.2535367 -1.2814046
196 -1.6225948 3.1701767
0 -1.5412992 3.0110483
2 -3.2670627 -1.2537528
10 -1.6277088 3.62075
255 -1.940055 0.9258467
44 -3.0541987 -1.1149696
72 -3.0175529 -0.99959654
62 -3.5954568 -1.6432545
227 -1.5911609 3.2281628
155 -3.4902654 -1.5119874
224 -3.2267017 -1.3135885
220 -3.3512893 -1.4464164
207 -1.5976226 3.5134785
230 -1.5676106 2.8982904
265 -1.5517422 3.098228
11 -2.1323745 0.45279562
199 -2.0135238 0.89468837
8 -2.0059776 0.7326479
179 -1.6417117 3.4278688
144 -1.5906126 3.6146574
78 -1.5975857 3.307849
198 -3.3204308 -1.3952357
218 -2.0253503 0.7441804
121 -2.0391169 0.66824096
136 -3.6325524 -1.6601743
273 -3.6147099 -1.5757347
187 -3.4481854 -1.5587951
168 -3.4027705 -1.3863559
212 -1.5345093 3.5642693
61 -2.056011 0.591443
37 -3.3592286 -1.3873781
68 -1.5487225 3.4797657
79 -3.767809 -1.8301578
146 -3.605098 -1.6431717
275 -2.0214012 0.80046993
263 -1.958633 0.89874864
250 -3.7596478 -1.7347194
163 -2.036907 0.6249057
274 -1.9356565 0.93220085
206 -3.219318 -1.2945778
15 -2.030391 0.7279121
20 -1.516366 3.1671734
31 -1.5688162 3.4219618
32 -3.2215714 -1.3068396
81 -1.5584065 3.39206
173 -1.9961401 0.7118239
184 -3.5734131 -1.6971766
143 -1.5807925 3.2474217
152 -3.1244876 -1.1692863
160 -3.3647082 -1.3842282
251 -1.5670561 3.3241599
297 -1.5995259 3.2099802
14 -3.3676438 -1.3691677
30 -1.5023155 3.2645416
40 -3.5238185 -1.530824
205 -1.5424592 2.9248226
183 -1.921929 1.0027891
271 -1.6277101 3.3885076
4 -1.5287379 3.1751537
285 -1.5750502 3.6470642
47 -1.5728507 3.018907
65 -3.1439793 -1.1171716
98 -3.2143066 -1.3541315
106 -1.5698789 2.872606
108 -1.8134308 1.2772863
145 -3.3270545 -1.3347825
126 -1.9766169 0.8380555
70 -1.5410415 3.2590344
135 -3.272779 -1.2346632
283 -1.5836118 3.4937978
193 -3.3885846 -1.4265704
46 -1.6586981 4.028096
116 -1.6032503 3.2172728
76 -1.6274382 3.3020265
186 -2.033771 0.6702464
154 -3.4329164 -1.4693156
3 -1.6257744 3.582346
17 -1.5606862 3.4157245
19 -1.4752226 3.1652274
299 -1.6164327 3.0422015
22 -1.5615457 3.3588936
24 -1.56206 3.0136409
64 -3.5873945 -1.6053064
39 -2.0350153 0.79196864
45 -1.5536898 3.074546
200 -1.5610629 3.7115371
119 -1.557099 2.992793
164 -3.7538044 -1.7818403
130 -1.5710495 3.053589
170 -2.043218 0.6944036
99 -1.5782428 3.5668938
74 -3.2277427 -1.2670674
86 -3.271044 -1.3536757
92 -1.6377554 3.9375052
188 -2.115191 0.45830214
217 -1.5943716 3.4190564
223 -3.5258815 -1.4967059
1 -3.245608 -1.3405764
245 -3.138615 -1.1411893
57 -1.9914284 0.7570196
85 -3.3200872 -1.3329078
254 -3.2490804 -1.3582036
153 -3.0658882 -1.1885434
122 -1.6331716 3.6108012
102 -2.0543113 0.7406807
268 -1.5843048 3.4338546
235 -1.5579014 3.2746425
28 -3.2757237 -1.4128909
175 -1.9734557 0.96516174
248 -3.566806 -1.606824
232 -3.2384176 -1.2963111
113 -1.9948921 0.68299186
80 -1.5873327 3.253031
221 -3.145577 -1.1715727
181 -3.0047352 -1.0232499
26 -1.5027919 2.927903
42 -1.5618292 3.150194
90 -3.1775296 -1.3245904
172 -3.456374 -1.5597528
202 -3.7500489 -1.8012538
112 -3.2117002 -1.2318985
256 -2.023559 0.7170897
167 -1.5798079 3.2111552
95 -3.520539 -1.547413
118 -1.6838853 3.6394548
137 -1.5664436 2.9057453
