30 2
16 3.578028 2.1106055
10 5.4370112 -0.9119718
22 3.622525 1.9845939
19 5.72101 -1.1711012
21 2.9460192 5.085028
4 3.7845237 1.4965949
8 6.392094 -1.8595017
2 2.9951062 6.9477205
12 2.935337 6.7278414
1 2.8803585 5.6285906
15 3.7619605 1.8781611
7 3.3923702 2.5154946
9 2.9146163 5.022143
18 3.6322763 1.7474862
13 5.5501585 -0.9400673
27 2.8381457 6.406831
28 6.1634226 -1.6431868
6 6.4191566 -1.9702853
17 3.6601012 1.9190509
25 6.4154954 -1.8239529
14 3.5397928 2.3113742
3 2.9903772 4.5986505
20 3.9838538 1.1876373
23 6.9654646 -2.4691045
26 3.3536804 2.595528
11 2.862296 6.1801176
0 2.8883574 5.0158362
24 2.9149323 4.983314
29 7.2820663 -2.5309474
5 6.668375 -2.0814366
