30 2
15 3.7958715 1.8590355
16 3.6369927 2.0341744
7 3.392539 2.538501
14 3.5531664 2.3131497
21 2.9155211 5.093476
11 2.8748908 6.2198596
19 5.6080604 -1.1985105
4 3.843562 1.4749936
6 6.3689976 -2.0040948
23 7.0087757 -2.3768718
1 2.8915343 5.6229925
8 6.365544 -1.7955549
10 5.4625106 -0.9391285
27 2.8299665 6.446629
18 3.6762955 1.6977834
17 3.6876748 1.8292017
26 3.3497798 2.6488109
28 6.1533074 -1.7721668
22 3.5764625 1.9957267
13 5.5240235 -1.0431296
12 2.95102 6.688357
5 6.702878 -2.0941634
25 6.4103093 -1.7985162
24 3.00964 4.995726
29 7.248627 -2.5249207
0 2.8651388 4.912273
20 3.9565482 1.2096887
9 2.955999 5.028543
3 2.973286 4.571889
2 2.9742525 6.9242287
