30 2
8 6.1817446 -2.6322362
14 3.8017097 1.9139332
1 3.4604952 5.1650853
22 3.7727504 1.568992
4 3.9633896 0.9747641
11 3.5064838 6.087577
13 5.3763323 -1.6052563
23 6.832309 -3.2284932
21 3.4352555 4.7324896
20 4.078296 0.72626626
25 6.1898665 -2.4449873
28 5.807888 -2.3111978
15 3.9531546 1.3582349
18 3.8886993 1.199655
16 3.731241 1.7253044
7 3.653797 2.0574052
10 5.3903 -1.4163909
26 3.6763995 2.07454
6 6.3247914 -2.672922
0 3.410151 4.7383866
17 3.9380665 1.2463596
3 3.4320145 4.430438
24 3.4607208 4.7251363
5 6.367254 -2.7227418
2 3.6277544 6.5490503
29 6.9349284 -3.3767223
12 3.7014537 6.398641
9 3.4854977 4.736086
27 3.5044613 6.113467
19 5.327749 -1.4702861
