30 2
10 5.3039885 -1.9684621
13 5.3163266 -1.9264408
22 3.8671932 1.2718172
16 3.8841956 1.3865287
4 3.9679527 0.76091707
17 3.9560468 1.2644775
20 4.0552044 0.574372
1 3.875879 4.934213
7 3.784354 1.9136994
8 5.8495107 -2.909218
21 3.8670247 4.5129685
28 5.812078 -2.7898965
11 3.951556 5.541999
14 3.8685784 1.7316719
19 5.2997146 -2.1041756
15 3.9327245 1.0924172
9 3.8549082 4.478119
25 5.933926 -2.864059
12 4.0818243 6.1246333
23 6.531897 -3.7934914
27 3.9902272 5.770942
3 3.7799542 4.19246
2 4.153735 6.0325356
26 3.720553 2.0580726
18 3.8768795 0.96234256
0 3.7038975 4.1563716
5 6.139307 -3.2907453
6 6.089505 -3.049879
29 6.602514 -3.6788008
24 3.7316282 4.449737
