30 2
29 3.8649042 4.1111293
20 -2.4034648 4.948839
14 -3.2376823 5.476556
2 -3.0217829 5.4243255
1 5.1688423 4.1902165
3 0.8820976 4.1631474
4 -3.1255198 5.3329644
18 -2.207379 4.8637877
24 1.0186878 4.131014
5 0.98906803 4.0404353
6 4.480517 3.9843805
0 0.15289569 4.2395296
7 3.494549 4.0297575
22 3.7279918 3.9558039
19 -3.6193047 5.652029
21 1.698862 4.0674934
25 4.761122 4.195034
11 0.5836628 4.1602445
10 3.7675705 4.076002
23 -3.5467732 5.63217
12 4.8642616 4.17371
8 -2.3977702 5.0150385
13 1.8633733 4.076093
15 5.002833 4.2605543
28 -2.4040954 4.9036884
9 0.43591282 4.27761
26 4.774306 3.9966996
16 0.2139664 4.3947754
27 1.2309498 4.1749196
17 -2.8552806 5.3041177
