30 2
15 3.8977854 1.3118149
4 4.0063314 0.995851
10 5.434441 -1.3974042
16 3.8678708 1.6156957
22 3.6943111 1.7816479
21 3.3714695 4.815103
17 3.9359999 1.40579
19 5.315517 -1.4622343
25 6.2778597 -2.4007075
14 3.7511196 1.9026676
1 3.3758326 5.205492
3 3.3607697 4.4308786
7 3.5056553 2.2107303
8 6.108074 -2.424974
27 3.483732 6.173153
26 3.637183 2.2972503
23 6.8652773 -3.2965336
6 6.2834477 -2.6397648
0 3.404371 4.662273
9 3.4341002 4.7163157
20 4.082884 0.9739523
28 5.9317045 -2.3988066
24 3.4009821 4.7558775
12 3.6565433 6.4532785
18 3.8480186 1.3550712
29 6.9717464 -3.1803844
2 3.7341313 6.4607096
13 5.376683 -1.5594406
5 6.3891654 -2.6338742
11 3.4742436 6.054737
