30 2
8 6.162106 -2.353193
4 3.938688 1.2363282
16 3.845527 1.5835273
1 3.33107 5.2650647
10 5.4648695 -1.5667565
23 6.8731885 -3.124554
11 3.5404842 6.0012584
19 5.4055147 -1.4737878
21 3.3578944 4.9027405
12 3.4968774 6.5521293
22 3.733316 1.7529054
26 3.6099849 2.2567847
3 3.4075055 4.4618044
7 3.5924757 2.0907104
17 3.9475129 1.4110368
0 3.3174582 4.70358
25 6.167125 -2.5055954
27 3.506761 6.074235
14 3.7189155 1.8417817
6 6.297841 -2.5194242
5 6.358031 -2.548724
13 5.5352182 -1.6354902
2 3.5158896 6.6563725
20 4.0506673 0.92690074
29 6.9639215 -3.2113616
28 6.069535 -2.303177
18 3.8717315 1.2950557
9 3.4188352 4.88389
15 3.9174523 1.4384388
24 3.3994424 4.7379518
