30 2
22 3.627958 1.8165518
1 3.1843028 5.465645
4 3.9901145 1.0910329
21 3.2755134 4.9422226
26 3.5296621 2.3578553
16 3.6617646 1.9508098
8 6.181411 -2.26758
25 6.2223973 -2.2237356
7 3.539642 2.3029673
23 6.979079 -3.0164936
20 3.9983654 1.0770047
0 3.1909137 4.770014
6 6.3756957 -2.37761
15 3.8777103 1.5934994
24 3.3165057 4.825683
3 3.2911816 4.5672793
10 5.4350457 -1.3835001
28 6.0689845 -2.2065225
11 3.3104668 5.9757648
14 3.593607 2.1460297
19 5.559468 -1.5817796
13 5.471192 -1.4669423
17 3.849592 1.4455667
29 7.1257253 -3.1245093
18 3.8123155 1.3243687
2 3.3940516 6.574543
27 3.3470902 6.1782184
9 3.3290608 4.8243456
12 3.3990033 6.5576444
5 6.4181232 -2.4310431
