30 2
14 -1.7850484 6.254976
2 -1.4019868 5.984829
29 4.9203906 3.0006835
24 2.0604918 3.7888896
7 4.473167 2.8135788
25 5.76934 2.7503562
19 -1.913 6.459383
5 2.0864923 3.6539967
3 1.8125496 3.8938494
18 -0.77299154 5.228634
1 5.9188423 2.687411
4 -1.4705635 5.9690876
23 -1.9300596 6.427406
6 5.5116477 2.6752074
20 -0.83377904 5.3647237
26 5.577563 2.6525009
10 4.7439704 2.8754764
12 5.529542 2.770929
17 -1.2664121 5.7548604
28 -1.2242856 5.602873
21 2.8726914 3.5298388
0 1.0964426 4.1179733
15 6.2412024 2.6759152
22 4.529828 2.8530772
16 1.3920058 4.136495
8 -0.97377276 5.440995
11 1.5896976 3.909053
27 2.3370583 3.653893
13 2.938824 3.4418538
9 1.3272394 4.110003
