30 2
22 3.7616727 1.6643487
1 3.3335562 5.2635508
21 3.426436 4.8231993
4 3.9684129 1.1058828
10 5.4542937 -1.480524
14 3.653624 1.9461606
28 6.072546 -2.3228946
15 3.8640032 1.4932654
8 6.058104 -2.2789874
19 5.416708 -1.488294
12 3.4611197 6.532985
7 3.6420116 2.106794
27 3.398566 6.1869392
13 5.5352664 -1.6542127
11 3.471928 5.9581547
6 6.3070936 -2.5873606
23 6.834631 -3.148388
25 6.1364484 -2.3272297
5 6.371347 -2.648443
24 3.407244 4.8101707
3 3.3996637 4.5177517
17 3.905024 1.5451632
29 7.030787 -3.1922698
0 3.3447802 4.7431035
18 3.871752 1.2604443
16 3.8536813 1.6218708
20 4.0491166 0.84546477
26 3.586398 2.2377691
9 3.4228373 4.9055414
2 3.592471 6.58287
