30 2
10 5.4757147 -1.4754524
8 6.1735005 -2.45656
17 3.9478767 1.4587451
1 3.3893204 5.229319
16 3.8469806 1.5889837
15 3.953603 1.4418806
21 3.3855338 4.810001
7 3.6249688 2.1210055
14 3.7356691 1.762804
22 3.7612886 1.7394583
13 5.49434 -1.6117011
4 3.894768 1.1915461
0 3.296538 4.693441
2 3.5893707 6.6187015
6 6.239242 -2.6089447
19 5.4314475 -1.5270406
25 6.1869574 -2.4293382
23 6.882808 -3.1034105
26 3.6467996 2.238635
28 5.998426 -2.3250754
20 4.0760336 0.89486533
27 3.4585822 6.1019793
12 3.580529 6.5148606
11 3.5153465 6.0891075
5 6.372667 -2.5628312
24 3.4070635 4.743947
29 6.922231 -3.206547
3 3.369111 4.4672594
18 3.8573027 1.298382
9 3.3989542 4.8863072
