30 2
4 3.9890797 0.6841994
15 3.9233 1.1716365
26 3.8182309 1.9432092
21 3.8853884 4.489018
16 3.8619993 1.3377374
17 3.9812524 1.1438808
1 3.9096584 4.848476
22 3.829894 1.3582299
10 5.2617183 -1.9460582
8 5.844433 -2.8222578
14 3.8459027 1.8171327
3 3.7767646 4.1007104
7 3.791413 1.9375477
0 3.7242615 4.165332
25 6.00055 -3.0953035
28 5.8586082 -2.748931
11 3.9390712 5.542294
18 3.842945 0.98874944
13 5.301407 -2.0666702
2 4.1430354 6.0616007
24 3.8151584 4.4692802
6 5.965951 -3.0351346
19 5.3044057 -2.0044136
23 6.448511 -3.7321844
9 3.8182924 4.530227
12 4.130174 6.161525
20 4.070233 0.5006129
27 4.0905223 5.7686434
5 6.1400223 -3.2368963
29 6.594081 -3.8352163
