30 2
7 4.350352 2.9833257
25 5.6491785 2.7587173
29 4.7884827 3.024213
5 2.1915927 3.5827963
14 -1.9195691 6.1818852
3 1.8306475 3.9199035
18 -0.8037142 5.1789775
10 4.527329 3.018047
2 -1.5313385 5.867842
4 -1.6035941 5.8932605
19 -2.1766434 6.377572
12 5.5044336 2.8539035
11 1.4579788 4.032602
24 1.9088386 3.7856226
0 1.1542704 4.0813966
6 5.3681297 2.804144
20 -0.9217473 5.2712317
1 5.8467426 2.8391273
23 -2.1828928 6.4219284
13 2.8847575 3.5500174
15 6.0949345 2.7809916
27 2.301399 3.6618953
22 4.4494977 2.962302
26 5.573742 2.7900553
28 -1.2361225 5.4967833
21 2.8185635 3.617609
9 1.3485559 4.1446805
8 -1.1193845 5.4228845
16 1.3751177 4.2024503
17 -1.4431056 5.741832
