300 2
18 -1.9503818 0.95555365
121 -2.1025615 0.6673642
189 -1.4007506 3.4670045
17 -1.413801 4.047736
170 -2.0511086 0.8214404
234 -1.9030185 0.98187006
242 -1.9220008 1.1092693
195 -1.4106119 3.1465116
192 -3.3799558 -1.3021731
77 -1.3761802 3.5305078
6 -2.1347597 0.55077654
16 -3.5447788 -1.5281646
133 -3.4393117 -1.4002368
274 -1.9201789 1.083251
22 -1.4085467 3.6082993
87 -1.9835362 0.88432133
90 -3.5074728 -1.5032694
149 -1.9972824 0.79382354
128 -2.036123 0.8019527
8 -2.050474 0.7331564
93 -1.4275628 3.2847972
44 -3.069537 -1.0238353
56 -2.1085804 0.6073358
243 -1.963175 0.9462415
47 -1.2988353 3.2113538
246 -1.4161056 4.0684547
238 -1.3706635 3.9536147
42 -1.3889765 3.736439
188 -2.164142 0.457037
237 -1.4137706 3.6404912
266 -1.9528713 1.0255163
193 -3.9427626 -1.7961565
240 -2.1998417 0.34977096
0 -1.3204206 3.3723037
244 -2.1624737 0.5472787
147 -2.0536616 0.74559224
37 -3.7215161 -1.6477034
43 -2.118457 0.56736255
63 -2.0414302 0.7225869
71 -2.0858946 0.81202006
118 -1.3751626 3.9293761
252 -1.971318 0.88903546
159 -1.3777045 4.1822996
196 -1.3581954 3.7117128
163 -2.1073842 0.7043444
129 -2.0269632 0.8734861
53 -1.39885 3.5939434
4 -1.482927 3.3164086
35 -2.053286 0.61020464
290 -1.3465997 3.5569785
61 -2.0936842 0.64454144
205 -1.4204744 3.4812715
139 -3.6348698 -1.6267141
273 -3.6807683 -1.6481118
119 -1.4557278 3.1214473
131 -3.3710423 -1.3895044
75 -3.2633746 -1.3130373
113 -2.0401776 0.787172
161 -1.9407313 0.8553268
272 -1.4262604 2.9223967
7 -1.4058702 3.6929667
10 -1.3982882 4.039449
165 -3.49349 -1.4417802
62 -3.7258544 -1.6423802
261 -3.7662268 -1.7255148
124 -1.4117562 3.9205058
184 -3.8773 -1.8522325
294 -3.61002 -1.5899783
247 -1.4310573 3.6570778
100 -1.3705462 3.7367148
68 -1.3801112 3.572578
194 -1.9706494 1.0631757
154 -3.843169 -1.8386575
157 -3.4498553 -1.4040672
286 -1.3216187 3.780585
176 -1.3758776 3.5199955
296 -4.0142956 -1.9036036
209 -3.4267666 -1.3394477
144 -1.3774266 3.748272
197 -1.3545479 3.4797986
231 -2.0093348 0.8360952
12 -1.966276 0.94693553
183 -2.0123408 0.7550121
69 -1.3351724 3.4860408
107 -1.922533 1.0499411
275 -2.005333 0.78643274
96 -1.354308 3.8592732
207 -1.4537566 4.099921
155 -4.039246 -1.9444983
198 -3.2160242 -1.2574211
282 -2.0641432 0.72728074
213 -2.1689177 0.56812245
5 -1.9459202 1.0342801
13 -1.9947274 0.87375605
151 -1.9563622 0.8255502
94 -1.8974569 0.9084602
31 -1.3751428 3.5239873
58 -3.526569 -1.4670774
105 -3.375554 -1.3220693
79 -3.830175 -1.8394032
177 -1.9583541 0.83269346
225 -1.365737 3.9206252
236 -1.3777809 3.2738607
270 -3.625104 -1.5718179
221 -3.6586413 -1.617736
81 -1.3348346 3.655666
191 -1.418766 3.8815033
48 -3.7848194 -1.7763441
136 -4.0215297 -1.9801185
219 -3.4404643 -1.425989
295 -3.3286936 -1.3225124
291 -1.9218323 0.9582748
276 -1.9712315 0.83572775
148 -3.7149808 -1.6995384
257 -1.4234236 4.453124
180 -2.1292002 0.63879097
248 -3.8120508 -1.7655483
293 -2.0677056 0.58917975
2 -3.3696787 -1.3273294
3 -1.3001916 3.7613432
179 -1.3885466 3.1952512
117 -2.015421 0.79849213
25 -3.3838267 -1.4219224
28 -3.4243436 -1.3829156
226 -1.3877746 3.9789555
239 -1.4122684 3.537815
49 -2.0279596 0.8371094
111 -3.48442 -1.4730741
51 -3.5935528 -1.4733912
54 -3.6049929 -1.53715
168 -3.893016 -1.8765568
76 -1.4102563 3.8085263
97 -2.1047845 0.61682355
86 -3.4996762 -1.5313864
114 -2.0977776 0.7237117
271 -1.3493418 3.9386861
210 -1.3810606 3.4142041
255 -1.9788005 0.90362525
218 -1.9810338 0.8359355
227 -1.3572229 3.809137
50 -3.1210098 -1.0601977
267 -3.4263072 -1.4471071
140 -2.168541 0.5241592
15 -1.9738657 0.8716012
45 -1.4367688 3.044147
83 -1.9773507 0.778799
269 -3.212772 -1.2108233
65 -3.5633495 -1.6128527
211 -2.0286272 0.70743185
130 -1.4077212 3.778962
141 -3.4970691 -1.4625615
145 -3.554962 -1.645017
258 -2.0028286 0.74485934
146 -3.9725382 -1.842784
27 -3.641333 -1.5183363
32 -3.5415366 -1.412589
33 -1.9385228 0.99988955
34 -1.9712396 0.94600755
38 -1.3841017 3.634508
233 -2.114988 0.64190793
158 -1.4158782 3.3553753
153 -3.292204 -1.3838574
57 -2.0498087 0.73828286
249 -3.7899678 -1.7309823
60 -2.0397375 0.8412453
250 -3.7614915 -1.7272631
82 -3.2208173 -1.2444876
142 -1.3987938 3.995195
99 -1.390044 3.799744
187 -3.5536344 -1.5631429
201 -2.0342376 0.7108343
152 -3.5441122 -1.4070883
208 -3.6404161 -1.6719614
260 -4.0055313 -1.96494
181 -3.5931847 -1.5384439
199 -2.0052316 0.83688104
229 -1.9183103 1.0822787
67 -1.4041603 3.6010473
41 -1.3140626 4.110211
241 -1.9994226 0.81400234
55 -2.05898 0.7546118
256 -2.0815606 0.5803514
280 -2.086767 0.6337734
228 -2.0990217 0.6646159
150 -2.240226 0.31637925
251 -1.3901522 3.7597046
232 -3.6273298 -1.5808265
20 -1.4603894 3.2800684
89 -1.9252028 1.1178877
39 -1.9218906 1.0506128
298 -2.0726554 0.72341514
127 -1.8497285 1.0986407
254 -3.8208873 -1.7872394
283 -1.3870075 3.8508022
230 -1.4061863 3.7986546
106 -1.3500996 3.5935097
109 -4.112883 -1.9982351
253 -1.9645414 0.9294227
289 -3.7102766 -1.721531
265 -1.3489562 3.914087
174 -2.066631 0.6783298
21 -1.3432457 3.4724262
23 -1.9333678 1.0214354
162 -1.9508009 0.9485966
160 -3.8759813 -1.7865438
46 -1.3960716 3.95754
156 -1.3381268 3.445971
73 -2.027322 0.80394506
292 -3.7533438 -1.6593171
166 -1.3591318 3.9885988
135 -3.6071417 -1.5698981
203 -3.7220721 -1.6930529
212 -1.3796217 3.827535
11 -2.0538847 0.66969806
277 -1.941019 0.8460348
78 -1.3693743 3.8085291
215 -1.4046583 3.7596319
40 -3.587797 -1.6366576
223 -4.0645766 -1.9867612
66 -1.3934554 4.266829
172 -3.895155 -1.925315
64 -3.3603945 -1.2605882
297 -1.4150465 3.9576538
287 -4.0331893 -1.9777664
173 -2.049757 0.83240104
217 -1.3460116 3.6529067
186 -2.0508301 0.8113284
167 -1.3838118 3.7543852
29 -3.4338222 -1.4412154
72 -3.3717504 -1.3653623
169 -1.3001916 3.65755
59 -3.7239275 -1.7386088
104 -1.994034 0.91109025
185 -3.964682 -1.9055357
137 -1.3976463 3.8351574
26 -1.3069586 3.441634
36 -1.3929446 4.0247803
138 -1.4387293 3.791327
108 -2.0504224 0.85061383
284 -3.4179769 -1.3522754
112 -3.5330443 -1.6162115
115 -1.4235924 4.1807914
235 -1.3864664 3.7863746
102 -1.9984676 0.79498184
182 -3.4319437 -1.4035765
95 -3.9830344 -1.9370732
80 -1.4149808 3.7537677
91 -1.8691444 1.2597996
98 -3.5246503 -1.4957777
103 -1.3886079 3.5503738
122 -1.4012355 4.071475
126 -1.9872814 0.78975576
120 -3.7343645 -1.5921761
206 -3.3042684 -1.3014108
30 -1.4776806 3.6450016
70 -1.3782908 3.7850099
116 -1.3808507 3.2437897
259 -3.759329 -1.785307
101 -2.0326393 0.6629332
123 -1.3887024 4.068165
125 -1.3967142 3.4860456
299 -1.3895653 3.5680158
216 -3.8547275 -1.8169581
263 -1.9991727 0.7757096
268 -1.3919588 4.1147695
285 -1.406738 4.1214423
214 -1.9923204 0.9120139
134 -2.035612 0.7009155
224 -3.712486 -1.6375986
190 -1.9738381 0.9869537
202 -3.939782 -1.8439099
14 -3.487803 -1.5102495
178 -3.4059124 -1.4678268
164 -3.8624244 -1.7865046
264 -3.8337321 -1.7392757
204 -3.432271 -1.4334114
281 -2.1140532 0.6364851
92 -1.4530642 4.4359655
200 -1.4298415 3.8883224
84 -1.4308225 3.5868082
9 -2.0469697 0.6583654
222 -3.8445835 -1.7704046
288 -3.8421211 -1.8075556
132 -1.3571376 3.6927578
24 -1.3875272 3.522698
85 -3.6750307 -1.6883041
110 -3.1055102 -1.0106287
245 -3.7872355 -1.7792323
175 -2.146835 0.56190956
279 -2.0642824 0.7816442
1 -3.6793032 -1.6386782
171 -1.9528592 0.98608834
143 -1.3355124 3.6265213
262 -2.0057528 0.736721
52 -1.9132041 0.8128276
19 -1.3274989 3.3254907
278 -1.3868634 3.4330442
88 -1.3957176 3.8998492
220 -3.4772415 -1.3841323
74 -3.4547813 -1.4650998
