30 2
7 3.727727 2.029752
1 3.640435 5.0717854
16 3.8860981 1.8013682
4 3.9217432 0.95034397
23 6.695078 -3.384614
28 5.998804 -2.621975
21 3.6229556 4.5000734
19 5.528441 -1.9311179
25 6.036934 -2.7411065
0 3.6476789 4.506389
13 5.3635025 -1.8018792
20 3.990237 0.81635624
22 3.7359595 1.6073141
15 3.9303174 1.2904785
17 3.9836452 1.2902664
27 3.8052664 6.063684
8 6.0897837 -2.7992644
10 5.304865 -1.741355
14 3.7079208 2.0340805
18 3.8912244 1.2142907
3 3.5285509 4.2910643
6 6.1943836 -2.8086424
26 3.6672692 2.2898068
29 6.882158 -3.5990987
24 3.6291983 4.741376
2 3.8081348 6.2431784
9 3.5843878 4.615579
12 3.837979 6.252993
5 6.2740197 -2.9896648
11 3.8136332 5.7532277
