30 2
21 3.8577213 4.344364
15 4.0247974 1.1050345
7 3.7816837 1.8550358
10 5.209561 -1.9647192
22 3.8953807 1.3303568
17 3.984503 1.1727523
14 3.8926241 1.7532377
16 3.949158 1.3563212
19 5.273481 -1.9782426
1 3.8692386 4.8594522
6 5.9122353 -3.022725
4 4.00654 0.7418538
20 4.0236554 0.4461577
8 5.8636074 -2.9162636
12 4.0847197 6.210945
26 3.7868068 1.7653632
23 6.507168 -3.717003
13 5.284732 -2.1185732
29 6.520697 -3.7632515
3 3.7645993 4.0622334
25 5.9748955 -3.138303
28 5.7838554 -2.9062684
18 3.9073565 1.0493387
9 3.8405726 4.5151467
2 4.1120825 6.0749817
5 6.1172934 -3.2767446
11 4.0945644 5.4399624
27 4.0160217 5.7575836
24 3.7819932 4.358226
0 3.7541316 4.2057996
