300 2
8 -2.083115 0.6060913
213 -2.0248818 0.7298099
18 -1.9835833 0.9432994
5 -1.8916075 1.1372892
203 -3.91041 -1.9081564
58 -3.855298 -1.7124424
187 -3.5796838 -1.5771859
276 -1.9516513 0.86943996
209 -3.3463397 -1.1364988
132 -1.3330156 3.4279873
3 -1.3257993 3.7440484
271 -1.2837788 3.836263
78 -1.3093318 3.786999
53 -1.3367696 3.7565255
267 -3.1917768 -1.0983739
178 -3.4347696 -1.3143411
11 -2.116838 0.59272814
235 -1.3218418 4.013627
135 -3.354604 -1.2857364
195 -1.359908 3.2131305
283 -1.2612373 3.3926704
231 -1.9113473 1.1314582
262 -2.0058706 0.816124
228 -2.048973 0.8942329
162 -1.916227 1.1820368
200 -1.3310555 3.967031
2 -3.6017706 -1.4646301
211 -1.9126542 1.0217046
115 -1.312719 4.003227
47 -1.3047752 3.1190898
229 -1.8356016 1.1885462
221 -3.614784 -1.4684248
156 -1.3732986 3.2244115
242 -1.9696748 1.0065589
6 -1.9801755 0.9032681
22 -1.274135 3.848733
103 -1.3282489 3.7722163
240 -2.1631687 0.49264237
269 -3.2754364 -1.2010658
130 -1.3199139 3.6011512
7 -1.3529701 3.2958632
297 -1.2999202 3.5565305
54 -3.693175 -1.5696433
136 -3.9369235 -1.8541611
157 -3.505876 -1.3538184
292 -3.7169507 -1.5743297
198 -3.3425593 -1.3264755
189 -1.3186731 3.449182
149 -1.9358807 0.93883747
97 -2.0744195 0.72548425
243 -1.8781554 1.1368697
29 -3.504595 -1.4307965
113 -2.0338984 0.81791914
298 -2.048307 0.8609848
33 -1.8578874 1.1406971
168 -3.681497 -1.519746
288 -3.7098753 -1.5226809
153 -3.1956835 -1.1319519
86 -3.519976 -1.4919759
212 -1.2400514 4.18758
239 -1.2899606 3.6155949
128 -2.0142446 0.8712171
94 -1.9249594 0.9260712
255 -1.8768641 1.0433248
71 -1.9784344 0.9962064
42 -1.2958252 3.8321733
83 -2.1012137 0.650438
174 -2.053162 0.64972883
227 -1.2739712 3.6171637
234 -1.9075396 1.0964538
41 -1.3188118 4.0372453
57 -2.0554001 0.8850394
82 -3.7881963 -1.5747647
93 -1.3462609 3.8682244
282 -2.1038733 0.6427429
158 -1.3174891 3.7717853
23 -1.8961589 1.1098787
205 -1.3274457 3.558112
30 -1.3199642 3.8263416
59 -3.7814913 -1.7247736
155 -3.8930376 -1.6962618
51 -3.6138325 -1.5190656
61 -2.002502 0.8171788
79 -3.70931 -1.6517274
151 -1.9086311 1.103437
273 -3.5121682 -1.5765276
263 -2.0309021 0.77585244
49 -2.0519645 0.82218057
127 -1.9064951 0.92083037
10 -1.3002671 3.6421924
84 -1.3533251 3.560026
34 -1.896013 1.0305638
24 -1.240193 3.7917802
89 -1.8519642 1.1859827
145 -3.536428 -1.4299179
87 -2.0933506 0.7168616
96 -1.2634088 3.8361068
98 -3.3480034 -1.2941574
245 -3.414366 -1.2784944
173 -2.0160594 0.8701864
180 -2.057265 0.791039
197 -1.2876565 3.8915882
266 -2.0417106 0.82682544
12 -2.03973 0.7721495
55 -2.0635304 0.689802
238 -1.2955894 4.124967
107 -1.9691678 0.8075221
150 -2.0713067 0.7244767
64 -3.573867 -1.4823364
63 -1.9213847 0.9286851
77 -1.3788718 3.2729406
233 -2.049625 0.6865039
165 -3.6474113 -1.613434
101 -1.9608271 0.85008055
152 -3.4481144 -1.2606378
215 -1.2802618 3.620823
218 -2.0355806 0.72855943
194 -2.0630393 0.8188891
52 -1.909566 0.9820517
13 -2.0453866 0.79299134
123 -1.3045013 3.5293977
225 -1.3058157 3.6933336
232 -3.6371367 -1.5008398
129 -1.914045 0.9598188
252 -1.9266274 1.0131861
176 -1.2877736 3.2578542
175 -2.0164232 0.8477264
278 -1.2424482 3.5762107
291 -1.976163 0.9208837
166 -1.3160883 3.7832901
201 -1.9955848 1.0139289
120 -3.762907 -1.7047633
170 -1.9260044 0.8684335
90 -3.3343492 -1.1830884
248 -3.7848248 -1.6943752
193 -3.6610389 -1.6167624
226 -1.3175224 3.6977866
261 -3.5301683 -1.370178
69 -1.3128941 3.4689646
1 -3.524706 -1.3986577
186 -1.9894948 1.0213683
246 -1.3157561 3.6288962
9 -2.097395 0.73012924
134 -1.9414179 0.9490951
111 -3.4766793 -1.4579978
163 -2.1512027 0.5770781
44 -3.3861845 -1.3733848
289 -3.4281776 -1.3689445
268 -1.2561203 4.4201064
256 -2.0565636 0.74366367
105 -3.3241448 -1.2569526
140 -2.066826 0.76872903
148 -3.9921634 -1.9212431
164 -3.5950186 -1.5708328
104 -1.9703469 0.9483434
161 -2.1523986 0.6153044
65 -3.6740162 -1.498606
287 -3.6047134 -1.5105386
131 -3.531541 -1.4509246
125 -1.2802151 3.4099314
171 -2.0652406 0.8020636
280 -2.047923 0.7662468
188 -2.0431986 0.7975575
183 -1.9207425 0.98639536
216 -3.765182 -1.580493
236 -1.3596035 3.3969014
274 -1.9038975 1.1661477
172 -3.6910005 -1.6650871
15 -1.9483894 0.94820833
124 -1.3045636 4.067847
16 -3.7195919 -1.6300142
20 -1.2816023 3.6621795
46 -1.3121102 4.30807
81 -1.3285743 3.9293318
102 -1.8950512 1.0703839
182 -3.2425804 -1.2206618
88 -1.3192154 3.6228504
190 -1.9105457 1.0341202
220 -3.7776597 -1.5302161
208 -3.5752668 -1.5139252
32 -3.6303246 -1.4539824
40 -3.5715468 -1.3981962
237 -1.351433 3.3741467
45 -1.3094666 3.2026894
204 -3.8829544 -1.744044
62 -3.8322165 -1.7245386
110 -3.2151203 -1.1476508
230 -1.3435273 3.0406616
270 -3.7875876 -1.5704187
75 -3.4260237 -1.3649571
167 -1.2620807 3.7944713
116 -1.3002902 3.6220977
92 -1.2781067 4.2372265
28 -3.6503248 -1.6127739
74 -3.338773 -1.2962865
60 -2.050052 0.7177519
73 -1.9146411 0.9772286
80 -1.3437515 3.6642127
126 -1.9840658 0.92445827
147 -1.9363414 1.0446199
264 -4.050926 -1.8555408
159 -1.3172491 3.75267
185 -3.7551813 -1.6461409
219 -3.7553546 -1.6517874
244 -2.0401714 0.80047137
154 -3.9775789 -1.8129779
169 -1.270114 3.776302
31 -1.3427749 3.7836154
279 -1.999772 0.83127266
38 -1.311952 3.957779
293 -2.0685835 0.70033455
253 -1.9853678 0.9607147
177 -2.0262597 0.77003294
117 -1.9097784 1.0497324
121 -2.1265788 0.57951444
144 -1.3270582 3.6913636
277 -1.9036108 1.0413207
217 -1.2295343 3.9423678
295 -3.0909238 -0.9238496
284 -3.749277 -1.5703849
118 -1.2546189 4.1754823
85 -3.7122052 -1.5963165
100 -1.2790598 3.8530462
206 -3.5206108 -1.4406527
133 -3.2198055 -1.2235504
142 -1.308712 4.0109897
259 -3.756045 -1.5941399
202 -4.4406214 -2.2250013
17 -1.3777033 4.3184576
91 -1.8205454 1.3789701
50 -3.3442147 -1.3210089
257 -1.2749254 4.054149
56 -2.033585 0.84092957
250 -3.8588774 -1.6883595
66 -1.2730794 3.8857822
146 -3.7684817 -1.7368951
294 -3.6778128 -1.629362
199 -1.9075843 1.1188822
241 -1.956183 1.0124636
281 -1.9484318 1.0462648
299 -1.3101071 3.645729
122 -1.292869 4.1753345
222 -3.7381048 -1.593139
35 -2.1673374 0.5441879
67 -1.311365 3.6558347
143 -1.2919424 3.3427982
258 -2.0261633 0.8358251
99 -1.3207021 3.62473
251 -1.3282104 3.7981544
247 -1.2254715 3.7618272
192 -3.4523149 -1.3899236
160 -3.5862849 -1.4698354
223 -4.1222506 -1.9441392
27 -3.585213 -1.4962001
37 -3.8605182 -1.7182965
108 -1.9313556 1.0232613
296 -3.9868217 -1.8118732
14 -3.6260407 -1.4945556
21 -1.271671 3.5360858
43 -2.0376642 0.7989815
286 -1.2773409 3.8465576
184 -3.6444337 -1.5054698
72 -3.4662604 -1.3893818
48 -3.925174 -1.7691197
95 -3.9789588 -1.8370486
137 -1.2764987 3.1597831
265 -1.2757536 3.6362946
181 -3.3697057 -1.2882066
275 -2.1038668 0.7399881
19 -1.3374387 3.599872
139 -3.6934223 -1.6728768
36 -1.3186207 3.634872
114 -2.1146338 0.5739757
285 -1.3641179 3.9153078
76 -1.3186076 3.8829143
214 -1.9842112 0.8216224
272 -1.3248998 3.324635
0 -1.2999195 3.555972
4 -1.3538307 4.048287
26 -1.2799394 3.4531546
249 -4.0780234 -1.8810126
68 -1.2956493 3.4302664
290 -1.3403105 3.435955
207 -1.3465544 3.973747
260 -3.9481645 -1.809041
191 -1.3135616 3.5521626
39 -1.9757255 0.9186501
109 -3.7870145 -1.6939067
106 -1.2380531 3.3514884
70 -1.3271055 3.83215
138 -1.2676098 3.930211
112 -3.6427717 -1.5805361
196 -1.2945698 4.1424136
224 -3.6442032 -1.5656455
179 -1.3343096 3.4454732
254 -3.807092 -1.7253551
25 -3.474557 -1.4337543
119 -1.3672447 3.5629084
141 -3.3662324 -1.3093984
210 -1.3461202 3.6893353
