30 2
22 3.6153047 1.7205776
21 3.2233968 5.0141783
15 3.865247 1.5773538
1 3.0781953 5.4747286
17 3.905579 1.5338268
28 5.9788013 -1.9804125
23 7.072819 -2.9152088
7 3.4379342 2.424228
0 3.1521735 4.6478505
14 3.6553712 2.0639656
6 6.4296675 -2.3811502
25 6.2189875 -2.1389172
24 3.2030709 4.89982
13 5.4422207 -1.2088966
19 5.5345526 -1.3127111
16 3.7048814 1.8771482
8 6.1787457 -2.0657818
10 5.4155183 -1.0705774
27 3.263469 6.2313404
18 3.7650979 1.4807695
3 3.19606 4.5010667
26 3.4321175 2.5275683
4 3.8218136 1.2890142
5 6.418763 -2.4467578
11 3.1774993 6.006231
2 3.397872 6.7991266
20 3.9678845 0.9975962
29 7.0489483 -3.0315516
12 3.3062968 6.547201
9 3.228161 4.770007
