30 2
22 3.9101489 1.3461245
10 5.174305 -1.812885
21 3.732999 4.5850043
28 5.8120227 -2.7690668
14 3.8657615 1.7380757
4 4.021019 0.8796086
15 4.084579 1.1044141
7 3.7807798 1.8948156
16 3.9068027 1.5728939
1 3.8168511 5.0460343
11 3.9107327 5.6955395
25 6.0645866 -2.8633342
27 3.9002361 5.9003572
8 6.0235176 -2.8394856
12 3.9719267 6.2363715
20 4.0690413 0.5579926
23 6.566271 -3.64656
0 3.6632936 4.39048
18 3.8971944 1.0415329
5 6.124467 -3.047729
17 4.0805984 1.0151074
26 3.7536364 2.043771
13 5.1894217 -1.8788339
3 3.7744398 4.2319927
24 3.7244549 4.5029373
19 5.3703437 -1.9446273
9 3.6923988 4.582163
29 6.7126245 -3.6987402
2 3.9656184 6.2555494
6 6.024248 -3.0477355
