30 2
21 3.799697 4.54162
22 3.8652515 1.3591133
8 6.041558 -2.9078374
7 3.748515 1.9506062
10 5.238344 -1.8300089
15 4.0454082 1.1047964
14 3.866745 1.7163607
16 3.8799407 1.519101
1 3.7856014 5.0134406
19 5.46658 -2.0761566
2 4.0996704 6.2410793
26 3.7817707 1.9755541
13 5.1495028 -1.7805336
6 5.975641 -3.0505629
28 5.8032207 -2.7757673
0 3.660296 4.3652787
23 6.496304 -3.6157987
20 4.1274614 0.47250485
12 4.006116 6.146962
4 3.9945767 0.80650085
29 6.6335998 -3.682563
17 4.072138 0.9707955
25 6.0238285 -2.8708954
27 3.9010036 5.800889
11 3.955047 5.7578826
18 3.9269457 1.0663224
9 3.665686 4.5918255
5 6.2066193 -3.0819967
3 3.7249806 4.2915115
24 3.6987326 4.589081
