30 2
22 3.7884982 1.5908923
15 3.8351364 1.3734581
14 3.7214303 1.9749509
1 3.6235688 5.1575847
4 3.9801471 0.7967216
19 5.517533 -2.061301
24 3.673715 4.6847787
10 5.2543464 -1.7572834
16 3.8359048 1.7378852
28 5.9557514 -2.7827463
23 6.658468 -3.4225402
8 6.0631742 -2.578422
0 3.655393 4.5019093
7 3.7158039 2.0563872
27 3.7973335 6.0053787
21 3.671238 4.4676223
13 5.266382 -1.7880116
29 6.831048 -3.696341
25 6.106658 -2.8012843
17 3.950209 1.2793224
18 3.844116 1.1515514
5 6.1994886 -3.0252225
11 3.7271564 5.719591
12 3.9218128 6.1602697
26 3.6236124 2.2027183
6 6.1453805 -2.8518143
2 3.9013407 6.2486076
20 4.0601573 0.6713969
9 3.7070203 4.5573425
3 3.557596 4.2726893
