30 2
29 4.696865 3.3924003
3 1.522356 4.0371714
5 1.4803946 3.8795946
7 4.2452064 3.2640214
10 4.401331 3.5353782
14 -2.4053621 5.927146
24 1.5785047 3.9861448
2 -1.9718996 5.8172593
23 -2.6526718 6.118636
4 -2.1938741 5.815375
25 5.5033855 3.2557452
1 5.7035794 3.26382
17 -1.7680393 5.5417786
20 -1.3896929 5.200842
6 5.074702 3.1876645
16 1.006607 4.281897
15 6.0105386 3.3551607
0 0.67621064 4.269588
21 2.348459 3.8413403
8 -1.5490451 5.2596965
11 1.0926149 4.0823526
28 -1.4828879 5.3680863
22 4.5196147 3.2367797
18 -1.1760235 5.1245055
19 -2.6973348 6.244244
9 0.8310332 4.261889
26 5.152461 3.244552
13 2.3209062 3.7713423
27 1.9179095 3.8487065
12 5.07969 3.291259
