30 2
1 3.8680658 4.8450894
10 5.183545 -1.9076179
7 3.7483573 1.8264337
22 3.9269686 1.2747817
16 3.8813832 1.2965454
4 3.9486687 0.77495515
20 4.058296 0.5145183
8 5.9023776 -2.8819182
15 3.9805152 1.1437521
21 3.9453628 4.444955
14 3.8650975 1.7875682
19 5.2960596 -2.0049965
13 5.2392883 -2.0863032
26 3.7968915 1.8373553
25 6.0036216 -3.1046798
17 4.0120635 1.1280218
23 6.4737277 -3.717569
28 5.782094 -2.7528555
11 4.0027347 5.460536
0 3.7232766 4.1767893
3 3.731125 4.0532336
6 5.927268 -3.0459597
18 3.87586 1.0475088
2 4.1172523 6.028306
12 4.1746516 6.1805153
24 3.7552352 4.4184136
5 6.1060414 -3.2533233
9 3.839381 4.5562577
27 4.049695 5.8212814
29 6.61921 -3.762358
