30 2
7 4.3239794 3.0569887
3 1.8338041 3.9466085
29 4.803548 3.0996244
1 5.7996616 2.850894
14 -2.0492775 6.1352797
20 -1.0030693 5.3037415
5 2.0979445 3.6856928
23 -2.2910206 6.489766
2 -1.4852641 5.8701963
4 -1.6928306 5.823934
10 4.569668 3.0573308
25 5.6305933 2.8510756
0 1.2274494 4.039787
19 -2.2151818 6.4069033
16 1.3695532 4.147601
21 2.8010657 3.5890045
18 -0.7954086 5.1415234
28 -1.2425523 5.565203
13 2.7594674 3.569042
24 2.0425403 3.8306134
6 5.334248 2.8002596
26 5.5199356 2.799705
15 6.0466127 2.8943536
17 -1.4651726 5.718532
9 1.398981 4.154953
27 2.276055 3.5961952
22 4.394448 2.9072552
12 5.3730006 2.9127045
11 1.3936534 4.018791
8 -1.1331728 5.325688
