30 2
10 5.382678 -1.2875992
16 3.7574954 1.9050983
21 3.241837 4.961246
8 6.216751 -2.236925
4 3.9926383 1.1786236
22 3.677318 1.7965245
25 6.1790595 -2.162926
1 3.2251914 5.48007
11 3.211882 6.0427566
12 3.3626614 6.580799
15 3.950188 1.4134955
23 6.940854 -2.923002
28 6.0195556 -2.1720657
7 3.550996 2.2125506
17 3.975792 1.3702613
27 3.3160825 6.217182
19 5.616228 -1.5333928
20 4.0298376 0.97670275
13 5.5105815 -1.3699211
14 3.5973158 2.0495925
26 3.5502114 2.2923553
24 3.2883666 4.920288
29 7.138875 -3.0407925
3 3.2576525 4.6480827
5 6.506826 -2.518657
9 3.229159 4.8222146
2 3.3881145 6.5888257
6 6.368732 -2.3635242
0 3.1886275 4.911933
18 3.801248 1.4027798
