300 2
205 -1.2765703 3.6734865
87 -2.0043895 0.81655234
117 -2.0240362 0.74435055
292 -3.4829776 -1.3717409
211 -2.0264204 0.72666305
189 -1.3164146 3.359352
3 -1.3293196 4.0084352
252 -2.1450279 0.53336054
8 -1.9527214 0.8493311
258 -1.9728143 0.9007254
135 -3.2945495 -1.1646569
272 -1.3034469 3.0977724
206 -3.4418669 -1.3461446
213 -2.1704388 0.5114228
52 -2.0405118 0.7257907
277 -1.9627175 0.86909807
147 -1.9836323 0.86222744
170 -2.050785 0.7829457
15 -1.903494 1.0391905
22 -1.3031763 3.457925
105 -3.2701766 -1.1231863
112 -3.6268144 -1.5320035
55 -2.0607526 0.71010065
67 -1.3142381 3.73141
9 -2.0397081 0.9122695
251 -1.2857867 4.0303526
124 -1.3076322 4.120814
82 -3.754229 -1.6900064
107 -2.0918558 0.7947212
242 -1.8676466 1.182337
231 -1.8388541 1.198245
6 -2.04642 0.7384016
195 -1.2868987 3.2515395
236 -1.2690167 3.2578118
289 -3.5901098 -1.4725139
96 -1.357296 3.9882581
150 -2.1618502 0.5602054
18 -1.9722885 0.9574241
210 -1.3173053 3.4794066
97 -2.1436768 0.5583338
32 -3.436993 -1.3042885
198 -3.2432196 -1.0921147
244 -2.0162818 0.7816697
5 -1.8886144 1.1169709
239 -1.2369008 3.5675602
174 -2.1402617 0.57170147
219 -3.6953533 -1.5124955
274 -1.9188553 1.0372007
73 -2.0757174 0.734564
157 -3.4320207 -1.3651016
199 -1.8893541 1.1733763
234 -2.0140421 0.9395873
284 -3.4363425 -1.284415
298 -1.9287771 1.0305647
34 -1.9389329 1.0637994
125 -1.2367471 3.5068533
41 -1.350314 4.0318837
215 -1.2969991 3.9042964
155 -3.9735851 -1.8137099
166 -1.2952937 3.7839434
235 -1.2688261 3.9867923
149 -2.0397277 0.87578666
197 -1.3709515 3.8721714
95 -4.1583643 -1.9635594
7 -1.3050687 3.3926425
56 -2.0269186 0.84180486
131 -3.4095588 -1.2159104
241 -2.0610907 0.6795253
280 -2.0156682 0.87366104
180 -2.1312938 0.65172017
115 -1.366083 3.9082947
153 -3.3167253 -1.1842073
188 -2.0309222 0.76454645
100 -1.3206698 4.073638
109 -4.079082 -1.883761
194 -2.0059078 0.91856015
175 -2.1037033 0.7105871
129 -1.9357927 0.9335603
260 -4.2311797 -2.0400012
267 -3.487298 -1.3433895
23 -2.1219249 0.67041993
270 -3.402896 -1.2855849
285 -1.2715142 4.12684
232 -3.5818777 -1.4668568
295 -3.3295364 -1.1779772
141 -3.8523703 -1.723403
121 -1.9513165 1.0327438
187 -3.640665 -1.4717544
293 -2.125743 0.53047156
221 -3.7318017 -1.5850583
207 -1.2760776 3.8870604
70 -1.2727338 3.6772492
33 -1.8742324 1.0447671
37 -3.646261 -1.5821543
152 -3.8930557 -1.7594548
76 -1.2482498 3.8518395
116 -1.2863467 3.8028238
190 -2.050514 0.8201189
72 -3.326041 -1.157091
262 -1.9224657 0.9109093
133 -3.5162654 -1.4002851
51 -3.6765246 -1.5229381
106 -1.3599527 3.8220882
77 -1.341424 3.3114529
122 -1.3325908 4.5265813
209 -3.3450923 -1.2072747
134 -1.9059204 0.9338951
288 -4.061929 -1.872679
140 -1.9697899 0.89115155
148 -3.7932284 -1.6443068
154 -3.9124248 -1.695405
223 -4.137152 -2.0098197
275 -2.073447 0.84534544
246 -1.2364498 4.243332
282 -2.0459557 0.7460336
16 -3.566041 -1.446226
11 -2.0200684 0.727098
85 -3.4161394 -1.3244296
126 -1.9981384 0.86991334
203 -3.9036567 -1.6679976
118 -1.3403366 4.0496836
158 -1.3366303 3.9541168
120 -3.6327941 -1.3755407
101 -2.1430821 0.56486964
128 -2.0272021 0.77741724
196 -1.3120327 3.4303725
136 -3.8652227 -1.7112256
161 -2.0516405 0.70473564
2 -3.2868762 -1.1229472
4 -1.2497287 3.5018892
53 -1.2883798 3.756483
228 -1.9728831 0.87668127
176 -1.3574563 3.6424212
80 -1.2713443 3.7140684
269 -3.1030898 -0.9299312
248 -4.007075 -1.8510966
226 -1.3171518 3.5214715
286 -1.2856866 3.723399
31 -1.3111149 3.5953827
186 -2.0352192 0.86340886
12 -1.9635742 0.9588135
35 -2.0308511 0.8114768
14 -3.252269 -1.1620102
259 -3.571352 -1.4075296
25 -3.6162746 -1.4648141
279 -2.1163363 0.68738645
255 -1.9386463 0.9866017
61 -2.1026216 0.6649643
65 -3.5987568 -1.3950049
75 -3.3778152 -1.2629683
247 -1.292294 3.8411548
94 -1.8753456 0.95831716
233 -2.1817095 0.52574074
208 -3.7054567 -1.5355117
237 -1.3131555 3.9085321
143 -1.3323672 3.7527304
13 -2.0223439 0.8994997
193 -3.73421 -1.6401292
276 -1.8813438 0.97484183
79 -3.6392825 -1.5140157
268 -1.2763581 3.975288
165 -3.6269634 -1.4625392
265 -1.3015864 3.551159
1 -3.8385196 -1.6280859
256 -2.1105847 0.6622899
17 -1.2387648 3.9700875
182 -3.647543 -1.3985443
28 -3.3988795 -1.2696548
92 -1.3157637 4.5007834
283 -1.3617742 4.039622
54 -3.872534 -1.7287366
151 -1.9661578 0.86973304
66 -1.3030366 3.86869
98 -3.221018 -1.1487213
99 -1.2984004 3.75259
84 -1.2499098 3.4057348
264 -3.8749413 -1.7863828
102 -1.9583491 1.0421288
273 -3.4720566 -1.3676704
204 -3.676659 -1.4934833
238 -1.2583718 3.9376972
83 -1.9937444 0.7637392
45 -1.2959826 3.794329
249 -4.028798 -1.7792814
60 -2.0213184 0.88707703
68 -1.3326838 3.555388
263 -2.0036016 0.7702234
253 -2.0126076 0.8967532
177 -1.9749601 1.037408
127 -1.985992 0.82855284
192 -3.5795345 -1.3583428
250 -3.7868145 -1.569853
217 -1.2706327 4.093079
46 -1.2139204 4.1359415
10 -1.287786 4.063005
81 -1.2937528 3.9606366
27 -3.5981236 -1.4532077
225 -1.307579 3.5137055
160 -3.7610688 -1.5583732
164 -3.8031762 -1.7574822
222 -3.8220003 -1.7474875
132 -1.2618407 3.7826545
200 -1.3239115 3.9498703
243 -2.041471 0.7406653
0 -1.3388643 3.675896
19 -1.29171 3.7376623
297 -1.287302 3.6543555
123 -1.3319148 3.3494465
40 -3.5116594 -1.306034
69 -1.3157203 3.657117
229 -1.8008885 1.3082603
201 -2.0302048 0.7146073
224 -3.9553103 -1.7877237
167 -1.2745943 3.6022542
254 -3.8112528 -1.6337042
278 -1.3182231 3.7881923
103 -1.3101336 3.6121051
29 -3.7857137 -1.5810634
216 -3.698395 -1.5153515
202 -4.174608 -1.9846532
62 -3.7647564 -1.5702868
89 -1.9189079 0.97423774
261 -3.5996652 -1.3996371
113 -1.9437964 0.82707614
287 -3.7998757 -1.6340088
169 -1.3083159 3.5993264
108 -1.9780693 0.9093489
163 -2.1154883 0.6913941
26 -1.3312759 3.3774798
227 -1.3106828 3.4294903
240 -2.238079 0.407414
230 -1.2761159 3.3221335
90 -3.5464106 -1.4288405
162 -1.921302 1.0929949
119 -1.3257397 3.782025
139 -4.034167 -1.8026276
146 -3.9049404 -1.735294
20 -1.3328155 3.9119408
110 -3.1512377 -1.1277193
88 -1.3049095 3.8034225
111 -3.5307157 -1.4088413
144 -1.3136218 3.6388106
257 -1.3197844 4.2449775
218 -1.8977425 1.029299
30 -1.3297553 3.730688
49 -2.022218 0.9499833
91 -1.9723017 1.0935578
138 -1.3064125 3.6815796
71 -1.8295242 1.1221343
86 -3.2629015 -1.1948006
290 -1.2718289 3.591908
178 -3.3053799 -1.1743871
179 -1.298515 3.5577345
181 -3.279313 -1.1326693
214 -1.9029008 1.1420074
57 -2.0664487 0.73069954
64 -3.4797199 -1.4472708
296 -4.0831823 -1.8374376
93 -1.2847003 3.622294
104 -1.9819635 0.8732469
168 -3.5827558 -1.4514836
173 -2.011883 0.9986866
245 -3.5932772 -1.4319574
47 -1.2692324 3.4045875
24 -1.2678 3.6529896
291 -1.9544828 0.93202597
43 -1.9419479 1.0332209
74 -3.3765945 -1.2570409
145 -3.9866588 -1.7675967
294 -3.6565022 -1.4965767
191 -1.2410641 3.9565709
78 -1.2839966 3.663527
159 -1.3476722 3.7045767
42 -1.2370718 3.790414
63 -2.0630927 0.7175006
171 -2.0325055 0.8226732
183 -1.9326775 1.0378059
44 -3.156279 -1.0576432
48 -3.9479072 -1.8514463
50 -3.1909387 -1.1319896
184 -3.9036653 -1.7433394
212 -1.2467779 4.1843123
266 -1.9740942 1.0284415
156 -1.3171394 3.4009287
114 -2.1411505 0.61852485
21 -1.2490747 3.9481084
38 -1.3178436 3.2539966
59 -3.7061284 -1.4857702
36 -1.3126796 3.8645976
39 -2.1314423 0.6527987
172 -3.6665447 -1.6618292
281 -2.0016136 0.8356096
58 -3.8245347 -1.6928627
271 -1.3095652 3.8177938
142 -1.2265602 4.020821
130 -1.2855774 3.985592
299 -1.339009 3.6166239
137 -1.2182697 3.8211918
220 -3.705147 -1.5281775
185 -3.803542 -1.6579127
