30 2
22 3.638479 1.8241451
4 3.8540435 1.449872
26 3.4212677 2.5365522
16 3.6298242 2.1152363
10 5.476972 -0.9924001
8 6.376098 -2.0660522
12 3.0365567 6.5462184
21 2.9371843 5.0658193
1 2.9555776 5.58404
19 5.530252 -1.1239599
25 6.276206 -1.8928837
14 3.448129 2.367796
23 7.096139 -2.6846735
15 3.80364 1.7054136
28 6.1435766 -1.8134415
7 3.447373 2.488854
18 3.7599735 1.5760442
29 7.1202946 -2.6758387
20 4.110894 0.9891497
13 5.52853 -1.2218062
24 3.032671 4.9027133
17 3.8494806 1.6885067
6 6.3952384 -2.0938597
27 3.06787 6.3575225
0 3.0156393 4.744693
11 2.9711885 6.141336
2 3.1333678 6.885709
5 6.5166054 -2.132884
3 3.0277247 4.700854
9 3.0682151 5.015992
