30 2
21 3.0074034 4.9210677
1 2.9121287 5.6831303
16 3.677498 2.0292554
8 6.475014 -1.9201596
6 6.443377 -1.9442685
7 3.3910172 2.6073792
19 5.609539 -1.077932
10 5.4848423 -0.9679119
23 7.0859227 -2.5189114
0 2.985042 4.840075
25 6.3305244 -1.9803123
28 6.262264 -1.8482205
11 2.9022954 6.326211
4 3.7691898 1.5798837
14 3.481375 2.3118467
27 2.9573104 6.4899683
22 3.58345 2.0682166
17 3.786199 1.8182943
3 3.0217195 4.561553
20 3.9904459 1.1266897
13 5.450381 -1.011486
26 3.4002876 2.5613058
15 3.792906 1.7323312
5 6.646376 -2.1923978
24 3.013097 4.985833
9 3.0555437 5.0198445
12 3.03859 6.7000556
18 3.6700423 1.5791088
2 2.947477 6.783405
29 7.1217613 -2.5909786
