30 2
21 3.6693985 4.539814
4 3.9904957 0.85225236
1 3.6432009 5.03305
16 3.8681142 1.5927755
25 6.0423446 -2.7682257
15 3.9515314 1.3183707
10 5.339931 -1.8777875
19 5.346595 -1.9783009
12 3.8700213 6.192105
6 6.0543437 -2.9551153
14 3.7828982 1.9690236
7 3.775511 1.9748908
23 6.6396537 -3.5838604
20 4.1261806 0.3981219
22 3.8780525 1.6393179
28 5.91513 -2.6672907
8 5.969681 -2.6691806
29 6.894701 -3.653353
0 3.6437874 4.4151645
17 3.97308 1.3373078
26 3.7299728 2.128194
24 3.6736116 4.547521
18 3.9421651 1.1688478
3 3.7306323 4.2770133
5 6.1602983 -3.0356004
13 5.2410073 -1.8025252
11 3.871131 5.665289
27 3.7579541 6.038357
9 3.734774 4.6084375
2 3.9548554 6.3063984
