300 2
149 -1.9395252 0.99277663
229 -1.7887189 1.3113288
251 -1.237654 3.574456
142 -1.2196027 4.1229854
292 -3.9852204 -1.7218348
205 -1.2398944 3.5825412
265 -1.2101548 3.9245257
8 -1.9481747 0.94504637
56 -1.8780656 1.0967221
64 -3.8417766 -1.541592
164 -4.029102 -1.8210273
124 -1.2718966 3.9049723
258 -2.1052008 0.7039628
236 -1.2181122 3.394297
137 -1.3185827 3.6104753
277 -1.8561907 1.1113132
122 -1.2294912 4.02717
174 -1.9372703 1.0153702
274 -2.0021305 0.9334208
82 -3.2889132 -1.1228341
128 -1.9767237 0.8499041
89 -1.8674461 1.0960048
16 -3.5638912 -1.3354484
147 -2.0100012 0.9211572
215 -1.271254 3.630684
33 -1.914364 0.9786229
269 -3.5250182 -1.3024279
233 -2.0417643 0.772327
184 -3.9533093 -1.6624457
6 -2.0103052 0.8431561
14 -3.4583807 -1.2580897
84 -1.2123046 3.6456
186 -2.0039763 0.9055151
72 -3.1939127 -0.9985904
198 -3.3109183 -1.0655723
199 -1.8125695 1.2223088
270 -3.6207886 -1.4586263
105 -3.1090314 -0.8882381
176 -1.2659715 3.4045222
158 -1.312112 3.8905716
51 -3.6448255 -1.5256486
108 -1.9674997 0.99587864
163 -2.1011994 0.66711473
255 -1.7590613 1.3262607
252 -2.17447 0.56839865
115 -1.2417401 3.860707
25 -3.7503464 -1.520456
65 -3.395486 -1.265474
35 -2.1223345 0.6869172
103 -1.2473171 3.9994025
57 -2.168902 0.6008095
58 -3.7701328 -1.5168054
217 -1.2163463 3.9071867
91 -1.8771601 1.1759764
96 -1.226453 3.7535203
139 -3.9343996 -1.651684
208 -3.5414057 -1.3599142
11 -2.1180506 0.59966624
101 -1.974231 0.98326874
181 -3.3547015 -1.1191521
242 -1.9159642 0.9437574
243 -1.9346173 0.9656402
117 -2.0344975 0.73142475
249 -3.9647603 -1.7480029
3 -1.2150228 3.8627279
282 -2.0358574 0.81560963
40 -3.6365416 -1.4607809
114 -2.1649864 0.5498268
294 -3.781816 -1.6043142
68 -1.2255342 3.6938076
76 -1.1580546 3.9738624
211 -1.9385275 0.9142749
109 -4.1656027 -1.8928032
170 -1.9403113 1.00722
5 -1.8431747 1.1949623
23 -1.9414436 0.98244274
143 -1.1888478 3.7480035
193 -3.6130428 -1.3933892
256 -2.0179842 0.7599768
27 -3.884257 -1.5267429
240 -2.0705717 0.7085049
152 -3.8472838 -1.5704585
231 -1.9107003 1.1471583
279 -2.1395602 0.6768389
237 -1.3107728 3.6502018
99 -1.225131 3.9071867
107 -1.9544871 0.97630847
113 -2.0062964 0.8167805
145 -3.606225 -1.3357489
263 -1.9316775 1.1050991
250 -3.579622 -1.338677
28 -3.7526097 -1.5654157
151 -2.0033596 0.8142733
286 -1.2280178 4.0239115
43 -1.8457315 1.2704738
132 -1.2623378 3.4370656
135 -3.4737928 -1.2604328
207 -1.2253904 3.818626
234 -1.9991428 0.8803458
156 -1.275342 3.3768191
81 -1.2181041 3.7694802
173 -2.0096936 0.946314
266 -2.0155768 0.95636916
31 -1.2331152 3.4988835
116 -1.2620195 3.395814
295 -3.5241187 -1.2868463
191 -1.2525692 3.753158
140 -2.0715132 0.77038497
126 -2.0152533 0.8845812
129 -1.8894787 1.2416553
131 -3.3540263 -1.2323812
180 -2.0589619 0.7402486
206 -3.444406 -1.2713476
150 -2.2344847 0.39596605
141 -3.631687 -1.4339247
20 -1.2443899 3.343187
175 -1.9856006 0.9511164
291 -1.9533085 1.0187353
61 -2.10313 0.7153333
78 -1.2094651 3.8098922
88 -1.2120602 3.7685187
138 -1.2447692 3.5959258
185 -3.826151 -1.7179044
104 -1.9210136 0.989772
168 -3.6793818 -1.429895
188 -2.1819375 0.5788897
216 -3.8639634 -1.5999031
0 -1.2120523 3.4766593
155 -3.9503767 -1.5857159
238 -1.1882373 3.8832278
22 -1.2064968 3.796963
30 -1.2223576 3.9172583
37 -3.8022213 -1.5356927
53 -1.3119845 3.5518026
165 -3.75785 -1.5789138
67 -1.2560252 4.046897
69 -1.2862011 3.5271962
134 -1.9428692 0.9094073
284 -3.750124 -1.5770278
121 -2.0817134 0.6696606
169 -1.2350816 4.115004
221 -3.651481 -1.4784015
298 -1.9651848 1.0339081
4 -1.2273718 3.6284938
283 -1.1839991 3.6973937
253 -1.9446778 0.96434504
226 -1.24106 3.6305
87 -1.9590476 0.9122416
267 -3.6299732 -1.3820804
297 -1.2569575 3.6834977
146 -3.9141903 -1.6397943
278 -1.1858894 3.457733
203 -3.7394686 -1.5139664
197 -1.2392404 3.9825215
190 -1.9383695 1.040464
44 -3.3583179 -1.1407808
245 -3.6321595 -1.3772784
71 -1.9480432 1.0625106
262 -2.040012 0.9062639
97 -1.9057078 0.99513805
167 -1.2758818 3.5893247
213 -2.0047941 0.8271698
232 -3.6635287 -1.4451452
235 -1.1872897 3.9234705
260 -4.0052114 -1.6964934
289 -3.4869752 -1.2747023
1 -3.7901523 -1.728862
9 -2.0249848 0.7727847
189 -1.2877316 3.1396458
179 -1.2814949 3.4515555
79 -3.7100189 -1.5461777
41 -1.2295953 3.954356
244 -2.0680478 0.8440941
183 -1.9779547 0.96763915
200 -1.1167873 4.1181135
90 -3.6649585 -1.4433292
144 -1.2178521 3.8090787
194 -1.9450988 0.974528
195 -1.2676138 3.6961114
268 -1.2098016 4.128989
13 -1.9624852 0.97883743
15 -1.9569632 1.0693327
42 -1.2709763 3.9971325
38 -1.2156312 3.7992492
281 -2.0459013 0.7538695
45 -1.3006607 3.5146306
63 -1.9827945 0.9109696
219 -3.858794 -1.5828383
296 -3.6941986 -1.5102583
77 -1.2773387 3.0797741
102 -2.0149457 0.85379744
162 -1.9936347 0.9864445
98 -3.4221077 -1.1831579
123 -1.139464 3.894201
272 -1.2841496 2.9802332
254 -3.6577847 -1.4889967
239 -1.2806095 3.8100386
85 -3.7571986 -1.5182092
2 -3.6750343 -1.4358026
136 -4.0212574 -1.6780182
74 -3.4265695 -1.2656577
92 -1.2756498 4.458051
209 -3.5892859 -1.3695818
75 -3.3894858 -1.1416527
196 -1.2180198 3.8455746
210 -1.2237389 3.7557163
159 -1.2852811 3.822723
271 -1.2532097 4.082633
246 -1.2491792 3.90841
276 -1.9720864 0.8529948
19 -1.2507387 3.4112043
225 -1.2166897 3.9495173
36 -1.2926197 3.4546056
46 -1.2158973 4.2118793
50 -3.3592787 -1.1155199
120 -3.523533 -1.393266
73 -1.9699448 1.0053843
86 -3.6266856 -1.4678937
95 -4.252848 -1.9504815
127 -1.9127825 1.0502539
160 -3.4779124 -1.2912751
220 -3.7240045 -1.500747
247 -1.2597011 3.629523
241 -1.9115294 0.9709
32 -3.6813972 -1.4609627
29 -3.5617938 -1.3222085
34 -1.8173162 1.28994
192 -3.7157755 -1.4433858
273 -3.552937 -1.3242472
83 -1.9640961 0.9141019
93 -1.28058 3.6182656
125 -1.2857096 3.6824934
166 -1.2025014 3.7786822
212 -1.2577059 3.852351
161 -1.9155667 1.0457025
187 -3.8544078 -1.6822395
12 -1.9410353 1.0104182
204 -3.7332473 -1.4925358
100 -1.2928756 4.043167
49 -1.9867039 1.0067649
59 -3.620305 -1.420597
80 -1.2275708 4.0274873
94 -1.8880429 1.0474555
112 -3.5760534 -1.3366969
110 -3.3377054 -1.0331213
130 -1.2261125 3.6968572
133 -3.5897253 -1.5403152
153 -3.4527166 -1.2326474
224 -3.9186864 -1.6390026
290 -1.2771572 3.968312
7 -1.2594011 3.4123232
10 -1.3110399 3.9105644
17 -1.2714708 3.9720762
214 -1.8273306 1.1067243
299 -1.1804783 3.763633
39 -2.0869937 0.7500784
55 -2.0897055 0.72891307
288 -3.5108635 -1.3156208
154 -3.9535227 -1.7625251
259 -3.7360196 -1.5301824
201 -2.050085 0.9082426
118 -1.2461022 4.3616066
157 -3.5923696 -1.3910532
222 -3.6107597 -1.411865
111 -3.3900747 -1.1800362
182 -3.4027631 -1.2390312
177 -1.8691928 1.1773282
24 -1.2461171 3.7286787
60 -2.0479512 0.8141892
218 -1.972294 0.96946204
280 -2.0248773 0.80114174
275 -1.912299 0.97311217
18 -1.8930387 1.0080817
21 -1.2434237 3.6226132
106 -1.2184898 3.7033174
202 -4.2547154 -1.9615995
228 -1.9823616 0.9510754
293 -2.1201572 0.6158095
261 -3.7921362 -1.5986294
26 -1.263551 3.443749
54 -3.771046 -1.4964669
47 -1.3017404 3.1407125
62 -3.6644185 -1.3880721
230 -1.1979517 3.4306617
171 -1.9174523 0.98407584
66 -1.2367866 4.118786
227 -1.2993847 3.528273
257 -1.203676 4.02861
248 -4.0919175 -1.7731783
287 -3.6907372 -1.5325625
223 -4.0136266 -1.704996
285 -1.1918348 3.9998004
178 -3.3376753 -1.1486382
48 -3.9015915 -1.6417651
264 -3.8146195 -1.6892282
172 -3.9087567 -1.6231395
52 -1.8792974 1.1362153
70 -1.247081 3.70933
148 -3.7724268 -1.6358886
119 -1.2508204 3.7638757
