30 2
21 3.8898723 4.511257
4 3.9457407 0.8343547
8 5.970686 -2.8166275
26 3.7430663 2.017454
14 3.8267965 1.8071744
28 5.8565345 -2.8226748
1 3.8440306 4.9724836
16 3.9528751 1.5308961
7 3.718517 1.8194067
23 6.5938506 -3.7049692
25 5.9799647 -2.9005523
22 3.8351076 1.2646809
15 3.9499052 1.0581148
10 5.2621784 -1.8992865
13 5.2087803 -1.9262376
20 4.0361395 0.5139361
27 3.983849 5.8406053
6 6.0498595 -3.0849454
18 3.8977726 1.0820192
0 3.6843038 4.186384
19 5.3063207 -2.1559417
12 4.1187477 6.0500793
11 3.9581523 5.6477365
3 3.853476 4.2383027
2 4.123908 6.09133
24 3.7265973 4.574469
17 3.976526 1.2580472
5 6.1696124 -3.3013835
9 3.7662537 4.4035487
29 6.5207744 -3.627084
