30 2
4 3.9845011 0.6680997
22 3.819083 1.3606111
1 3.9128644 4.856208
7 3.80313 1.9211495
13 5.3050704 -2.0642366
21 3.8789747 4.492047
0 3.7282128 4.1323338
20 4.0737824 0.5338251
16 3.8702226 1.3516366
17 3.9818501 1.1871842
6 5.9611917 -3.041378
10 5.2572236 -1.9544429
18 3.8467343 0.9992655
27 4.0837584 5.7545757
23 6.4405518 -3.7599294
14 3.8641315 1.8340821
12 4.141532 6.1687107
28 5.8499713 -2.7600145
26 3.8113778 1.9590931
8 5.850751 -2.8471093
29 6.582858 -3.8495972
15 3.9373057 1.1672763
11 3.9589698 5.541296
3 3.7834606 4.1084895
19 5.3075457 -2.0172212
25 5.99146 -3.08087
5 6.1509824 -3.2202466
24 3.831855 4.475309
2 4.12193 6.0700054
9 3.8023584 4.536737
