30 2
21 3.1546254 4.9447484
7 3.4708009 2.4607937
8 6.3001595 -1.9916434
1 3.0628312 5.5049562
17 3.730639 1.864921
4 3.8620083 1.4405092
16 3.6930878 1.7892207
23 7.1061354 -2.7011511
10 5.4284945 -1.1240581
22 3.6834695 1.7046384
18 3.6591854 1.5789809
6 6.378545 -2.0912685
25 6.3524537 -2.0712395
3 3.073283 4.608857
28 6.129876 -2.0087092
15 3.7920995 1.6541663
12 3.1072621 6.6569324
26 3.4215884 2.6572306
13 5.3614483 -1.1752685
14 3.5882897 2.2663193
5 6.465011 -2.1534207
11 3.0182667 6.2011867
9 3.0037632 5.0281034
2 3.1564429 6.9015756
27 3.1400328 6.224301
20 4.0162163 0.89672613
19 5.6535177 -1.3853321
29 7.223313 -2.8429105
24 3.1622007 4.9154596
0 3.096975 4.776084
