30 2
7 3.5276172 2.3589625
16 3.6735752 1.9457186
21 3.287434 4.95567
1 3.1260562 5.457337
19 5.605686 -1.4444185
8 6.1818614 -2.1192358
22 3.6907334 1.7100109
0 3.220908 4.6942534
10 5.419365 -1.2111362
15 3.8072634 1.6601833
20 3.9292781 0.9820906
26 3.4538486 2.377162
4 3.8368912 1.4107097
12 3.3678265 6.5352845
13 5.4375486 -1.1457537
17 3.8897512 1.560902
25 6.191988 -2.0853221
28 5.9990835 -2.0226948
14 3.7027223 1.9976442
2 3.4317505 6.7178254
6 6.3871317 -2.4674315
18 3.754382 1.4572686
11 3.1498451 5.975066
23 6.976405 -2.9276233
27 3.2593253 6.2750444
3 3.1917813 4.6240997
9 3.2252717 4.8346024
5 6.4952645 -2.4180493
24 3.165095 4.893268
29 6.991156 -2.9879212
