30 2
10 5.224048 -1.6569431
25 6.0197816 -2.766476
1 3.5664864 5.0481744
16 3.85344 1.811106
7 3.6973867 2.0787368
21 3.6046503 4.5169926
19 5.4728765 -1.7249682
4 3.9956217 1.020947
22 3.7528152 1.5455338
26 3.6465955 2.3135047
27 3.7601855 6.027351
28 6.0546284 -2.6490674
6 6.193394 -2.856051
15 3.911738 1.2829872
8 6.106051 -2.6928933
14 3.7621384 2.0045433
17 3.9743123 1.3098832
0 3.5925312 4.4906416
12 3.757849 6.2236047
23 6.6875825 -3.400109
13 5.3502736 -1.8029352
20 4.0110455 0.8291315
2 3.9192846 6.2203045
29 6.772747 -3.603654
3 3.613242 4.160588
24 3.5882201 4.7209496
11 3.676862 5.887724
9 3.5714417 4.621879
18 3.888942 1.2744933
5 6.377331 -2.9228241
