30 2
7 3.7622535 3.7363865
3 1.2084649 4.073945
29 4.3108864 3.8410075
14 -2.9564052 5.658909
2 -2.5305097 5.643919
1 5.249316 3.716648
5 1.2462316 3.9304338
4 -2.538997 5.516757
0 0.5214878 4.2152
15 5.399306 3.8772469
26 5.093198 3.6602607
25 4.9739966 3.8304298
11 0.8158937 4.1063485
20 -1.8755322 5.1878405
6 5.0514083 3.6616483
10 4.030713 3.7885075
18 -1.8677865 5.0254755
28 -2.1744492 5.2095537
24 1.2697055 4.1217833
12 4.752128 3.649754
16 0.557695 4.3054357
22 3.998938 3.658913
21 2.1755252 4.063358
27 1.5048735 3.9998252
9 0.56746197 4.3583994
8 -1.9616334 5.0472
17 -2.4019766 5.4509587
23 -3.0013642 5.802428
19 -3.338844 5.8870974
13 2.1650286 3.935173
