30 2
21 2.9893084 5.0836143
7 3.4613528 2.4691591
22 3.6677768 1.814959
1 2.9317024 5.5706754
16 3.6063676 2.1146736
14 3.5165544 2.3284943
4 3.868957 1.4006692
23 7.1396446 -2.660036
15 3.8218727 1.721891
20 4.0481086 1.0604197
10 5.437564 -0.95324516
28 6.1633463 -1.7686237
8 6.407924 -2.0627785
19 5.501717 -1.1423773
26 3.3885171 2.5417435
25 6.3141375 -1.8839256
11 2.9562156 6.1623354
17 3.8320286 1.742783
24 3.017442 4.882487
29 7.1289754 -2.6273925
18 3.731927 1.6205382
13 5.4939775 -1.1178854
0 2.9634027 4.751773
9 2.9881823 5.0565624
2 3.1372576 6.9222283
6 6.4296923 -2.1030247
12 3.0085545 6.5726357
5 6.558667 -2.1738272
27 3.0435843 6.3664265
3 3.067506 4.6083565
