30 2
4 3.9656515 1.2500722
1 3.1244562 5.5427065
10 5.3580976 -1.2292532
0 3.2757404 4.746347
19 5.6277986 -1.5119065
12 3.3347886 6.481771
16 3.7305772 1.8455062
22 3.7621543 1.7727466
29 7.007178 -2.9011695
3 3.2454267 4.6935716
20 4.0471115 0.9047115
27 3.1990733 6.3161654
26 3.4937656 2.253303
15 3.8802786 1.4641546
8 6.163192 -2.1800878
14 3.7119532 1.9193178
25 6.197153 -2.0508673
7 3.5435238 2.291493
28 5.9807806 -1.9482819
21 3.3131683 4.925368
13 5.359107 -1.2527257
9 3.2719364 4.843747
6 6.342445 -2.4042525
17 3.9328306 1.3732483
23 6.9849863 -2.9358833
18 3.8288646 1.4043348
11 3.1404886 5.921574
2 3.2890215 6.6847577
5 6.4745517 -2.533857
24 3.1612222 5.0476046
