30 2
7 4.209902 3.145744
2 -1.8066757 5.8330946
0 0.96246725 4.216702
4 -1.925997 5.786447
29 4.8815117 3.2592292
1 5.7282453 2.9735103
25 5.3982778 3.0988457
20 -1.2595621 5.3659544
6 5.3233895 2.934561
14 -2.039005 6.006005
3 1.623174 3.9863925
5 1.8049926 3.8304458
11 1.3427355 4.047549
10 4.410871 3.2879817
22 4.346609 3.1764548
24 1.852836 3.9437926
21 2.6208107 3.6916225
15 5.9837937 3.0912893
17 -1.6134762 5.6376443
23 -2.468415 6.3137913
26 5.3984323 2.9597414
12 5.31463 3.123741
8 -1.1926743 5.1952744
9 1.033718 4.2093153
19 -2.4835672 6.362346
28 -1.5581201 5.464782
18 -1.1189904 5.125446
16 1.212276 4.250313
27 2.1563213 3.7418993
13 2.5055714 3.6682122
