300 2
233 -2.0419507 0.79677117
252 -2.167145 0.5031049
253 -2.0481417 0.7219395
22 -1.469061 3.7142065
6 -2.1182926 0.5934465
234 -1.9663 0.9794154
272 -1.5013189 3.1244152
127 -1.9811906 0.9183321
240 -2.1437314 0.5391221
168 -3.6148329 -1.7615247
291 -2.0587113 0.6831447
193 -3.656449 -1.7954875
170 -2.1059752 0.5608139
194 -2.0483892 0.71641564
211 -1.9906006 0.8941269
115 -1.5246855 3.797647
238 -1.4938883 3.7946656
7 -1.4902376 3.4478202
71 -2.0523195 0.7417162
41 -1.5008461 3.8253658
246 -1.4869715 3.9112065
206 -3.437164 -1.6142191
152 -3.7111888 -1.7673755
63 -2.1022053 0.51156074
78 -1.5708371 3.4854884
104 -2.051685 0.61382604
12 -1.9050395 1.0480622
147 -2.0087376 0.76482046
105 -3.2837145 -1.4540017
81 -1.5162361 3.8248854
107 -1.9956613 0.83071774
231 -1.9016414 1.0918107
292 -3.643577 -1.7622614
187 -3.4747531 -1.5478282
9 -2.0314784 0.70315266
48 -3.837662 -1.885959
219 -3.4824562 -1.5968685
196 -1.4908007 3.4253118
77 -1.4515818 3.0822012
137 -1.4119886 3.753028
274 -1.9094124 0.9831432
241 -2.0892794 0.7198072
4 -1.4562631 3.5467212
39 -2.059398 0.7480897
33 -1.9394945 0.9168918
212 -1.4957958 3.811946
179 -1.4752938 3.7453303
133 -3.339702 -1.5214527
142 -1.5545093 3.927783
129 -2.040049 0.7908098
200 -1.4600407 3.836563
242 -2.0362751 0.6952289
228 -2.0915735 0.7085801
90 -3.4490004 -1.5467124
131 -3.2987008 -1.4255819
108 -2.139391 0.57927495
2 -3.3851068 -1.5358043
209 -3.3922083 -1.5404665
5 -1.8987051 1.1979022
43 -2.0617402 0.8301577
123 -1.5372981 4.187583
65 -3.2536905 -1.2909389
201 -2.0060225 0.8412012
47 -1.4483835 3.2189405
61 -2.1362636 0.55790484
144 -1.4571855 3.7118428
72 -3.3473167 -1.4864571
205 -1.4974976 3.4430645
100 -1.493889 3.921385
248 -3.892945 -2.0010288
256 -2.1066341 0.5531359
225 -1.496519 3.8645272
164 -3.7834384 -1.9561702
111 -3.4477167 -1.5468692
130 -1.4318829 3.7597535
298 -2.0096655 0.90877205
159 -1.4151033 3.7910602
176 -1.3960055 3.5149775
181 -3.423255 -1.5483258
8 -2.10803 0.61131597
24 -1.4853357 3.6956227
31 -1.5077776 3.6088786
58 -3.6518269 -1.7374953
275 -2.0825891 0.70684725
236 -1.4522618 2.985515
260 -4.301321 -2.3448443
124 -1.4858136 3.6012278
140 -2.1260104 0.51829207
141 -3.6017928 -1.7276627
174 -2.1207047 0.5331807
269 -3.133581 -1.2602013
50 -3.4108279 -1.6050042
265 -1.4650477 3.6245003
149 -2.0492284 0.7451704
10 -1.457999 3.705535
154 -3.649154 -1.8495331
239 -1.515281 3.6192124
188 -2.1060581 0.6399733
110 -3.187809 -1.3266497
35 -2.0777545 0.70602113
180 -2.1996527 0.45720556
148 -3.6655018 -1.6962421
158 -1.4700639 3.4531837
287 -3.7449486 -1.8581946
255 -2.0623925 0.75927097
289 -3.4473329 -1.5349348
232 -3.5963259 -1.7435371
34 -1.9637135 1.1828676
226 -1.4925529 3.952981
64 -3.399942 -1.526964
122 -1.4356622 3.9194314
280 -1.9988639 0.89943576
173 -1.9715315 1.0366764
218 -1.9429913 0.9146949
18 -1.9455166 0.94243634
257 -1.504887 4.1997128
190 -1.9347055 0.9123841
73 -2.0032172 0.75097024
83 -1.9550494 0.71007633
160 -3.6598814 -1.7662024
263 -1.9212604 1.0068277
128 -2.0092201 0.71411693
165 -3.524621 -1.6249053
258 -2.0710838 0.50686485
229 -1.9542266 0.943831
68 -1.4748222 3.5150435
13 -2.093615 0.7174374
30 -1.4541174 3.6518302
237 -1.4669608 3.5373645
279 -2.1126878 0.5723344
67 -1.4539069 3.6596432
99 -1.5002947 4.096747
135 -3.5189412 -1.6591501
74 -3.2235894 -1.3503422
112 -3.5858533 -1.7173296
97 -2.1355202 0.58946174
117 -2.0639396 0.6928936
186 -2.0698664 0.83498824
197 -1.5096111 3.961125
0 -1.4642609 3.4950683
82 -3.4229393 -1.5366836
294 -3.6043184 -1.679751
45 -1.4982584 3.2950583
85 -3.3933632 -1.5378217
161 -1.9415348 0.9323878
118 -1.468165 4.28343
217 -1.513893 3.8927493
270 -3.7604992 -1.9352492
286 -1.5192348 4.017623
251 -1.5092729 3.761614
11 -2.057958 0.628172
120 -3.529148 -1.5214531
259 -3.3182852 -1.4725286
17 -1.4710357 3.7539713
102 -1.9822303 0.9089632
96 -1.425502 3.8204556
89 -1.944775 0.88655895
87 -2.012696 0.854849
162 -2.0264854 0.78730696
126 -1.9896854 0.96892107
157 -3.547493 -1.7144095
247 -1.4833407 3.5391884
215 -1.4341569 3.7218769
60 -2.069857 0.78810954
113 -2.0227504 0.8710129
151 -2.0352874 0.6937912
106 -1.5188426 3.2118535
80 -1.5413612 3.6401036
243 -1.9979722 0.9442457
282 -2.120681 0.5621031
75 -3.5518575 -1.7123626
79 -3.5134916 -1.6043484
91 -1.9467442 1.1094162
119 -1.4737289 3.372577
134 -1.9136003 0.97489923
192 -3.3801591 -1.5578126
267 -3.2485704 -1.3839662
296 -3.8453474 -1.8848631
146 -3.9321716 -2.063553
88 -1.5005727 3.6326268
46 -1.5164714 4.101713
69 -1.4302992 3.548958
76 -1.4479798 3.7299411
297 -1.4944626 3.697457
199 -2.0323634 0.8300232
101 -1.9740319 0.8433782
114 -2.215359 0.3967314
230 -1.4628073 3.2097938
285 -1.4919404 3.862684
224 -3.7121572 -1.845368
293 -2.0200403 0.7145802
264 -3.7063382 -1.8310617
15 -2.027906 0.84375894
167 -1.5498017 3.964784
138 -1.535858 3.722229
284 -3.312103 -1.4301738
55 -2.0729918 0.7606381
281 -2.0568585 0.77241576
92 -1.5390137 4.41381
207 -1.5200369 3.8307033
86 -3.251166 -1.4106996
116 -1.4416604 3.2102177
132 -1.4882767 3.7782743
183 -1.9918255 0.7137303
216 -3.7005436 -1.7793657
249 -3.8528464 -1.9200788
244 -2.1640546 0.38313296
295 -3.423556 -1.5596541
19 -1.4645425 3.3386045
210 -1.4539396 3.5966663
23 -1.9881523 0.8385482
38 -1.4531921 3.400981
204 -3.439787 -1.6454791
51 -3.3875952 -1.5027313
56 -2.0690987 0.6647273
84 -1.5033762 3.7035787
150 -2.2182267 0.37308437
261 -3.557225 -1.6951263
177 -2.0483496 0.78674173
28 -3.9645355 -2.0738306
32 -3.5328085 -1.6262448
37 -3.5427155 -1.7471261
222 -3.474354 -1.7210007
54 -3.8846233 -1.9139439
70 -1.4936528 3.7486398
175 -2.0511956 0.80973876
163 -2.1414332 0.44985977
227 -1.442568 3.1855724
203 -3.556808 -1.7494274
245 -3.5046532 -1.7212323
271 -1.5322398 4.062791
273 -3.4618137 -1.6527932
125 -1.4561497 3.5204117
288 -3.6796122 -1.823962
277 -1.9933354 0.77926034
254 -3.48905 -1.6643195
276 -2.1061966 0.52517414
16 -3.6939218 -1.815903
66 -1.4450251 3.8049955
27 -3.7049108 -1.8239467
40 -3.550592 -1.727684
42 -1.4741477 3.805653
198 -3.1412644 -1.1950874
121 -2.054178 0.66121787
166 -1.4994218 3.6326265
213 -2.1069856 0.5689452
191 -1.4381629 3.9609842
299 -1.4559492 3.7722368
29 -3.5792274 -1.6619432
3 -1.4944183 3.730527
14 -3.4411747 -1.6530855
20 -1.4718378 3.6551454
36 -1.4833217 3.539329
182 -3.3394792 -1.476488
178 -3.123561 -1.3422004
59 -3.4515648 -1.6296438
283 -1.4428905 3.8972652
139 -3.689538 -1.9223377
103 -1.504435 3.6114562
49 -2.1521938 0.6564504
290 -1.5136138 3.0744984
220 -3.6672766 -1.8420165
185 -4.00419 -2.0813367
26 -1.5200111 3.506265
57 -2.011598 0.7723033
266 -2.094383 0.65911174
223 -3.878014 -2.0414767
93 -1.5348389 3.4547272
143 -1.4472114 3.5047624
208 -3.6112976 -1.7261834
262 -2.1691685 0.43373972
21 -1.4531223 3.6294203
44 -3.023743 -1.1654263
94 -1.9940072 0.79326653
268 -1.4501494 3.8187604
53 -1.4837824 3.6839328
189 -1.4956719 2.9367285
221 -3.4294012 -1.5728102
98 -3.3465052 -1.5154474
109 -4.1584435 -2.2527392
278 -1.4606533 3.5469131
155 -3.8403652 -1.8792671
195 -1.4490892 3.413321
52 -2.000606 0.79673177
171 -2.0962484 0.58884346
169 -1.4662356 3.5797372
156 -1.4580061 3.4788334
153 -3.4407766 -1.5534577
250 -3.533563 -1.6322956
184 -3.51057 -1.7452329
145 -3.6433482 -1.7882453
1 -3.5640328 -1.6343212
25 -3.584611 -1.6885623
235 -1.5364223 3.8240504
202 -3.7156792 -1.8633652
62 -3.727401 -1.8782024
136 -3.7495925 -1.9462143
172 -3.6410038 -1.8079625
214 -1.9466475 1.0481215
95 -4.0147977 -2.0631099
