30 2
16 3.6693952 1.8529142
1 3.07985 5.469687
22 3.6067636 1.7625602
13 5.4174705 -1.2345276
11 3.174703 5.987115
7 3.4757862 2.3611271
15 3.839326 1.6226572
21 3.223823 5.017216
10 5.4582915 -1.1578557
18 3.7228093 1.5307125
8 6.219031 -2.023385
27 3.269832 6.195259
0 3.134576 4.6597385
28 5.919642 -1.8924587
25 6.2180643 -2.1317096
19 5.5452867 -1.4840306
20 3.9740994 0.98872584
14 3.6764126 2.0771952
23 7.087553 -2.8704424
17 3.9020143 1.5382507
3 3.1713257 4.537708
4 3.8078868 1.2762007
29 7.1453295 -2.9285688
2 3.3897674 6.7478957
6 6.43594 -2.3144796
9 3.159596 4.8385797
12 3.3464751 6.626636
5 6.5169516 -2.4015613
24 3.1051908 5.020782
26 3.4187226 2.579634
