30 2
7 4.4011693 2.9146414
3 1.8651024 3.8473668
4 -1.5660359 5.8454165
14 -1.8702662 6.134306
29 4.8255577 3.0438633
10 4.6099796 2.995046
18 -0.83340794 5.234367
5 2.2076972 3.5622149
2 -1.4323343 5.8891425
0 1.2224922 4.045227
21 2.9126954 3.5627224
1 5.8676805 2.8523061
12 5.4889545 2.8582733
28 -1.2072843 5.480236
15 6.0377493 2.8454387
23 -2.0656302 6.4102325
22 4.3982954 2.9536607
20 -1.0147105 5.367632
24 1.9601285 3.7772703
8 -1.0690953 5.441749
16 1.4068666 4.0856924
6 5.375372 2.7305572
26 5.56158 2.7116156
19 -2.194512 6.358648
17 -1.3893785 5.744831
27 2.32238 3.6908267
13 2.9412267 3.478452
11 1.5438179 4.0476804
9 1.30082 4.1512666
25 5.660515 2.8102424
