30 2
17 3.9832566 1.2585149
22 3.7154346 1.5459129
28 5.9282355 -2.4574826
23 6.6533027 -3.2295911
21 3.5993881 4.705925
4 4.004013 1.01272
16 3.8932302 1.631883
15 3.9136622 1.2137216
7 3.6589336 2.055928
25 6.1665187 -2.6362598
1 3.4815266 4.991967
14 3.7298944 1.9937617
26 3.6248305 2.3445299
29 6.7978005 -3.4172876
10 5.2887645 -1.4931644
13 5.3829036 -1.8525374
11 3.661644 5.8804054
8 6.1312547 -2.6343114
18 3.8227892 1.2105174
2 3.7743685 6.2831354
20 4.1163125 0.78517485
27 3.609365 6.014531
0 3.5359368 4.501988
9 3.62256 4.604157
12 3.808002 6.3391557
19 5.386793 -1.7271806
3 3.4935682 4.3693404
6 6.1858287 -2.9063945
24 3.5822315 4.627861
5 6.320714 -2.9750104
