30 2
29 4.566373 3.5239537
7 4.0227575 3.4447658
3 1.4638094 4.0216436
14 -2.5977914 5.9795985
2 -2.2146893 5.744781
0 0.68363863 4.2474284
4 -2.2913816 5.735176
1 5.626485 3.4880092
5 1.45978 3.9384563
10 4.305112 3.5695777
18 -1.346801 5.0051603
8 -1.5986181 5.1602063
20 -1.5032393 5.2343726
6 5.0076394 3.355006
21 2.395162 3.8529181
23 -2.7222407 5.947714
25 5.245605 3.4531484
15 5.6006904 3.508313
22 4.291314 3.3388634
12 5.03897 3.4203043
24 1.4375495 4.071696
19 -2.9658222 6.1423507
16 0.75361973 4.3090625
17 -2.0358474 5.5549693
27 1.807107 3.9465091
9 0.76962787 4.2919188
11 1.1085333 4.0160046
13 2.3792222 3.7140973
26 5.1307235 3.2895696
28 -1.6214001 5.203561
