300 2
124 -1.5511273 3.6979554
289 -3.4633904 -1.540911
30 -1.5145874 3.858676
180 -2.0805888 0.67817706
35 -2.099965 0.5595449
298 -2.0486348 0.73637146
225 -1.4681702 3.6968396
148 -3.68423 -1.8611003
32 -3.444711 -1.6054646
5 -1.8748951 1.1705893
8 -1.9665766 0.9491885
133 -3.2820463 -1.3637615
6 -2.1308422 0.5795198
252 -2.099918 0.684553
68 -1.4704598 3.4239638
170 -2.0692358 0.7006082
201 -2.1565335 0.47935462
174 -2.0886092 0.6513062
276 -2.0964751 0.6178489
17 -1.4991237 3.6963902
291 -2.0207691 0.7876684
63 -2.06274 0.65711933
103 -1.4624579 3.5703185
256 -2.1583967 0.5846573
183 -2.0069761 0.83329767
23 -2.0532777 0.71495783
131 -3.306372 -1.4079967
115 -1.4432049 3.808981
87 -2.0336647 0.7956337
269 -3.342644 -1.4281678
108 -1.9827183 0.9029847
9 -2.053141 0.6981009
12 -1.98407 0.8610279
55 -2.1251404 0.6015241
167 -1.5355613 3.6989295
75 -3.5077906 -1.6812584
40 -3.5928638 -1.7866347
50 -3.262431 -1.3821068
128 -2.114034 0.6726809
237 -1.5224285 3.559041
90 -3.357345 -1.4911779
238 -1.4894834 3.7729845
229 -1.9067869 1.1653465
260 -4.1607733 -2.3485723
195 -1.5218762 3.438028
255 -1.9830481 0.92587656
52 -2.118096 0.61988866
53 -1.5022323 3.808893
120 -3.5092254 -1.6142225
159 -1.4742427 3.9423258
7 -1.5134634 3.4372835
100 -1.51463 3.8689163
19 -1.449687 3.483227
262 -2.1998663 0.4311945
79 -3.5555012 -1.6958293
213 -2.1775324 0.58433044
164 -3.8114507 -2.0070436
203 -3.6348495 -1.7198768
199 -2.0587943 0.8436762
231 -1.9702218 0.9562857
149 -2.097007 0.5757044
21 -1.4661393 3.3860118
43 -2.0968392 0.812398
58 -3.5129063 -1.7243015
284 -3.2419252 -1.3856205
273 -3.253573 -1.4136436
176 -1.4678051 3.2487693
239 -1.5261223 3.6065261
147 -2.0410032 0.806773
27 -3.7827282 -1.9890726
151 -2.0371153 0.87602204
47 -1.4337599 3.264067
60 -2.1194289 0.5729219
62 -3.6890674 -1.7427707
280 -2.0291061 0.8875626
190 -2.0179713 0.70156777
188 -2.0573819 0.7330552
214 -1.9568676 0.9202644
241 -2.0211134 0.8656017
250 -3.5767682 -1.7175547
157 -3.606632 -1.7096764
71 -2.0744812 0.67687666
297 -1.4967954 3.4992096
26 -1.4675597 3.2929237
211 -1.9875116 0.87457645
54 -3.6408057 -1.7776526
105 -3.1542897 -1.2966619
209 -3.284974 -1.4658812
140 -2.1376586 0.5327682
257 -1.4779828 4.4227247
45 -1.5045443 3.1830425
22 -1.4645703 3.5400262
57 -2.1457372 0.5987803
104 -2.028049 0.8151374
59 -3.5041625 -1.540203
189 -1.414963 3.148787
83 -2.0269878 0.7953563
85 -3.4203303 -1.550184
99 -1.5355145 3.8710668
121 -2.0894704 0.59158623
146 -3.9101143 -2.0427296
136 -3.7566006 -1.8715655
141 -3.6838076 -1.7495201
253 -1.9334615 1.0841872
258 -2.083472 0.6590425
234 -1.9852883 0.8482938
106 -1.4459783 3.2546883
29 -3.4926414 -1.6655111
44 -3.1226566 -1.2387822
277 -2.0441928 0.8279166
295 -3.1016715 -1.1908199
72 -3.4034846 -1.5436405
187 -3.4611657 -1.4997582
179 -1.4577482 3.785932
274 -1.9148842 0.9736598
247 -1.4505072 3.4987514
270 -3.807415 -1.9979867
37 -3.5360706 -1.6231581
251 -1.4729406 3.7018237
116 -1.5422473 3.3832877
219 -3.5878131 -1.7995331
243 -1.963032 0.93275493
67 -1.4759704 3.883942
282 -2.1326659 0.5405723
205 -1.5063406 3.4047432
197 -1.4749621 3.4992142
132 -1.4312088 3.6104875
123 -1.4607992 3.6558177
175 -2.0710628 0.7224094
240 -2.1184402 0.5304499
46 -1.491248 3.884781
163 -2.1427612 0.5627166
65 -3.399057 -1.4397355
185 -3.673612 -1.9088401
155 -3.8084562 -1.8889837
160 -3.5007977 -1.6318346
233 -2.0686455 0.6563738
275 -2.0423355 0.83066356
186 -2.1091597 0.6900502
82 -3.5405083 -1.6846598
11 -2.107121 0.5464047
16 -3.7108493 -1.8300487
42 -1.4923934 3.617296
292 -3.6056747 -1.8185201
198 -3.1295323 -1.2023429
64 -3.3219595 -1.4791533
112 -3.6519136 -1.8143636
125 -1.4856479 3.5783231
161 -2.039766 0.70824295
109 -4.0239253 -2.1802392
226 -1.496426 3.7706842
228 -2.0177484 0.7911151
265 -1.480244 3.7511365
290 -1.4806418 3.2444997
283 -1.4940668 4.0150733
2 -3.3617907 -1.5003903
84 -1.4937313 3.6426299
89 -2.080319 0.7900359
49 -2.0511944 0.7801794
18 -1.9820592 0.9121704
20 -1.46976 3.6614902
129 -2.067842 0.75907004
28 -3.7887366 -1.9748164
74 -3.3582547 -1.5232434
242 -2.0610957 0.77975595
154 -3.7213202 -1.8711667
69 -1.507141 3.5534048
153 -3.2591014 -1.4208109
172 -3.7821815 -1.9319767
248 -3.9820285 -2.0735526
152 -3.8557787 -1.983947
101 -2.004971 0.9249067
135 -3.5270073 -1.7089043
173 -2.0499444 0.8403384
204 -3.303315 -1.4759387
235 -1.4720302 3.766114
216 -3.5803342 -1.7224449
264 -3.786861 -1.9597324
192 -3.4647408 -1.5747842
196 -1.5342898 3.8572767
227 -1.4917028 3.4595454
94 -2.062579 0.69234794
107 -2.0555065 0.7387815
299 -1.4663386 3.4853578
215 -1.5064265 3.723761
232 -3.574475 -1.6479502
223 -3.8433595 -2.058108
281 -2.0758872 0.68180895
236 -1.4924409 3.2038968
41 -1.5141826 4.1308455
51 -3.444907 -1.5817785
261 -3.6791224 -1.7974917
286 -1.4491453 3.6426206
181 -3.311925 -1.4777007
144 -1.4862895 3.4061296
36 -1.6137129 3.7328146
193 -3.5024045 -1.709448
119 -1.5175036 3.2946482
224 -3.686042 -1.8727839
3 -1.539563 4.0653453
4 -1.5350554 3.564262
31 -1.4849706 3.6523697
102 -2.174896 0.4922601
137 -1.5665199 3.8244505
171 -2.0787876 0.75987643
56 -2.079798 0.6179612
76 -1.49963 3.8181117
246 -1.4463705 3.736747
220 -3.6077154 -1.6482698
117 -2.0771568 0.5795686
142 -1.5292267 4.148364
293 -2.1243672 0.6353947
212 -1.514106 3.6146579
267 -3.176444 -1.3022553
271 -1.5018117 4.0013323
1 -3.7224956 -1.7915295
166 -1.4914451 3.967621
114 -2.2486546 0.34085798
156 -1.4263536 3.6607015
111 -3.3607042 -1.5234954
66 -1.4965765 3.6262677
80 -1.4894265 3.769412
126 -2.0616138 0.77865314
10 -1.4798578 3.6572096
33 -1.9451078 0.8025172
182 -3.3690784 -1.5326478
210 -1.479268 3.6313941
34 -1.9934497 1.0798739
158 -1.516479 3.6888037
78 -1.4792393 3.383801
93 -1.530262 3.7851386
98 -3.1436977 -1.3211858
138 -1.458952 3.5643876
127 -1.9855143 0.6635969
208 -3.570898 -1.7532183
25 -3.4906287 -1.6329112
254 -3.6694174 -1.8968447
145 -3.651517 -1.8103483
70 -1.4547732 3.6689985
207 -1.606816 3.828564
86 -3.4282691 -1.5822351
168 -3.6365473 -1.8076776
177 -2.011571 0.8725761
97 -2.082569 0.69180566
113 -2.0511386 0.76758134
279 -2.09305 0.7668363
169 -1.4626049 3.5510666
218 -2.0169783 0.77807593
0 -1.411809 3.6530108
96 -1.5444522 3.597268
81 -1.5597211 3.819567
272 -1.4553769 3.1797416
150 -2.2503695 0.38301873
230 -1.4071993 3.145191
278 -1.5361444 3.3708808
13 -2.1076372 0.7069594
88 -1.4827039 3.4331744
221 -3.5254614 -1.6608549
48 -3.7500885 -2.0156436
91 -1.8808631 1.3064348
134 -2.0210595 0.8973257
259 -3.4801614 -1.5695814
263 -1.9924916 0.8861317
206 -3.403085 -1.6833452
15 -2.0938783 0.65309185
38 -1.4602921 3.5718327
39 -2.1733882 0.5692809
61 -2.0041559 0.82604694
288 -3.6230311 -1.6878761
130 -1.485432 3.9974544
244 -2.1242452 0.73954254
287 -3.8246233 -1.9320886
296 -3.5368407 -1.6648859
184 -3.6871583 -1.7964113
294 -3.421638 -1.7330618
266 -2.0874484 0.70849866
178 -3.241413 -1.4440873
191 -1.527004 3.9959164
194 -2.068327 0.77728015
268 -1.4851217 3.8393338
202 -3.8404267 -1.9606102
77 -1.4996271 3.4066763
222 -3.6137297 -1.7523665
139 -3.5901515 -1.7263515
110 -3.2613316 -1.3601146
245 -3.4454396 -1.6455686
118 -1.5260941 4.1868677
14 -3.552842 -1.6151088
95 -4.008202 -2.103784
217 -1.5636469 3.7278283
143 -1.5533555 3.3585217
24 -1.5518804 3.9807997
92 -1.528418 4.4085474
200 -1.4739556 3.9231474
165 -3.4289534 -1.5663995
122 -1.5068358 4.0329123
249 -3.6828203 -1.7617766
285 -1.4922569 3.5790482
73 -2.0299025 0.83373207
162 -2.0156744 0.89872897
