30 2
7 3.9647548 3.5840838
29 4.3519797 3.6306252
3 1.4751736 3.9856133
14 -2.680032 5.8441358
0 0.6194331 4.2563586
23 -2.8177536 5.8589115
2 -2.3690453 5.737649
18 -1.7393739 5.123161
20 -1.7912437 5.2221456
1 5.604648 3.6092584
17 -2.1611035 5.5660167
15 5.587792 3.5387948
5 1.5118626 3.9405048
11 1.1115377 4.135991
4 -2.4223828 5.662277
25 5.121357 3.5812912
10 4.211963 3.551187
12 5.00511 3.6671507
6 4.880017 3.4304042
21 2.2879052 3.8752742
16 0.67756194 4.3516216
22 4.188568 3.5061646
26 5.2075653 3.442086
8 -1.8175095 5.1367064
24 1.4351892 4.041245
27 1.6997575 3.9384468
9 0.700779 4.2680397
19 -3.1136377 6.1386447
28 -1.8297281 5.251798
13 2.3397686 3.7657661
