30 2
22 3.6990278 1.8247068
7 3.5257208 2.4219735
1 3.0541632 5.544799
16 3.8131208 1.8147599
15 3.8856528 1.6594144
8 6.2257915 -2.1089225
28 5.8280244 -1.8512397
25 6.2037263 -2.0186892
4 3.9187605 1.3193452
26 3.5044706 2.7056265
21 3.215006 4.995967
14 3.5991495 2.1634953
3 3.1180882 4.519586
10 5.33689 -1.0736973
13 5.4832196 -1.1507833
12 3.1494052 6.5446525
24 3.1989832 4.947562
2 3.3184385 6.759912
5 6.4892917 -2.4120264
17 3.842512 1.6460993
19 5.639416 -1.4979708
18 3.758575 1.5318834
11 3.2035003 6.0151577
27 3.1416574 6.2802215
9 3.1446657 4.8495884
23 7.046395 -2.7820237
20 3.9904242 1.0240164
0 3.0738196 4.752083
6 6.3382697 -2.3576248
29 7.1417055 -3.0017328
