30 2
28 6.184626 -1.8080472
4 3.8647885 1.4043905
1 2.9516828 5.598358
10 5.4332128 -0.9894262
2 3.0965426 6.9260516
14 3.5502763 2.2569282
7 3.4338572 2.465047
21 3.015175 5.0239525
26 3.3927236 2.5540175
27 3.0536828 6.351356
22 3.6520023 1.8360353
19 5.5031705 -1.1704175
16 3.600905 2.11083
0 2.9611278 4.750815
25 6.284274 -1.8430861
12 3.0206542 6.56723
17 3.834882 1.7666773
6 6.4448023 -2.0392468
23 7.152836 -2.6491466
13 5.534067 -1.105225
15 3.8248484 1.7250706
29 7.135499 -2.605968
18 3.7185075 1.637536
24 3.0114467 4.917551
5 6.576629 -2.17825
20 4.0379963 1.101379
8 6.374694 -2.048465
11 2.9322042 6.195859
3 3.0306396 4.6552715
9 2.9599261 5.079638
