30 2
14 3.7136114 1.9473363
26 3.6129117 2.2675912
19 5.5073643 -2.047854
21 3.6476421 4.4778466
15 3.865043 1.3532983
16 3.8361902 1.819183
13 5.3084054 -1.8031799
22 3.7860837 1.5621042
1 3.649122 5.127971
10 5.2849536 -1.735369
28 6.0200653 -2.7247164
7 3.6973646 2.0332956
25 6.120287 -2.7330751
27 3.815377 6.01697
8 6.069122 -2.6709197
2 3.8759038 6.236026
4 3.9616113 0.8238291
23 6.7130933 -3.4618697
20 4.0051293 0.6544058
0 3.6102204 4.556541
11 3.7429528 5.7487087
12 3.935897 6.191749
24 3.6436388 4.7505636
17 3.925534 1.3058718
29 6.8096266 -3.6994627
5 6.2151966 -3.0008805
18 3.8819947 1.1398082
6 6.151787 -2.8322582
9 3.6922455 4.5280104
3 3.5442975 4.3199754
