30 2
16 3.6745334 1.9028615
10 5.415165 -1.2390277
21 3.2299373 4.9586725
15 3.8785474 1.4706756
1 3.1461644 5.5117116
22 3.7358599 1.7174109
25 6.216819 -2.071759
17 3.9356153 1.3779218
8 6.1102495 -2.1143444
19 5.623607 -1.4989772
0 3.2673292 4.7584705
7 3.5212185 2.2531939
13 5.3799777 -1.3437827
2 3.2957785 6.6580296
28 6.0042152 -1.9054598
4 3.944508 1.2522706
27 3.2337577 6.3101254
14 3.7294433 1.9363425
6 6.32626 -2.3963733
20 4.0580115 0.89757884
29 7.014936 -2.9345264
3 3.227259 4.6630473
26 3.5400195 2.1962206
23 6.996043 -2.953349
9 3.251734 4.820299
12 3.3665655 6.543752
11 3.165242 5.9123917
24 3.1541088 5.066453
18 3.8364835 1.4124721
5 6.4610243 -2.5204153
