30 2
5 1.8211149 3.8350434
3 1.6405022 3.9376168
4 -1.9229882 5.7966633
20 -1.2990075 5.316398
6 5.295643 2.9587855
29 4.863576 3.2669947
0 0.8692694 4.20174
21 2.5915115 3.7066097
23 -2.5105658 6.3317723
17 -1.5907623 5.6433287
7 4.1755505 3.240718
13 2.551945 3.6357667
14 -2.0489378 6.017467
22 4.3578672 3.1794262
24 1.8181266 3.9687316
10 4.40964 3.2293022
26 5.4383745 2.9976156
18 -1.1896442 5.1664696
11 1.361837 4.010477
2 -1.7505814 5.8206162
15 5.9490843 3.1653137
1 5.6979656 2.9760225
28 -1.5958668 5.4409204
12 5.3317986 3.1031353
25 5.404792 3.1415253
27 2.1374097 3.777793
16 1.221577 4.3087525
8 -1.2149016 5.1769023
9 1.0673541 4.178248
19 -2.5155883 6.315151
