30 2
21 3.384943 4.7830443
7 3.6677647 2.1299841
10 5.408171 -1.4512681
15 3.856496 1.5765191
1 3.3688421 5.286427
16 3.8440497 1.6676446
4 3.9828777 1.1853127
19 5.4267716 -1.5272862
23 6.850997 -3.1453853
8 6.052101 -2.2226193
12 3.4525685 6.53438
22 3.7609298 1.711214
20 4.0602274 0.8668559
14 3.6800091 1.9581417
25 6.156278 -2.3518107
17 3.9174817 1.5518564
26 3.59577 2.258447
0 3.3494182 4.7690625
27 3.3765547 6.2024236
29 7.0081472 -3.1766355
13 5.5404277 -1.7090112
5 6.41077 -2.6696603
28 6.074775 -2.358408
6 6.303709 -2.5546763
9 3.4049509 4.8806224
11 3.4830706 5.9832115
3 3.369929 4.505602
2 3.587096 6.5623546
18 3.870554 1.2082595
24 3.3903856 4.762854
