300 2
63 -2.0114062 0.8245738
159 -1.3404096 3.8428493
187 -3.604002 -1.4981983
247 -1.2901146 3.6764631
293 -2.0482168 0.8288494
157 -3.5418012 -1.3936887
3 -1.3266962 3.6997547
188 -2.1012838 0.5885491
190 -2.014385 0.8116645
276 -1.9704678 1.0069339
15 -1.8645526 1.1087059
208 -3.7076068 -1.56739
45 -1.3332489 3.7266026
71 -1.9934474 0.8844518
133 -3.574764 -1.5157319
292 -3.6828532 -1.6215743
277 -1.9149183 0.949993
224 -4.040726 -1.861507
99 -1.3106885 3.4424758
174 -2.1070511 0.7086268
25 -3.7096539 -1.5735408
49 -2.0335772 0.7543604
129 -2.0312846 0.9185055
149 -2.0208757 0.9006781
154 -3.9612424 -1.7663934
131 -3.3917012 -1.2918727
13 -2.0925481 0.6627169
22 -1.3262239 3.7591505
69 -1.267674 3.61907
39 -2.0015879 0.9268355
104 -1.9956789 0.9738573
78 -1.2355667 3.9014628
96 -1.2616156 4.1007156
14 -3.6015625 -1.4407995
258 -1.9888783 0.8326747
35 -2.0714357 0.6546482
77 -1.3240873 3.5275764
86 -3.6665845 -1.5655954
87 -1.9453145 0.9765451
101 -2.0153232 0.75603336
105 -3.2304726 -1.0871812
113 -2.080737 0.7147727
158 -1.3438157 3.6356394
273 -3.3611093 -1.2813474
239 -1.3256316 3.726829
232 -3.494271 -1.5224328
212 -1.2928951 3.7546837
34 -1.9896941 0.8665903
114 -2.0382624 0.8207922
233 -2.0236719 0.7723044
97 -2.030609 0.7892938
177 -2.0279045 0.892956
167 -1.284782 3.6156228
287 -3.868302 -1.655339
42 -1.2998006 4.0193715
55 -1.9838262 0.9024052
152 -3.7176297 -1.547083
126 -1.9309864 0.97103304
40 -3.6795735 -1.62508
53 -1.2403797 3.5687377
168 -3.7948043 -1.6194141
123 -1.2944217 3.9844825
108 -1.9123871 1.0900016
299 -1.269693 3.8500545
134 -1.8762324 1.1154996
262 -2.0686512 0.7218436
191 -1.3632485 3.8435216
237 -1.3007005 3.2643626
197 -1.3170352 3.6719472
128 -1.9974704 0.86066735
75 -3.4689577 -1.3818359
79 -3.6568835 -1.5565076
47 -1.30269 3.4057176
164 -3.778269 -1.6805723
165 -3.6309912 -1.4864824
243 -1.9666672 1.0414407
231 -1.9185996 1.0631795
213 -1.9896119 0.7850798
38 -1.3768185 3.8226388
199 -2.0301518 0.7706155
244 -2.129301 0.6076662
147 -2.0045497 0.9145309
194 -1.9865493 0.8700909
173 -1.9377408 0.92274356
127 -1.9680392 0.8505914
279 -1.9080751 1.1482272
121 -1.9722145 0.9002992
62 -3.5631378 -1.448013
46 -1.3159214 4.2803717
289 -3.6552567 -1.6124878
132 -1.3480511 3.8792782
175 -1.9918474 0.86268973
95 -4.0245714 -1.8461465
206 -3.496403 -1.4611483
282 -2.0526323 0.5805367
29 -3.6371577 -1.5176125
281 -2.0488234 0.7618515
54 -3.6117938 -1.5265433
265 -1.283479 3.528746
210 -1.245748 3.6081197
264 -3.7106776 -1.5631598
178 -3.2659054 -1.2258224
163 -2.2054784 0.60159844
260 -4.2062645 -2.1140897
298 -2.0280392 0.84107965
184 -3.7716217 -1.6634014
107 -1.9971184 0.98981184
189 -1.3216547 3.4018333
51 -3.5796754 -1.4425762
18 -1.936231 1.0308896
205 -1.3897051 3.3519828
266 -1.9945493 0.87773275
228 -1.9458112 0.9091084
229 -1.8800254 1.2166182
274 -1.8723754 1.175172
251 -1.2807949 3.7238154
295 -3.362772 -1.2233508
171 -2.073031 0.8006134
219 -3.608216 -1.5413263
223 -3.913736 -1.7528939
275 -1.944339 0.95470303
8 -1.9830971 0.9253431
160 -3.4912002 -1.4462905
214 -1.9459654 1.1443621
172 -3.6848946 -1.4919842
180 -2.0943408 0.69473255
61 -2.020771 0.91047376
193 -3.4306731 -1.3583714
52 -1.9549733 1.0005414
56 -2.003025 0.7677476
103 -1.3392231 3.9562247
68 -1.2962743 3.6407514
100 -1.4142773 3.9752507
195 -1.4012426 3.0658708
192 -3.5320952 -1.456724
218 -1.9867944 0.9380845
182 -3.541338 -1.4090884
6 -1.96751 0.9293615
16 -3.797029 -1.711216
17 -1.421274 4.1808567
249 -3.9838665 -1.7744735
74 -3.4559557 -1.3320643
59 -3.6441543 -1.5550447
146 -3.8539557 -1.7362304
290 -1.333612 3.5232596
151 -1.9483682 1.0013992
283 -1.3739771 3.7028875
119 -1.3108344 3.2806063
102 -1.9616146 0.9994469
170 -2.0441818 0.7757181
124 -1.3097973 4.084459
257 -1.3118482 4.1493707
236 -1.3023341 2.953597
267 -3.2687542 -1.2329506
211 -2.050995 0.7691194
234 -1.9535236 0.9638746
5 -1.8479193 1.3374072
111 -3.4986353 -1.34435
153 -3.39255 -1.2902924
143 -1.366398 3.5377994
23 -2.0117528 0.90586114
135 -3.4307618 -1.3351756
31 -1.2689085 3.5343919
44 -3.245766 -1.1126211
271 -1.2858462 4.0304117
198 -3.36831 -1.2011232
161 -2.0039148 0.8982298
122 -1.2611185 4.1635866
139 -3.8428895 -1.6935871
203 -3.751455 -1.5323788
240 -2.1470275 0.5341628
2 -3.4165683 -1.2879336
12 -1.9304972 0.9888905
89 -1.9338739 1.104803
120 -3.3277717 -1.2907429
112 -3.730813 -1.5058187
183 -1.9090654 1.0472436
145 -3.7979088 -1.7091713
166 -1.241051 3.8940296
284 -3.4924414 -1.3874631
36 -1.3239584 3.827023
76 -1.3384467 4.0260506
280 -2.1577733 0.6050791
269 -3.3498664 -1.2741975
196 -1.3343115 4.0970955
81 -1.3720596 3.685421
221 -3.911623 -1.6886765
155 -3.7919748 -1.577373
220 -3.580075 -1.4942863
254 -3.6749666 -1.6358876
250 -3.7038007 -1.5657235
0 -1.3344837 3.4883413
43 -1.9209026 1.0872109
256 -2.0189238 0.7778354
65 -3.4955595 -1.3801316
21 -1.3400276 3.7748396
241 -2.0569608 0.7600024
285 -1.3299563 3.7961524
209 -3.7273319 -1.6704605
116 -1.3533862 3.3973422
246 -1.217806 4.2079673
242 -1.9620982 1.0198052
261 -3.4764478 -1.4313724
272 -1.3612037 2.9160624
28 -3.5843544 -1.5412546
88 -1.34264 3.3774054
225 -1.3139281 3.9027421
200 -1.3221751 4.0430913
130 -1.2957686 3.7665784
92 -1.2858944 4.4132633
137 -1.3829507 3.231276
140 -2.1685216 0.42687115
238 -1.3165858 3.8979633
286 -1.3201315 3.7454796
288 -3.8062434 -1.6442498
259 -3.5202088 -1.395152
4 -1.3735588 3.4710655
7 -1.3048792 3.6524394
296 -3.593794 -1.465108
33 -1.967422 0.8980714
64 -3.6471448 -1.5435656
41 -1.2740442 3.9497235
66 -1.2627224 4.368677
73 -1.9857495 0.9384767
80 -1.3498427 3.8026996
82 -3.6776156 -1.5580763
83 -1.9177693 1.0519072
110 -3.2783782 -1.1256051
125 -1.3722775 3.802612
141 -3.9129891 -1.7440661
156 -1.3690529 3.3984187
278 -1.2625711 3.377995
268 -1.2775522 3.8906853
1 -3.5259514 -1.4017228
20 -1.3481107 3.4601216
72 -3.12956 -1.1022105
150 -2.102912 0.5780341
27 -3.7062733 -1.593309
37 -3.6233208 -1.5367156
216 -3.805601 -1.667202
57 -2.057663 0.73330367
60 -2.1058412 0.6852079
67 -1.3190877 3.4744413
144 -1.3590358 3.913059
26 -1.2613345 3.3437138
176 -1.2548574 3.4640174
245 -3.5303085 -1.4826581
142 -1.2943403 4.0795918
136 -3.9959161 -1.8363888
215 -1.3042753 3.7616684
217 -1.2366781 4.028031
253 -1.9358076 0.92850775
226 -1.3430266 3.5750647
93 -1.3700769 3.5200646
70 -1.3335139 3.837844
179 -1.3256774 3.7764838
230 -1.2873156 3.194799
84 -1.4032115 3.757186
162 -1.8960156 1.1747373
235 -1.3691982 3.5838914
185 -3.7819815 -1.6864117
115 -1.3284336 3.6292188
19 -1.3279394 3.6613255
148 -3.7137728 -1.640041
270 -3.880614 -1.7504243
30 -1.2936028 3.953095
181 -3.4736285 -1.4506261
222 -3.6186028 -1.4698393
118 -1.3480341 4.3208804
227 -1.3524104 3.5606701
207 -1.2818925 3.8964105
169 -1.3099269 3.6140578
202 -3.9941297 -1.9082768
10 -1.3854176 3.8797834
85 -3.7851272 -1.6797138
32 -3.5325139 -1.480127
11 -2.0578482 0.84969836
294 -3.9543824 -1.7506192
186 -2.0636532 0.8210463
48 -3.4902651 -1.3307327
297 -1.3862863 3.7261908
58 -3.821691 -1.6027653
90 -3.6046097 -1.4139899
117 -2.0501688 0.78725165
138 -1.261135 3.542236
252 -2.1028466 0.7433675
9 -2.1378558 0.6654258
24 -1.3541933 3.5344622
98 -3.2641878 -1.1459723
263 -2.0244236 0.8664859
291 -2.091907 0.8010536
204 -3.765057 -1.5853436
91 -1.9543544 1.1633161
201 -2.0231652 0.79497993
248 -3.8567717 -1.8074584
106 -1.3327154 3.7842045
50 -2.975387 -0.87516713
94 -1.9698255 0.87257004
255 -2.1468725 0.6046434
109 -3.7770185 -1.6445911
