30 2
7 3.8035355 3.7527416
4 -2.7611594 5.4057064
29 3.9243495 3.9387088
3 1.0845362 4.175051
2 -2.6343155 5.6297092
20 -2.1313543 5.0585003
25 4.8931503 3.9340632
18 -1.9526261 4.9789214
11 0.8082452 4.204971
14 -3.0861557 5.5544777
26 5.0678353 3.7463226
24 1.4522426 4.2000003
0 0.35302043 4.241776
1 5.2623262 3.9585252
16 0.4266548 4.389507
6 4.904097 3.7994628
8 -1.995099 4.981256
22 3.8585203 3.7713826
23 -3.273987 5.7786837
12 4.7277594 3.8328502
5 1.1378486 4.027781
10 3.886928 3.8762426
15 5.102665 3.9275115
17 -2.4929667 5.321059
21 2.0623147 4.0996943
13 2.2334142 3.9584022
28 -2.4584966 5.2116513
19 -3.4335046 5.8411508
9 0.47633737 4.342629
27 1.2689629 4.083873
