300 2
18 -2.0080001 0.8276076
236 -1.4391909 2.812258
267 -3.257776 -1.3845699
292 -3.5279267 -1.7068561
124 -1.4775445 3.7055867
219 -3.7191572 -1.8247812
11 -2.0896347 0.5917286
89 -1.9253424 1.1071584
6 -2.1230288 0.6037361
252 -2.1017373 0.55699307
71 -2.0690181 0.7017772
190 -1.9973738 0.911217
94 -2.0256023 0.7700083
147 -2.117435 0.5267256
5 -1.9049753 1.0976948
276 -2.032023 0.80166763
105 -3.259469 -1.4170489
166 -1.4332969 3.7027793
42 -1.5073447 4.0887523
127 -2.066177 0.63308173
48 -3.774291 -1.8991255
188 -2.0916743 0.66262126
153 -3.4247844 -1.6289719
289 -3.4375124 -1.5093789
242 -1.9715934 0.87368196
86 -3.1551192 -1.304199
116 -1.4501889 3.331753
114 -2.1165428 0.5624822
149 -2.015457 0.7797082
140 -2.1298301 0.54743636
167 -1.5206096 4.08009
255 -2.0376396 0.79480034
299 -1.5084039 3.673762
9 -2.0188148 0.75504446
45 -1.4178082 3.3300695
238 -1.5002341 3.8869336
181 -3.2690892 -1.4249353
298 -2.0351462 0.8291145
101 -2.0721018 0.7124181
174 -2.12885 0.56994176
162 -2.0995195 0.71696585
131 -3.3065314 -1.4326656
12 -1.9547932 0.8453202
25 -3.5947607 -1.672561
77 -1.4346957 3.244163
243 -1.9047883 1.1857667
160 -3.4799087 -1.571427
23 -2.0556679 0.669285
282 -2.1309478 0.5166405
36 -1.537559 3.4762158
287 -3.8317668 -2.0228918
87 -2.0922735 0.7368931
158 -1.4916543 3.4248595
192 -3.4856713 -1.5999124
263 -1.891944 1.1193184
279 -2.1585581 0.673756
297 -1.4755569 3.714041
81 -1.50405 3.8147645
31 -1.4675263 3.6722753
82 -3.2115974 -1.356311
275 -2.0923789 0.66516405
52 -2.072959 0.62007576
250 -3.575171 -1.6941462
67 -1.4511787 3.5621543
249 -3.6187255 -1.77726
210 -1.498687 3.7626987
203 -3.5127103 -1.555075
234 -2.0356781 0.86116064
235 -1.4895657 3.7699118
8 -2.0425277 0.6502885
198 -3.279411 -1.3324897
232 -3.5633483 -1.5711126
233 -2.0452828 0.67606103
103 -1.486825 3.619793
122 -1.429241 4.19633
222 -3.6121323 -1.7196573
156 -1.5094328 3.5167804
237 -1.4375234 3.754767
28 -3.8967288 -1.984216
189 -1.4750309 3.0755146
121 -2.0704217 0.6559861
14 -3.4471114 -1.6678524
151 -1.9984182 0.7426894
19 -1.5210642 3.5107274
64 -3.4653049 -1.6400747
265 -1.4314965 3.6195083
200 -1.3896192 3.8911805
187 -3.6202874 -1.7697697
258 -2.1685889 0.4383722
65 -3.2157443 -1.3178986
115 -1.4846989 3.8617373
168 -3.6390207 -1.7568177
209 -3.2080853 -1.3094254
296 -3.7421076 -1.8964902
7 -1.5131054 3.5911405
142 -1.4602875 4.010145
20 -1.4786091 3.2607648
35 -2.052722 0.7276204
118 -1.479778 4.1028614
66 -1.4760274 3.5672917
97 -2.1890318 0.4415162
195 -1.480209 3.1842377
231 -1.9208372 1.0926924
178 -3.2882254 -1.4045041
229 -1.8461778 1.2532554
247 -1.4572686 3.3020258
294 -3.684921 -1.8139187
75 -3.5840542 -1.6414132
169 -1.498486 3.4157221
78 -1.4204813 3.6327803
223 -3.9226303 -2.0778077
253 -2.0298407 0.78000313
119 -1.47562 3.2387476
206 -3.6276748 -1.7487369
269 -3.1576958 -1.2078747
274 -1.9935077 0.7983261
271 -1.5039012 4.075757
73 -2.040225 0.8204465
72 -3.4619987 -1.5718484
126 -1.9940522 0.8862944
104 -1.9851118 0.88975954
113 -1.9951416 0.75556594
130 -1.4397508 3.6852882
176 -1.4938798 3.4268048
245 -3.4309955 -1.6036425
4 -1.462327 3.630196
63 -2.135865 0.5349348
230 -1.3937885 3.3858268
211 -2.029339 0.8909642
40 -3.618971 -1.724909
180 -2.1150322 0.5516696
259 -3.2337677 -1.3265959
157 -3.324973 -1.4583699
83 -2.0274029 0.80916446
91 -1.8892831 1.2143927
100 -1.5358169 3.86574
260 -4.510376 -2.4981613
225 -1.5047959 3.7029405
0 -1.4943115 3.4924972
29 -3.471134 -1.61407
30 -1.512953 3.426333
49 -2.02932 0.8523797
70 -1.4894636 3.9588623
98 -3.1657794 -1.1908014
159 -1.5399355 3.6201735
262 -2.164985 0.56677186
256 -2.0642736 0.600849
202 -3.7766569 -1.8987226
27 -3.6077778 -1.7050021
33 -1.8440361 1.1702052
38 -1.508001 3.855135
143 -1.4457225 3.5128238
58 -3.5169303 -1.626576
55 -2.0496292 0.7395938
170 -2.0266693 0.7397375
173 -2.007677 1.020133
92 -1.5254959 4.30073
111 -3.502141 -1.539344
155 -3.8136654 -1.867464
154 -3.7622104 -1.9472458
10 -1.4598268 4.0454254
22 -1.4520929 3.7019625
53 -1.4810601 3.6696775
291 -2.0389655 0.81013775
207 -1.5219126 3.8794587
112 -3.588871 -1.7241591
286 -1.463872 3.9359622
152 -3.6326993 -1.7390689
185 -3.7871246 -1.866773
150 -2.1056602 0.5849911
284 -3.2872071 -1.4899288
164 -3.760954 -1.9364431
175 -1.9700156 0.8673901
241 -2.1174834 0.58516026
293 -2.1157463 0.59896284
280 -2.058381 0.8020799
134 -1.9537508 0.95602465
148 -3.4729462 -1.6411021
16 -3.6227999 -1.698489
69 -1.455405 3.5227602
32 -3.516459 -1.6371902
136 -3.8226888 -1.9013538
163 -2.2504761 0.46282488
204 -3.693357 -1.7526091
270 -3.729019 -1.8700131
272 -1.4491692 3.143761
123 -1.4565583 4.1993337
201 -2.0870185 0.69779754
199 -2.0644605 0.79830414
218 -2.0980394 0.6613832
248 -3.6411946 -1.819723
24 -1.4714593 3.542024
290 -1.5565271 3.3731136
227 -1.4493589 3.589095
26 -1.4865544 3.3831432
107 -2.0781748 0.76314265
51 -3.317691 -1.4718115
141 -3.65929 -1.6650231
80 -1.4575372 3.7192838
144 -1.483238 3.7611775
110 -3.2883842 -1.354374
137 -1.4682667 3.766207
283 -1.4138622 3.7296464
273 -3.5831568 -1.7062987
194 -2.1437545 0.6964258
295 -3.5487454 -1.6869603
125 -1.4532912 3.60396
177 -2.0530574 0.8840991
165 -3.465619 -1.6133382
13 -2.1131938 0.62729555
54 -3.9026833 -2.0395284
246 -1.4524957 3.8888628
41 -1.4891504 3.778805
62 -3.8387687 -1.9364629
213 -2.1340356 0.52768433
74 -3.0912883 -1.1420925
205 -1.4327917 3.6021152
99 -1.4692991 4.0706244
214 -1.9793088 0.92188996
182 -3.3168795 -1.4966738
224 -3.703154 -1.8556364
179 -1.5024374 3.5255811
161 -2.0001268 0.82033706
21 -1.4836541 3.6126215
34 -1.87655 1.1529301
191 -1.4671781 3.9193678
44 -3.1773663 -1.2675318
266 -2.1008997 0.7083103
135 -3.555485 -1.6564144
221 -3.4782531 -1.5685647
226 -1.4929826 3.7889845
93 -1.4578174 3.3843324
95 -3.8124948 -1.92392
129 -2.011856 0.89587027
239 -1.4502062 3.3981488
172 -3.579622 -1.6974001
196 -1.4368697 3.2252955
2 -3.3070548 -1.4267652
84 -1.470531 3.8289921
132 -1.4534849 3.6113799
79 -3.482408 -1.6310263
15 -1.9649981 0.9557997
257 -1.5024173 4.155832
261 -3.707518 -1.8009762
220 -3.5822704 -1.6850052
277 -1.9521829 1.0467726
61 -2.1120172 0.6430616
278 -1.4866393 3.629086
217 -1.5020599 3.7882698
128 -2.1432178 0.58085126
212 -1.571297 3.662451
39 -2.102503 0.66432834
47 -1.4368845 3.241549
59 -3.7783475 -1.8423173
120 -3.326698 -1.465926
285 -1.4695773 3.7299259
109 -3.8849888 -2.1366253
46 -1.4912256 3.9982486
37 -3.6566248 -1.723969
117 -2.1329098 0.5160989
106 -1.505003 3.386708
146 -3.9115899 -2.0338047
254 -3.6078548 -1.7542725
281 -2.1402466 0.6025581
17 -1.5241046 3.665835
56 -1.9229095 0.8810997
68 -1.51575 3.2842612
184 -3.497487 -1.5686834
288 -3.7130687 -1.8727823
145 -3.803873 -1.9292367
264 -3.7240548 -1.9052489
193 -3.5979486 -1.8319938
76 -1.440693 3.660775
108 -2.009436 0.816143
171 -2.0892181 0.674521
183 -2.0675607 0.7445944
197 -1.5076103 3.762761
1 -3.6442285 -1.6916548
215 -1.4508579 3.6217713
60 -2.1032453 0.7212569
138 -1.5143516 3.5213063
228 -2.1597078 0.7017978
244 -2.1835957 0.52747077
240 -2.265649 0.22509558
50 -3.3704948 -1.4791858
57 -2.0137472 0.87576324
208 -3.5611262 -1.7372551
90 -3.421008 -1.5548378
43 -2.1286798 0.59847057
96 -1.4871374 3.7512596
133 -3.4658914 -1.5158416
251 -1.449611 3.6876922
3 -1.5081177 3.7091622
139 -3.5097587 -1.6118804
85 -3.481174 -1.7105428
88 -1.4312056 3.6779182
102 -1.9739733 0.92325705
216 -3.5086937 -1.6391054
268 -1.4858159 3.865645
186 -2.1087682 0.77065897
