30 2
21 3.7258112 4.5078454
13 5.220851 -1.8478266
1 3.7004492 5.0063796
22 3.8151367 1.4742639
7 3.7702632 2.0007699
17 4.0389776 1.1927689
16 3.9205215 1.5780433
19 5.2858124 -2.0023177
10 5.3777976 -1.7859489
4 3.987888 0.8229442
25 6.032059 -2.765635
20 4.0632153 0.48304594
15 3.9801962 1.3541819
8 6.007178 -2.772166
26 3.7046113 2.110833
2 3.9887981 6.208058
29 6.852981 -3.677266
28 5.8549814 -2.645328
6 6.131261 -2.938251
12 3.9933782 6.1852555
14 3.76486 1.9281039
27 3.8436525 5.99742
18 3.904404 1.1072521
3 3.671203 4.270447
5 6.1393943 -3.1376648
0 3.6585658 4.423232
24 3.7325814 4.5709248
11 3.8185532 5.7062645
23 6.5887313 -3.612396
9 3.6901574 4.6805897
