30 2
1 2.8583052 5.634293
21 2.9901724 4.9462676
4 3.7573936 1.5623977
15 3.766481 1.8333563
16 3.6984673 2.0351002
22 3.6257644 2.0852444
17 3.7997608 1.8217714
26 3.3839455 2.5963745
28 6.2100725 -1.8378036
10 5.4948926 -1.0256267
13 5.432282 -0.9947905
19 5.5607347 -1.0502087
7 3.330249 2.5968504
27 2.974889 6.4605093
11 2.9427063 6.281071
8 6.51161 -2.0520403
20 3.929078 1.1841422
2 2.9597547 6.8890357
25 6.374907 -1.8783773
12 3.0097048 6.654242
23 7.0807548 -2.480717
14 3.4415781 2.2852364
6 6.5010858 -1.9267781
0 2.9536192 4.8355684
18 3.702801 1.626984
29 7.2009497 -2.5958471
3 3.0076563 4.529417
5 6.6760993 -2.1803129
24 3.0151823 4.996032
9 3.0651054 5.009787
