30 2
21 3.490381 4.727598
15 3.9043057 1.2363433
7 3.636116 1.9829153
22 3.748807 1.6096419
16 3.8043466 1.672529
6 6.2480197 -2.6751184
4 4.0123158 0.9966896
14 3.7784743 1.9120768
17 3.949224 1.3263661
26 3.6843174 2.052183
25 6.134342 -2.5453427
0 3.452945 4.624214
1 3.3974323 5.171087
8 6.1939783 -2.5954294
20 4.0722036 0.75072837
9 3.4235852 4.7704787
11 3.5041494 6.1249056
13 5.3781133 -1.6003813
23 6.8061247 -3.2244093
19 5.34913 -1.5269125
10 5.3894424 -1.5132204
18 3.8739743 1.2453434
12 3.6435137 6.41922
28 5.913687 -2.278497
29 6.899735 -3.320422
27 3.5505474 6.126637
3 3.5005403 4.3326
24 3.4443922 4.737648
2 3.6564367 6.48076
5 6.3636594 -2.7137444
