30 2
22 3.7092364 1.7780614
1 3.2293398 5.412444
16 3.743908 1.8952538
6 6.378064 -2.3572073
10 5.395044 -1.309835
26 3.5657039 2.3191943
27 3.309738 6.2272425
28 6.052814 -2.136881
4 3.9970455 1.1705457
13 5.4610853 -1.3681822
21 3.248022 4.977096
11 3.222095 5.9900937
19 5.6036572 -1.5048761
2 3.3742673 6.553888
7 3.5363522 2.246164
15 3.9562073 1.4215802
8 6.2267494 -2.216546
14 3.6504958 1.9973301
25 6.1689606 -2.123467
9 3.189255 4.858108
29 7.1040626 -3.072044
24 3.2269537 5.0091944
17 3.9465902 1.3507351
20 4.062483 0.9771
23 6.9355364 -2.9017832
3 3.275199 4.644827
0 3.2282186 4.9225087
18 3.8093827 1.4050583
12 3.3689597 6.5724654
5 6.4715233 -2.5654402
