30 2
2 -2.3644629 5.7543426
29 4.332274 3.6151397
4 -2.376086 5.6062636
7 4.0276337 3.514561
3 1.4245797 3.9830108
10 4.232089 3.6283941
24 1.3610278 4.0355344
25 4.993676 3.5451086
14 -2.6415386 5.800673
6 4.8689904 3.4765227
5 1.5010092 3.952259
0 0.63766485 4.2535067
15 5.5306726 3.650288
11 1.12041 4.1739783
12 5.0381417 3.5798607
20 -1.908041 5.2403364
16 0.6766533 4.3526974
21 2.2375722 3.9311476
1 5.5924864 3.6746
18 -1.6992095 5.1246305
28 -1.9351845 5.226406
8 -1.8398805 5.18955
27 1.6890109 3.9940133
26 5.2677464 3.4324765
23 -2.9050727 5.889658
22 4.109717 3.5531232
9 0.60930324 4.3193617
17 -2.1613712 5.4450817
19 -3.14504 6.1324754
13 2.3233993 3.801052
