300 2
140 -2.1705887 0.5846347
71 -1.9858464 0.9237192
149 -1.9787779 0.8384216
211 -2.057149 0.6917613
237 -1.3028181 3.3962467
185 -3.945368 -1.8318125
189 -1.2959342 3.271617
9 -1.9854779 0.8682671
13 -2.0355988 0.8415271
126 -1.8847827 1.1753402
30 -1.3130994 3.6835854
265 -1.3209457 3.2703388
198 -3.4587986 -1.3500859
178 -3.2277873 -1.1469983
236 -1.340444 3.1374
174 -2.1910117 0.46494204
49 -1.9483871 0.9691295
263 -1.9704472 0.8739656
34 -1.9722625 0.97765994
67 -1.3496499 3.740357
130 -1.3447952 4.1143928
247 -1.2817585 3.4238667
117 -2.062716 0.74937636
203 -3.7253115 -1.4890916
148 -3.888963 -1.7437775
83 -1.9352252 0.9991463
18 -2.0329003 0.79449713
104 -1.9938661 0.86195755
205 -1.3447834 3.5052311
167 -1.3230097 3.3850508
122 -1.2781962 4.1260533
105 -3.138883 -1.0620335
210 -1.2596167 3.863342
288 -3.880412 -1.7212818
32 -3.6775782 -1.481125
248 -3.8939946 -1.5591836
274 -1.9854118 0.9934172
96 -1.379334 3.8723006
101 -2.0268905 0.7872903
128 -1.9253124 0.90062565
134 -1.8691373 1.1535592
3 -1.3262835 3.6096888
85 -3.7115111 -1.6706868
62 -3.7557442 -1.6436397
74 -3.6205406 -1.5037321
158 -1.305556 3.8519325
56 -2.0049899 0.91878957
162 -1.8576027 1.242117
107 -1.9460486 0.92955184
157 -3.4762537 -1.3121794
150 -2.1708434 0.6884837
168 -3.7141442 -1.463986
169 -1.3671727 3.7339077
246 -1.3263713 3.918815
163 -2.1654527 0.637091
40 -3.592322 -1.5000689
272 -1.3713641 2.9978216
22 -1.3404001 3.712434
224 -3.8117628 -1.7147717
63 -2.0363436 0.77012557
68 -1.3261113 3.3679118
234 -1.8318594 1.2281247
108 -1.8876505 1.1237665
121 -2.0404253 0.713503
151 -1.9768687 0.9206989
190 -2.0318916 0.86913997
36 -1.3452795 3.7682023
47 -1.220347 3.7969224
53 -1.2998924 3.8108475
215 -1.2502615 3.4986234
90 -3.4320602 -1.2679443
102 -1.9841472 0.9398184
111 -3.3312993 -1.2534719
144 -1.3614076 4.0595303
115 -1.2603053 4.123591
15 -1.9335921 1.0130554
23 -1.9767873 0.81596446
242 -1.9024895 1.1449867
72 -3.5519807 -1.3956891
229 -1.7816257 1.3590739
201 -1.9975513 0.8113062
77 -1.3440596 3.056743
127 -1.9726769 0.83922017
289 -3.526407 -1.3864837
197 -1.3438526 3.6061993
124 -1.3382106 4.035197
220 -3.4717827 -1.3233879
181 -3.3137827 -1.1686256
160 -3.705786 -1.5286696
225 -1.293424 3.7522945
243 -2.00637 0.81946206
0 -1.1750189 3.8234797
5 -1.831636 1.2594215
12 -1.8568872 1.2435912
146 -3.6759222 -1.5118953
113 -1.8807315 1.0643764
86 -3.6928542 -1.547571
165 -3.7997782 -1.6616409
95 -4.23221 -2.0151076
267 -3.3895373 -1.1988943
161 -2.1401565 0.6439506
231 -1.8402776 1.1515536
175 -2.0367076 0.8125272
264 -3.6860318 -1.545691
176 -1.3633797 3.548888
27 -3.6495068 -1.5176312
98 -3.2889469 -1.2154956
251 -1.3316864 3.615423
253 -2.1146302 0.7156296
196 -1.3310517 3.7991521
235 -1.3285227 3.7733505
28 -3.7823868 -1.67473
184 -3.7557268 -1.6225674
261 -3.4332442 -1.2931602
78 -1.2222799 4.0398345
61 -2.1460984 0.6226863
255 -1.8964503 1.0870752
273 -3.4353697 -1.2685945
75 -3.5644622 -1.3850032
131 -3.4898505 -1.3507991
177 -2.0876498 0.69223326
256 -2.1468399 0.5153074
180 -2.1466923 0.5854126
259 -3.592431 -1.5076575
271 -1.2965744 4.0821977
299 -1.2361608 3.944762
6 -2.0687795 0.69234216
88 -1.284919 3.6541696
233 -2.0035877 0.82032377
11 -2.1122603 0.5583937
213 -2.0821652 0.7008323
29 -3.7227044 -1.5819736
42 -1.3827299 4.0581203
60 -2.0775151 0.77393675
292 -3.7043874 -1.508033
191 -1.3491224 3.9566498
81 -1.2800686 4.004403
164 -3.9395313 -1.8412617
218 -1.9873298 0.8951019
260 -4.0065174 -1.8885946
2 -3.5477295 -1.4790663
219 -3.5415819 -1.4079283
66 -1.301211 3.8163078
33 -1.8204821 1.1731249
232 -3.5719688 -1.4665747
155 -3.9469879 -1.8054858
280 -2.0838091 0.76689136
141 -3.680338 -1.5321449
277 -1.9309855 1.0048544
188 -2.1271522 0.6602352
241 -1.8878962 1.1159838
195 -1.3489811 3.4089816
226 -1.3040389 3.8484087
206 -3.435933 -1.2817158
240 -2.1724558 0.49081355
252 -1.9946706 0.7106219
276 -1.9833483 0.913726
212 -1.3639156 3.7663176
93 -1.3312979 3.6180367
171 -2.0191662 0.87542313
298 -1.9381328 0.8796077
192 -3.7394373 -1.5862631
46 -1.3301752 4.4593577
278 -1.2856098 3.463175
55 -1.9646997 0.8821402
59 -3.5471401 -1.3219404
64 -3.6828868 -1.5258901
239 -1.2730545 3.7076528
194 -1.9900844 0.8430454
69 -1.2639815 3.7697976
99 -1.30758 3.624636
94 -2.0194557 0.815052
279 -2.0098326 0.84691733
183 -2.016956 0.8935643
7 -1.2575567 3.6230242
38 -1.2934601 3.7092264
8 -1.989856 0.82557815
238 -1.3434371 3.5735419
43 -1.9701984 1.0403339
217 -1.2833763 3.9719248
244 -2.1091735 0.69317234
80 -1.2414789 3.8969347
103 -1.3526797 3.7577536
100 -1.2567006 4.0920267
258 -1.9372097 0.8579683
282 -2.0099967 0.80525464
4 -1.3593267 3.8017068
250 -3.7236235 -1.600319
281 -2.1613636 0.56340843
21 -1.3478252 3.5790303
129 -1.9183155 1.0413703
91 -1.8750417 1.258733
39 -2.1663146 0.6666638
70 -1.2836126 4.2516465
283 -1.297527 3.860515
73 -1.8834096 1.0231329
269 -3.2950199 -1.1414895
170 -1.9525603 0.8286789
293 -1.9450389 0.83255947
50 -3.1727643 -1.030385
24 -1.3114443 3.9429202
37 -3.7902741 -1.5821698
182 -3.3026202 -1.1427883
51 -3.358761 -1.2578471
87 -1.9136074 0.9449964
290 -1.3189883 3.792803
136 -3.9932623 -1.7531561
1 -3.5481443 -1.3681943
266 -2.0624354 0.7710333
114 -2.219644 0.43817902
153 -3.5927122 -1.5293411
154 -4.149284 -1.9671371
214 -2.0441048 0.6784129
204 -3.6164756 -1.5576657
45 -1.3598604 3.4793084
57 -2.1892948 0.6546025
227 -1.3961842 3.55576
133 -3.3345685 -1.2075148
287 -3.713844 -1.5372769
199 -2.033026 0.84218836
10 -1.3509371 4.1867075
143 -1.2887611 3.4670796
223 -3.7509592 -1.7150071
52 -2.116598 0.73582125
135 -3.3423874 -1.2638743
119 -1.3464726 3.2481701
84 -1.3289087 3.7944722
97 -2.0763397 0.61508375
112 -3.788533 -1.5373836
116 -1.3598614 3.6800847
179 -1.2703681 3.4271007
208 -3.6013393 -1.5004303
228 -2.0206285 0.91286147
270 -3.6302915 -1.5516638
139 -3.7107859 -1.5003954
16 -3.5810976 -1.4054438
152 -3.639965 -1.5099312
193 -3.4991632 -1.395003
172 -3.5579445 -1.5091969
109 -4.2144585 -1.9714456
118 -1.2716743 3.76564
254 -3.83958 -1.6964157
156 -1.2778392 3.2579722
89 -1.9666834 1.0110525
26 -1.3441654 3.243006
295 -3.376321 -1.2919713
35 -2.0104127 0.8502464
41 -1.2541046 4.42007
230 -1.2402424 3.6907136
202 -4.041197 -1.9077528
58 -3.6358213 -1.5122162
120 -3.4963138 -1.3742133
76 -1.3523105 3.969851
200 -1.2666482 3.8437755
123 -1.31026 3.6243997
125 -1.2907892 3.5506384
291 -1.9174721 0.9939649
31 -1.3253009 3.8315492
257 -1.2795419 4.0228076
110 -3.264554 -1.0047675
44 -3.3060591 -1.1682721
249 -3.929613 -1.6636885
92 -1.2893136 4.1992536
137 -1.2735535 3.406046
221 -3.666459 -1.5291698
222 -3.6166286 -1.4308927
268 -1.3402013 3.7801511
286 -1.3520602 3.8197703
294 -3.9990542 -1.7644644
79 -3.5583742 -1.4006479
82 -3.842572 -1.6938566
297 -1.2464384 4.064576
159 -1.3061888 3.5538387
209 -3.5269215 -1.4008431
17 -1.340915 4.095917
187 -3.5763938 -1.4635698
173 -1.9783243 0.86050785
14 -3.764847 -1.6341531
19 -1.3505675 3.4987504
275 -1.9521368 0.983592
245 -3.356086 -1.2429655
166 -1.2865143 3.7153256
138 -1.306309 3.6717815
147 -2.012771 0.9390698
296 -3.5439978 -1.3988215
216 -3.5708473 -1.4720051
20 -1.3904113 3.5483575
54 -3.8374145 -1.6764874
132 -1.2284933 3.327717
284 -3.649547 -1.4650097
207 -1.3469214 4.020411
106 -1.3503369 3.465324
48 -3.6665416 -1.5300952
145 -3.7830005 -1.7047762
65 -3.5599878 -1.4187263
186 -1.8585944 1.2191503
25 -3.624926 -1.5433251
262 -2.0573382 0.5910566
285 -1.2721282 4.17254
142 -1.3820871 3.6123974
