30 2
10 5.3835087 -1.2259576
16 3.6128414 1.9832841
26 3.478727 2.4005685
1 3.1733744 5.4418054
15 3.8736584 1.5884527
7 3.549701 2.2212362
28 6.0595565 -2.1592329
22 3.6772902 1.8328168
19 5.583056 -1.5485362
12 3.4299676 6.4534383
21 3.2473006 4.9273133
25 6.230663 -2.2555768
8 6.141692 -2.233887
14 3.575498 2.1513746
23 6.956026 -2.9668763
17 3.9183054 1.3333284
20 4.0033355 1.0624847
4 3.9893782 1.1257126
13 5.52251 -1.4068626
27 3.2588744 6.223802
18 3.7928908 1.4128475
6 6.378967 -2.3836725
24 3.3564422 4.8072987
0 3.216028 4.825484
2 3.440952 6.589192
11 3.3191297 6.0339937
3 3.2820697 4.6668305
5 6.459818 -2.5027404
9 3.256257 4.7807302
29 7.129081 -3.1321492
