30 2
1 3.463477 5.137266
22 3.6935155 1.6109385
16 3.8452408 1.8240225
21 3.5294845 4.54893
8 6.053569 -2.5866396
10 5.2767005 -1.4955215
15 3.9974244 1.2123711
26 3.6844008 2.3112109
11 3.642546 5.808977
18 3.891739 1.2449151
25 6.0814767 -2.6493254
0 3.4744322 4.555371
4 4.0243206 0.9817332
12 3.7532854 6.375517
19 5.3751893 -1.6437201
23 6.646121 -3.1884205
14 3.6991875 2.0599906
17 4.007628 1.3000914
7 3.697711 2.1361842
28 5.915002 -2.5694442
6 6.209408 -2.8810096
29 6.7310796 -3.3456025
3 3.52808 4.299638
5 6.3975177 -2.894967
13 5.4134965 -1.8181111
27 3.5464747 5.992309
20 4.060047 0.769682
24 3.5784597 4.691048
9 3.5597992 4.578915
2 3.757552 6.373292
