30 2
7 4.252931 3.0780222
5 2.0040183 3.7512462
21 2.7671003 3.649405
20 -1.0939381 5.403485
29 4.848459 3.0718489
3 1.7485613 3.8786714
15 5.997534 2.8613305
12 5.41826 2.9282138
1 5.854977 2.9014695
0 1.1687245 4.071624
24 2.0275528 3.941002
18 -0.87158316 5.113928
16 1.3517611 4.2065134
4 -1.737145 5.7896028
22 4.4537506 2.9936154
2 -1.5647845 5.9222503
14 -2.0269585 6.1612678
28 -1.3411059 5.4572506
6 5.2752233 2.812829
25 5.6035013 2.9204297
8 -1.0574406 5.312266
17 -1.4599699 5.7323647
11 1.3783987 4.025684
23 -2.3307185 6.408842
10 4.600476 3.1064484
13 2.7009714 3.5894055
26 5.397142 2.8660083
19 -2.2430637 6.3746123
9 1.3738317 4.2424273
27 2.28203 3.6354074
