30 2
16 3.741704 1.8643773
10 5.3881893 -1.2159559
21 3.2412627 5.0151277
25 6.246223 -2.0663705
22 3.706855 1.7530547
8 6.0765924 -2.0970669
6 6.2757187 -2.385618
17 3.9123838 1.3622231
20 4.0907283 0.7843318
1 3.177373 5.4768777
15 3.932693 1.3799869
11 3.2465937 5.906051
13 5.407659 -1.4151242
28 6.05219 -1.9520816
18 3.862371 1.3403075
12 3.381456 6.5658
23 6.9732246 -2.976124
0 3.1799655 4.888792
3 3.2416866 4.6098213
7 3.5219576 2.310618
26 3.5531945 2.2256036
19 5.557689 -1.5443085
2 3.3423872 6.619369
14 3.7508726 1.9342326
4 3.9400036 1.1753174
27 3.2442968 6.2794476
9 3.254771 4.836547
29 7.0626836 -2.9593906
5 6.52241 -2.5123632
24 3.1773474 5.032452
