30 2
7 4.3842106 3.09579
29 4.759554 3.1309407
2 -1.7834632 5.8426547
20 -1.2085986 5.3275967
5 1.9410024 3.7288208
0 0.98763037 4.119417
3 1.5923225 3.9273467
1 5.7415504 3.062667
14 -2.1884112 6.177478
17 -1.5448575 5.616192
18 -1.0622876 5.0931754
10 4.568988 3.1373935
8 -1.2362647 5.3843613
6 5.2728004 2.9594471
22 4.414629 3.0804696
4 -1.8468305 5.83931
26 5.431755 2.950494
11 1.3456995 4.079834
23 -2.2686877 6.3002524
21 2.6429377 3.6168382
24 1.9293134 3.8661554
12 5.443256 3.074084
9 1.1470506 4.16999
25 5.392186 3.0745761
28 -1.3971641 5.4953723
27 2.0802965 3.7107465
16 1.2819346 4.1558657
15 5.9258237 3.0310524
13 2.5501304 3.5792677
19 -2.4116445 6.413162
