30 2
16 3.9251382 1.560489
22 3.8985205 1.3763436
21 3.745852 4.580053
8 6.0342793 -2.8885338
1 3.7692993 5.075454
10 5.217745 -1.80879
15 4.0441823 1.1247734
4 4.008599 0.8583775
6 6.030444 -3.1397169
13 5.164715 -1.863391
17 4.0721726 1.0024384
23 6.5501494 -3.6719677
20 4.1086187 0.54358673
7 3.746867 1.9409249
25 6.047126 -2.8577473
12 4.0227246 6.20066
11 3.9800262 5.731085
14 3.8396199 1.7575762
24 3.7031822 4.4879317
28 5.834273 -2.7766366
3 3.735319 4.220884
19 5.414102 -1.9512302
18 3.901977 1.0083294
26 3.703428 2.0424058
0 3.651338 4.416251
2 4.00565 6.219895
5 6.1273694 -3.0260792
29 6.737871 -3.6592064
27 3.9157403 5.8411217
9 3.7268221 4.598315
