30 2
7 3.631861 3.8253033
3 0.9512921 4.191664
29 3.9064884 4.0565014
5 1.11971 4.0691404
14 -3.0393524 5.481004
25 4.8730745 4.0375
21 1.8356295 4.083246
0 0.14249504 4.266712
19 -3.4707026 5.6300135
2 -2.8359768 5.492334
11 0.7670568 4.1351805
1 5.1736627 4.0473003
20 -2.1551425 5.0624657
28 -2.4545274 5.121261
6 4.7789063 3.9334433
8 -2.332988 4.9296646
4 -2.9006326 5.3648033
15 5.0370903 4.0150795
24 1.1835369 4.2097783
26 4.920158 3.8919172
12 4.715525 3.9996545
17 -2.667633 5.3724895
27 1.2783648 4.1929984
18 -1.9531294 4.908306
23 -3.4169192 5.688009
22 3.676617 3.8697426
10 3.9483612 3.9985344
9 0.47256938 4.2985234
13 2.1530883 4.0726886
16 0.2541759 4.438322
