30 2
21 3.218202 5.0305877
22 3.6206195 1.7280705
14 3.6708565 2.0788667
16 3.6978416 1.870037
1 3.1003141 5.455657
4 3.8352652 1.2781835
20 3.9783113 0.98406816
28 5.9741583 -1.9958198
19 5.5690155 -1.3154129
26 3.465453 2.4852436
15 3.8433957 1.5757117
7 3.432274 2.4327476
25 6.219707 -2.1352491
8 6.156162 -2.0741093
24 3.2120779 4.916432
23 7.041148 -2.8881273
10 5.436449 -1.0684434
17 3.9140666 1.5289533
29 7.0012236 -3.0245
13 5.4509034 -1.2341213
6 6.415504 -2.4122639
3 3.193678 4.484484
0 3.161907 4.6211834
2 3.4109454 6.809297
27 3.26375 6.2350607
12 3.2674499 6.5435433
11 3.1657004 5.990436
18 3.7661972 1.4619267
5 6.4331884 -2.3890533
9 3.2387948 4.7694716
