300 2
83 -2.0048819 0.86920524
276 -2.0531673 0.6279673
7 -1.4005806 3.350183
20 -1.4374753 3.2440119
232 -3.60965 -1.6644685
244 -2.1188638 0.50057507
2 -3.3936841 -1.5309237
151 -2.0144663 0.8219502
274 -2.0370326 0.67340535
231 -1.9545431 0.93107104
144 -1.4571445 3.6016185
205 -1.4460315 3.1569552
115 -1.4847422 3.9301805
77 -1.503567 3.083462
236 -1.4473159 3.2200508
219 -3.5510578 -1.6755041
76 -1.4971963 4.0085893
106 -1.502157 3.5046988
97 -2.0128832 0.7444886
225 -1.4962168 3.7461216
12 -1.9788396 0.9362318
23 -2.053141 0.7643521
297 -1.5156802 3.835764
22 -1.5012236 3.650641
190 -2.0040545 0.8122803
133 -3.313486 -1.4636618
124 -1.4451032 4.171428
11 -2.0777159 0.54389626
127 -2.1318502 0.46156237
242 -2.0718093 0.7284929
8 -2.1341386 0.58999044
15 -1.9767498 0.86029476
136 -3.713094 -1.8335032
153 -3.5887327 -1.7332908
159 -1.4604127 3.8187368
170 -2.0097098 0.78804135
10 -1.4794191 3.8831456
13 -2.0161812 0.7716453
131 -3.257944 -1.3532068
157 -3.4940226 -1.5551947
53 -1.4586822 3.7964284
82 -3.3889945 -1.5069201
87 -2.061068 0.76791394
105 -3.2622807 -1.333776
45 -1.4585025 3.4290426
243 -1.9723027 0.98782444
55 -2.1653776 0.5461921
129 -1.9869502 0.8725397
166 -1.5329052 3.6424785
156 -1.4716073 3.2744625
9 -2.100965 0.7225108
147 -2.0543954 0.77666944
254 -3.6135936 -1.7916851
203 -3.542581 -1.7023216
63 -2.1359336 0.51779604
142 -1.51735 4.0528955
84 -1.4900161 3.3696733
280 -2.1227784 0.54163533
213 -2.0082679 0.8637292
3 -1.5473762 3.7255356
31 -1.5271012 3.5706515
247 -1.5073462 3.5710628
56 -1.9577384 1.010773
108 -1.9531816 1.0087857
117 -2.043467 0.66711754
130 -1.4851577 4.0243998
198 -3.2296844 -1.3730997
169 -1.4994168 3.7612703
241 -2.1216538 0.663567
257 -1.5821887 3.9153795
18 -2.02239 0.72114456
91 -1.8798198 1.2793238
27 -3.6106536 -1.7262824
292 -3.517295 -1.646878
29 -3.5815563 -1.697421
275 -2.0987628 0.71107864
252 -2.1817775 0.526157
46 -1.5384861 4.2598486
114 -2.111128 0.50423616
194 -2.057139 0.68856245
65 -3.67985 -1.823466
78 -1.4861579 3.6882591
116 -1.4927808 3.5061278
134 -1.8808885 1.0064969
186 -2.0132768 0.749811
282 -2.1230145 0.5984739
197 -1.4921168 3.9096751
262 -2.1182775 0.5323883
161 -2.013468 0.89069676
36 -1.4925944 4.102402
93 -1.5247029 3.7528074
62 -3.4022622 -1.5118973
98 -3.554732 -1.6551832
176 -1.4491621 3.4253068
238 -1.470814 3.7675674
140 -2.1783576 0.35152662
79 -3.2995331 -1.4366945
28 -3.4952364 -1.6502687
42 -1.4782748 4.022558
210 -1.4526528 3.5162694
285 -1.5433985 4.0509963
70 -1.5333736 3.8577309
259 -3.378498 -1.4887793
100 -1.5157824 3.9304755
208 -3.4677582 -1.5923058
296 -3.622536 -1.7338738
268 -1.4812952 3.9701784
233 -2.1227553 0.60731816
199 -2.095443 0.76971966
175 -2.065644 0.71060663
260 -4.0521336 -2.2544618
289 -3.6299233 -1.7968949
187 -3.709135 -1.7787714
126 -2.0255864 0.80993056
204 -3.4269936 -1.5988086
138 -1.4945531 3.5972185
154 -3.742793 -1.8229477
224 -3.9946747 -2.116561
6 -2.0991201 0.5957362
94 -1.978336 0.9668474
17 -1.4883429 4.146891
291 -1.942952 0.90174377
173 -2.0910604 0.7963769
212 -1.462673 3.720667
272 -1.4422609 3.276849
165 -3.5101418 -1.6832249
273 -3.6659203 -1.8145014
266 -2.0443418 0.78064066
155 -3.7407413 -1.8483243
267 -3.3774548 -1.6090734
69 -1.5054862 3.6728544
271 -1.4814513 4.17763
41 -1.4787354 3.750087
71 -2.016162 0.82596755
61 -2.087267 0.5918584
16 -3.4357243 -1.5238072
35 -2.1007779 0.5060912
33 -1.8901207 1.0758066
37 -3.5134504 -1.6176033
50 -3.1131706 -1.2452102
288 -3.6552172 -1.8012347
58 -3.6989946 -1.8610873
177 -2.0698843 0.77809423
230 -1.4575688 3.4207764
255 -1.9859469 0.98370296
278 -1.3946965 3.3665898
101 -2.0734658 0.68481135
103 -1.5006042 3.887115
222 -3.7715533 -1.8772022
192 -3.4970517 -1.5586648
149 -1.9536253 1.0002823
182 -3.6437383 -1.737695
118 -1.5670228 4.1661377
19 -1.4866121 3.3576229
25 -3.7963119 -1.8978904
75 -3.4114788 -1.5374843
86 -3.3352907 -1.4429796
47 -1.4719201 3.235896
54 -3.8400078 -1.9398745
287 -3.7995453 -1.9069072
299 -1.4304029 3.3138509
73 -2.0827296 0.7134988
80 -1.4715055 3.439989
234 -2.0183277 0.78096056
137 -1.5063066 3.58194
245 -3.659976 -1.8177
258 -1.9901589 0.78537655
99 -1.5140032 3.8295774
4 -1.471982 3.564043
5 -1.9360867 1.0737703
189 -1.4157306 3.091094
128 -2.0603497 0.7354401
96 -1.5347897 3.712805
180 -2.136392 0.59819186
216 -3.917335 -1.9302667
102 -2.0723379 0.7846478
235 -1.5012711 3.9254034
109 -3.748524 -1.8669124
229 -1.9042822 1.1722281
181 -3.5795546 -1.6428977
206 -3.4678822 -1.5289394
293 -2.0246592 0.7129774
286 -1.4980305 3.8042755
43 -2.0495288 0.7850372
60 -2.1053493 0.716734
158 -1.5193065 3.737978
57 -2.112493 0.6787794
223 -4.0380187 -2.0000548
88 -1.4924074 3.574989
253 -2.1211734 0.5303095
214 -2.0515826 0.75977653
89 -1.9476655 0.89779246
90 -3.2656505 -1.3300338
237 -1.5378138 3.4309459
104 -2.1187394 0.59744304
107 -2.0274525 0.7226401
277 -1.9874945 0.7397009
201 -1.9708692 0.8778907
209 -3.3965676 -1.5322137
239 -1.4261659 3.2685676
49 -2.043407 0.83587074
26 -1.4992545 3.1389241
184 -3.865585 -2.0038042
132 -1.485271 3.5644338
171 -2.079228 0.73145676
167 -1.5134184 3.4748535
113 -2.1446428 0.6240556
263 -1.9801619 0.8525288
284 -3.4981353 -1.5464591
211 -2.0763583 0.5260779
164 -3.7738342 -1.8581079
143 -1.5541997 3.5234897
32 -3.4793847 -1.6414593
195 -1.5230154 3.4278297
51 -3.396896 -1.5558114
66 -1.4288232 4.0537963
215 -1.4896861 3.6805325
120 -3.422643 -1.4824601
139 -3.874341 -2.019345
246 -1.423203 3.755186
174 -2.0362222 0.64260244
188 -2.1245906 0.5393001
218 -2.0535247 0.793996
251 -1.547289 3.4756331
150 -2.2238834 0.35839307
40 -3.644036 -1.7766147
141 -3.4870353 -1.6880908
67 -1.495083 3.6850517
179 -1.4800028 3.8227577
122 -1.5149441 3.9670258
221 -3.5517333 -1.6344213
123 -1.5530069 3.947124
228 -1.9610671 0.9345023
152 -3.671422 -1.8502911
193 -3.574599 -1.7201515
196 -1.420047 3.772294
294 -3.5285892 -1.6993653
39 -2.0653646 0.75123245
112 -3.6899793 -1.8384819
48 -3.7559953 -1.8441819
68 -1.4642022 3.4735754
183 -2.015371 0.8404805
111 -3.2597024 -1.3406308
85 -3.5594497 -1.680367
248 -3.6735737 -1.7723815
34 -1.9995347 0.90246075
21 -1.4255701 3.5065382
38 -1.5107179 3.741489
207 -1.5065414 3.9256792
264 -3.6040928 -1.7069563
163 -2.2167566 0.49105588
95 -3.974012 -2.182699
160 -3.5298007 -1.5989058
191 -1.5319667 3.802459
249 -4.25713 -2.2128057
200 -1.525973 3.7105975
220 -3.7343814 -1.9101686
74 -3.5958564 -1.6844473
52 -2.0060983 0.84466726
64 -3.63124 -1.7516669
290 -1.4688574 3.6419137
295 -3.3290389 -1.4339721
298 -2.0608587 0.7656135
81 -1.4612659 3.7972763
178 -3.0777035 -1.2535137
256 -2.0624328 0.5646137
72 -3.2453296 -1.4193662
162 -2.0304606 0.82606053
269 -2.9503808 -1.066562
240 -2.1886954 0.37680084
121 -2.0787964 0.6033112
172 -3.5129666 -1.591372
14 -3.6248648 -1.7341146
148 -3.740429 -1.7665932
44 -3.2413223 -1.2797954
59 -3.7578065 -1.7979947
92 -1.5120585 4.0269012
227 -1.4730287 3.6498325
146 -3.5228457 -1.5879533
168 -3.6424189 -1.765489
217 -1.507522 3.6781445
0 -1.5425045 3.8296988
1 -3.6126192 -1.7388172
202 -3.8389065 -2.053526
270 -3.4275498 -1.5674955
145 -3.512497 -1.7429659
279 -2.0829103 0.7358446
283 -1.445612 3.4840927
250 -3.7735305 -1.8814714
265 -1.4526513 3.4912965
119 -1.4525532 3.462135
185 -3.6277251 -1.776735
281 -2.093239 0.5463452
110 -3.3627825 -1.4713627
261 -3.4489448 -1.5238032
125 -1.5038626 3.4629128
135 -3.0521226 -1.1775342
30 -1.4884188 3.5471277
226 -1.4800344 3.4838665
24 -1.4953694 3.3467126
