30 2
29 4.867979 3.2201464
7 4.2341175 3.1656346
2 -1.7989267 5.879545
25 5.3597875 3.053363
14 -2.1047983 6.018716
5 1.7985406 3.8003852
20 -1.2261277 5.381269
18 -1.0990885 5.148988
0 0.9840624 4.177624
6 5.293614 2.9564397
24 1.8772433 3.9368446
22 4.3210607 3.210078
10 4.4207516 3.2617652
12 5.356979 3.080522
23 -2.390158 6.3247547
17 -1.5432467 5.597269
4 -1.94697 5.802842
3 1.6269575 3.9555204
11 1.3831742 4.062039
16 1.2760606 4.195816
1 5.7049637 3.0389202
26 5.4162936 2.9264483
21 2.665361 3.668232
27 2.1607683 3.7532833
15 5.954701 3.0855856
8 -1.2051986 5.2372875
28 -1.5754378 5.4444222
13 2.510781 3.611264
9 1.0744909 4.174575
19 -2.5074937 6.4177804
