30 2
22 3.9058833 1.2602329
21 3.738476 4.7155914
10 5.3487096 -1.8811423
16 3.849476 1.5753744
1 3.6782472 5.1196
8 5.9996457 -2.7671564
7 3.8068564 1.9387167
26 3.671652 2.188362
17 4.0584784 1.0930865
20 4.0721855 0.48055786
3 3.718108 4.2981124
0 3.6479602 4.4097238
13 5.17054 -1.7785709
14 3.7727933 1.9439809
19 5.281944 -1.9511404
5 6.093237 -3.095529
25 5.994948 -2.8371093
15 3.9509392 1.2995564
4 3.9465234 0.9187725
9 3.6826248 4.4895735
11 3.9053438 5.6637874
23 6.5785303 -3.5545108
28 5.8487425 -2.5883732
6 6.002095 -2.9784355
24 3.732084 4.5156765
12 3.9407578 6.186055
2 4.0986843 6.145324
27 3.8773649 5.880153
29 6.8465176 -3.8054059
18 3.8130405 1.0769808
