30 2
7 4.2689896 3.2614684
29 4.7061377 3.39126
0 0.6606187 4.2561297
5 1.4458311 3.8689804
6 5.0734987 3.1907496
1 5.6901836 3.2836943
11 1.098665 4.0680094
24 1.580868 3.9872785
16 0.99044156 4.2914076
4 -2.171835 5.821595
26 5.1865034 3.2482364
14 -2.408166 5.9266653
2 -1.928219 5.805151
12 5.111484 3.29161
20 -1.3513685 5.216482
10 4.394548 3.5027442
22 4.5151906 3.2191725
3 1.5277047 4.014187
18 -1.1776305 5.1211457
25 5.474305 3.2603018
28 -1.4904221 5.367727
9 0.83279234 4.2720523
17 -1.811632 5.552105
23 -2.6761718 6.1054254
21 2.3376882 3.82746
15 6.0091586 3.3472767
19 -2.6646261 6.231308
8 -1.5317645 5.2614093
13 2.322299 3.74104
27 1.9159828 3.8501427
