30 2
14 3.8127553 1.8333914
16 3.8822725 1.6289133
19 5.3167667 -1.9333203
7 3.7959692 1.8727537
1 3.780731 5.0662217
21 3.7103024 4.5255795
10 5.2670884 -1.8986185
26 3.6828117 2.1117785
4 4.0010824 0.80136585
22 3.938718 1.3964413
15 4.0087857 1.1230164
28 5.83727 -2.699169
8 5.997509 -2.8630385
23 6.547909 -3.629077
13 5.2170677 -1.8062938
27 3.8590162 5.956926
12 3.8931825 6.2787523
25 6.042369 -2.9614081
6 6.0092053 -3.1036794
17 4.1072006 1.0102869
0 3.7076895 4.4079766
11 3.8953004 5.672404
3 3.7900794 4.303763
29 6.7986736 -3.6881118
20 4.090764 0.54113805
18 3.9239593 1.0999732
2 4.063025 6.1627383
5 6.0910316 -2.9905148
24 3.6857116 4.52407
9 3.746639 4.478085
