30 2
19 5.453655 -1.5118217
10 5.3167953 -1.3710585
21 3.304485 4.7740564
1 3.3040955 5.3921504
4 3.9981859 1.0783623
7 3.5508842 2.2962325
8 6.114857 -2.2161174
28 6.024997 -2.2999861
22 3.779777 1.6060328
25 6.1500216 -2.2792528
20 4.030854 0.9676874
17 3.9677434 1.43163
15 3.9388654 1.510331
3 3.328098 4.590905
16 3.7459733 1.8765993
6 6.386842 -2.5876439
23 6.957409 -3.1074922
13 5.543795 -1.5555023
14 3.732496 2.1213937
26 3.5066655 2.3775914
18 3.8016136 1.3712847
0 3.282513 4.5907445
5 6.4555373 -2.570395
24 3.3027298 4.849501
29 7.0075655 -3.0976372
27 3.3699603 6.189853
2 3.4318511 6.5967593
12 3.4390469 6.53773
11 3.4160814 5.9590106
9 3.2968202 4.9838233
