30 2
13 5.283124 -2.0885792
14 3.8689184 1.6413152
21 3.927748 4.420484
1 3.8658187 4.814138
20 4.0105653 0.40809983
15 3.996884 1.0923157
16 3.9467738 1.3571714
17 4.037689 1.1174266
26 3.7949362 1.7808425
8 5.946755 -3.0499651
11 4.1108007 5.416123
10 5.2155266 -1.9713783
19 5.234573 -2.0825305
25 5.998934 -3.102805
23 6.448517 -3.7322788
0 3.7792463 4.2321115
7 3.7188935 1.7586437
28 5.704768 -2.9028842
22 3.8662279 1.3633406
5 6.107725 -3.27198
3 3.7674532 3.9681768
4 4.0165114 0.7289395
27 4.062074 5.755967
29 6.5142856 -3.838479
2 4.1525497 6.055659
12 4.156026 6.137288
24 3.7776852 4.4052944
6 5.9676113 -3.0334942
18 3.8809512 1.1319546
9 3.8425734 4.569658
