30 2
1 3.685467 5.1057215
22 3.7825081 1.6975201
10 5.3660774 -1.8244752
17 4.032014 1.3625983
21 3.721324 4.405349
7 3.7459698 2.0814967
16 3.8758907 1.6777089
6 6.094078 -2.9171143
4 4.026592 0.9073139
11 3.761122 5.663555
19 5.417928 -2.052126
0 3.6386452 4.4099035
14 3.7640028 2.00498
15 4.0344563 1.4170035
20 4.128996 0.49583277
13 5.2209616 -1.8870214
8 5.9290595 -2.664289
26 3.7440763 2.1677415
27 3.8530939 6.0113583
2 3.8281722 6.2780175
28 5.9349947 -2.707431
23 6.637816 -3.5296185
9 3.7243755 4.54224
29 6.875207 -3.6840384
12 3.827267 6.1920996
18 3.8739924 1.253247
25 6.061519 -2.731836
3 3.5874789 4.285056
5 6.2146044 -3.0808775
24 3.6370237 4.64494
