30 2
3 1.849894 3.8665924
2 -1.5100263 5.799929
20 -0.96183014 5.29952
14 -1.9271783 6.1847777
0 1.1692864 4.106991
7 4.355568 2.9836717
24 1.9154912 3.7934895
18 -0.8175386 5.119863
29 4.79995 3.029728
1 5.8708806 2.8113158
17 -1.428518 5.80077
26 5.5388565 2.8003435
4 -1.6242964 5.8422856
6 5.3656535 2.7933292
5 2.160439 3.6054463
23 -2.2088547 6.4530888
22 4.4778657 2.9700196
8 -1.1502427 5.421604
15 6.0955334 2.7693865
9 1.3283254 4.1189184
21 2.7509992 3.624379
16 1.3824632 4.1314316
13 2.800069 3.5732386
25 5.637075 2.7932699
12 5.4911065 2.8995068
27 2.2903748 3.7188964
11 1.4113873 4.015488
28 -1.2056158 5.507895
19 -2.122168 6.3880353
10 4.5318656 2.9940338
