300 2
282 -2.112157 0.6571262
8 -2.0657554 0.6992721
37 -3.4970653 -1.4923431
138 -1.3963536 3.7350464
22 -1.3627422 3.7552383
211 -2.0032234 0.7078279
16 -3.7676382 -1.7381877
106 -1.3511455 3.5528624
221 -3.6849039 -1.6383523
122 -1.3995403 4.192439
65 -3.4796867 -1.3678188
63 -2.0521379 0.6878349
205 -1.33557 3.5760193
246 -1.3351707 3.3108146
258 -2.0743446 0.6211418
5 -1.8810208 1.3025857
267 -3.7327018 -1.5813687
89 -1.8614404 1.1676921
265 -1.4332803 3.7580066
108 -1.9177806 1.0095209
292 -3.473802 -1.3251355
35 -2.0823548 0.68141955
14 -3.5889075 -1.5610883
170 -1.9918416 0.794785
134 -1.9938926 0.8569009
66 -1.404321 4.042487
87 -2.043347 0.81501335
198 -3.0575323 -1.0896825
147 -2.0277514 0.8989406
236 -1.3720278 3.0857463
6 -2.1380365 0.5900091
204 -3.511422 -1.4125186
21 -1.3297378 3.8262146
45 -1.3910097 3.2298486
233 -2.1229236 0.6206358
97 -1.9909506 0.8124889
287 -3.7513037 -1.5721279
272 -1.3828658 3.1745858
12 -2.0237885 0.90945125
46 -1.3315642 4.3131895
262 -2.0063007 0.78140914
58 -3.8574104 -1.820504
153 -3.3033369 -1.2759703
271 -1.3582153 3.9257586
276 -1.9471087 0.8225268
167 -1.3510604 3.6520207
162 -1.9588209 1.0327992
216 -3.7032654 -1.6454968
136 -4.046114 -1.9384153
201 -1.9549987 0.9205162
197 -1.408728 3.777231
289 -3.8836412 -1.8728001
139 -3.9410913 -1.8633962
268 -1.4142879 4.2179713
27 -3.4302843 -1.4147843
29 -3.5871255 -1.5419289
60 -2.0699484 0.8016824
69 -1.3899107 3.494604
208 -3.7613277 -1.6498702
111 -3.5100105 -1.506995
196 -1.3370615 3.9933658
15 -1.9791472 0.8564656
260 -4.067393 -1.9760892
291 -1.9918526 0.9769813
277 -1.7621168 1.3107127
229 -1.859086 1.2438835
144 -1.3549994 3.8237545
0 -1.3693494 3.6605792
184 -3.6835136 -1.5926989
213 -2.032221 0.7997406
240 -2.217066 0.44676223
52 -2.063783 0.7814433
86 -3.267904 -1.2428571
107 -2.0130777 0.8572571
247 -1.3482581 3.2642152
253 -1.9846977 0.8628261
209 -3.4626563 -1.4197413
146 -3.8388906 -1.7620386
158 -1.3879105 3.7285442
100 -1.4231825 3.995135
33 -1.9740622 0.8184851
43 -1.92275 0.94937855
61 -2.0909832 0.7187828
71 -1.9515464 0.9263688
114 -2.029018 0.7410495
148 -3.7760098 -1.7144943
81 -1.3262956 3.6964538
62 -3.5225165 -1.5434442
231 -1.8394494 1.1864004
133 -3.5435443 -1.4866846
124 -1.40069 3.7328537
83 -2.0478652 0.7875578
222 -3.632283 -1.5150347
255 -1.9173063 1.0711687
129 -1.9474133 0.9194378
269 -3.5009828 -1.4622281
173 -1.9647146 0.90725744
149 -1.9487008 1.0114695
194 -2.0457652 0.7266547
237 -1.3392212 3.4567273
238 -1.3367472 3.9461336
32 -3.4477541 -1.4727982
57 -2.1639411 0.5716407
55 -2.017337 0.7496582
56 -2.0053258 0.8430049
244 -2.0365195 0.7775242
279 -2.014179 0.8074596
101 -1.9691452 0.8491929
152 -3.6466234 -1.5961056
193 -3.6985767 -1.5732758
163 -2.0925841 0.72930086
18 -1.901114 1.0119256
206 -3.5956266 -1.5283227
34 -1.8309256 1.2487975
242 -2.066469 0.8161203
181 -3.3470013 -1.324692
53 -1.3321755 3.261697
54 -3.9291353 -1.899405
188 -2.06945 0.7384283
67 -1.3549618 3.686766
78 -1.3599498 3.62491
175 -1.9242983 0.99779433
121 -1.9855248 0.9543674
232 -3.7695909 -1.6881176
169 -1.3426731 3.6960716
192 -3.484044 -1.4169159
234 -1.9507096 0.98977727
275 -2.09354 0.70112354
90 -3.436788 -1.3847343
93 -1.4042166 3.4752464
76 -1.4427208 3.690739
94 -1.9949883 0.80206597
151 -2.1264112 0.60293984
203 -4.0567894 -1.9746282
174 -2.0384247 0.7324377
245 -3.4595134 -1.3934755
252 -2.0542026 0.74014676
284 -3.6654334 -1.5410945
263 -2.0579684 0.5720806
75 -3.2742004 -1.3202001
298 -1.8918482 1.1256987
25 -3.7341008 -1.6649388
36 -1.4369397 3.6848097
142 -1.3524661 3.9741929
49 -2.0111878 0.8855793
115 -1.3961693 4.1283226
195 -1.3880681 3.244237
210 -1.3646392 3.669939
161 -1.976362 0.9585554
157 -3.5703008 -1.5523206
165 -3.704217 -1.5749086
217 -1.3977277 3.8374207
179 -1.3675582 3.7197137
10 -1.3859777 3.6035926
1 -3.8554633 -1.8684291
293 -2.0656092 0.8202949
283 -1.4426216 4.0480266
23 -2.0570605 0.7575634
47 -1.3445414 3.2777932
191 -1.3469658 4.1544776
218 -1.9524336 1.0181586
178 -3.0449557 -1.1820441
190 -1.9071896 1.0389981
288 -3.786025 -1.6498148
273 -3.4258301 -1.368183
220 -3.7826896 -1.6952748
290 -1.4117056 3.347445
98 -3.224224 -1.2020966
123 -1.3562633 3.7106783
131 -3.406153 -1.3020657
168 -3.8552687 -1.8033859
224 -4.0067716 -1.9776597
256 -2.1274018 0.64508635
2 -3.509668 -1.455357
7 -1.4000895 3.4077628
264 -3.6176999 -1.6138115
13 -2.0510354 0.84415007
141 -3.6221673 -1.527713
274 -2.030643 0.8845243
41 -1.3480663 3.6173792
270 -3.2807155 -1.3042117
187 -3.6626196 -1.6002868
104 -1.9878874 0.9402157
214 -1.9750446 0.9698498
180 -2.1533942 0.5981054
126 -1.9060962 1.0082138
166 -1.4177203 3.4828615
199 -1.985249 0.9685506
185 -3.7061756 -1.6438605
223 -3.8991766 -1.8006626
243 -1.9092813 1.0569413
294 -3.6374502 -1.6178986
19 -1.4645092 3.5861776
156 -1.4269925 3.5530443
248 -3.9192867 -1.7900813
73 -1.9634483 1.0224153
82 -3.37573 -1.3269285
91 -2.0011492 1.0121204
120 -3.5552964 -1.5118383
132 -1.3743181 3.5193324
140 -2.0815458 0.6939457
296 -3.692079 -1.569812
295 -3.4419017 -1.3418306
280 -2.0777924 0.75170773
251 -1.3361614 3.6564221
11 -2.1246705 0.5717524
127 -1.9829708 0.87319916
109 -3.9400885 -1.8567959
50 -3.0275342 -0.91476756
297 -1.3605622 3.5154371
72 -3.2325518 -1.1634101
219 -3.6135824 -1.5416443
96 -1.3825223 3.794703
266 -2.067037 0.7788567
286 -1.3364394 3.6362946
137 -1.3771844 3.4653156
130 -1.3934064 3.8767385
103 -1.3350033 3.9571326
145 -3.7473383 -1.6819527
164 -3.6586876 -1.616584
177 -1.9532697 1.0401828
186 -1.9613141 0.98047566
230 -1.4004716 3.1280954
4 -1.2968907 3.5178256
128 -2.0183268 0.8642587
28 -3.5480535 -1.40536
30 -1.3877822 3.9244587
70 -1.3526871 3.8890305
183 -1.9335792 0.9680921
85 -3.7516541 -1.6785351
88 -1.3641622 3.7382247
99 -1.4014114 3.6214516
117 -1.9927707 0.84770936
143 -1.3527642 3.2078273
241 -1.8881775 1.08913
172 -3.726333 -1.7098734
176 -1.3495713 3.5083487
226 -1.3509749 3.9955037
235 -1.4229512 3.7724345
17 -1.4294769 4.2255607
26 -1.3683617 3.679045
118 -1.3924867 3.8891847
51 -3.5123422 -1.4119
182 -3.3936832 -1.3797837
95 -4.039876 -1.8931428
207 -1.3450301 4.065188
112 -3.568946 -1.5202417
259 -3.4525015 -1.3763385
150 -2.168576 0.54221797
159 -1.3026592 3.6167018
3 -1.4507189 3.870922
200 -1.4014962 3.8109636
24 -1.3900793 3.4635794
31 -1.38517 3.934353
249 -3.9288473 -1.8640424
40 -3.4825518 -1.4000051
154 -4.050259 -1.8885245
155 -3.8476422 -1.7479049
278 -1.3681988 3.471112
105 -3.0278919 -0.91114515
212 -1.3988636 3.6918185
254 -3.6985893 -1.5870302
9 -2.0283341 0.8709389
285 -1.4020119 3.711885
119 -1.41097 3.4488237
59 -3.6378303 -1.5615627
20 -1.364362 3.4809513
64 -3.579245 -1.458547
113 -2.0800176 0.6360708
77 -1.4308482 2.8408513
102 -2.1175597 0.5607403
110 -3.2573514 -1.179091
281 -2.1242046 0.70040166
42 -1.4350672 4.024253
215 -1.3699143 3.957882
74 -3.061587 -1.1643085
189 -1.2866882 3.3371456
80 -1.3474519 3.8928294
116 -1.3778119 3.2635639
257 -1.3357965 3.8985176
44 -3.4056995 -1.4365929
225 -1.4485611 3.735042
171 -1.9822547 0.9185254
239 -1.4199973 3.5731862
38 -1.4275956 3.816733
39 -2.0460355 0.8993249
299 -1.3994714 3.767312
68 -1.3655535 3.398439
135 -3.5375485 -1.4530787
125 -1.2603793 3.7729325
202 -4.116581 -1.9937176
228 -1.844656 1.2595105
84 -1.4121964 3.8255796
92 -1.3609203 4.3262053
160 -3.6454823 -1.5576555
48 -4.011811 -1.81806
250 -3.9250178 -1.8028023
227 -1.4595402 3.7262664
79 -3.6971526 -1.6630775
261 -3.519567 -1.3515236
