30 2
16 3.5750349 2.1261938
22 3.6272748 1.9889681
21 2.951061 5.072289
1 2.863971 5.6340384
10 5.440475 -0.9225643
6 6.4085145 -1.9909009
15 3.7759962 1.8612379
7 3.3795383 2.5388632
8 6.4157233 -1.8698335
28 6.1526575 -1.6631167
4 3.774218 1.5340383
13 5.557559 -0.99014086
14 3.532979 2.3335316
18 3.636349 1.7455908
17 3.6755748 1.9005992
25 6.4076443 -1.8137921
26 3.3550332 2.60014
12 2.9401875 6.7070346
3 2.9843187 4.622605
20 3.9798155 1.1955628
19 5.732007 -1.1557567
0 2.8630836 5.0128746
29 7.278772 -2.5308936
2 2.9809132 6.936738
24 2.9352546 4.950849
11 2.8702104 6.202406
23 6.9739366 -2.4592118
27 2.8512971 6.4001446
9 2.906495 5.0412683
5 6.673395 -2.069184
