30 2
7 4.420597 2.8079603
3 2.0148618 3.8272586
14 -1.6618477 6.21048
28 -1.2175593 5.7191486
6 5.437705 2.610306
5 2.1997175 3.6588674
29 4.9098287 2.8509002
18 -0.6379272 5.250469
0 1.2010027 4.132189
2 -1.2443781 6.0181727
21 2.970452 3.4639215
20 -0.8909598 5.482912
15 6.263725 2.5308444
19 -1.8807806 6.475924
10 4.8983984 2.771353
4 -1.3667759 5.977119
13 3.0305595 3.3016167
8 -0.9137157 5.3997393
12 5.474731 2.680772
22 4.6965113 2.783242
23 -1.7794966 6.39038
1 5.960382 2.606472
25 5.785468 2.6161246
16 1.5632696 4.105461
11 1.6919155 3.8472319
24 2.1879873 3.686918
27 2.3658307 3.5642326
17 -1.1765852 5.7113767
9 1.433591 4.077923
26 5.6396246 2.559216
