30 2
7 4.127176 3.3184297
1 5.7252383 3.1488059
29 4.662902 3.346883
3 1.5539861 3.978729
4 -2.0391264 5.8669667
14 -2.1641307 5.9841413
18 -1.158908 5.1576867
2 -1.8595933 5.792518
6 5.2010603 3.1062703
10 4.3108277 3.26335
20 -1.2306122 5.221647
15 6.0537314 3.2720966
5 1.7176479 3.8356595
24 1.7417608 3.9631202
21 2.5138736 3.7563922
11 1.3220109 4.0841794
22 4.4257603 3.1149406
0 0.8168548 4.20155
12 5.334407 3.1667597
26 5.3959894 3.082293
9 1.0557952 4.208937
23 -2.5047123 6.1794014
25 5.4410033 3.185415
16 1.0408957 4.227037
8 -1.3259232 5.1867204
19 -2.6291494 6.2913127
28 -1.6463675 5.4681683
13 2.4934583 3.7474356
17 -1.8065953 5.6389394
27 1.973536 3.813465
