300 2
252 -2.1208556 0.5960121
8 -1.9982071 0.7650322
5 -1.8900175 1.1532907
174 -2.031302 0.8076903
282 -2.0493436 0.7443606
129 -2.1024647 0.74605936
100 -1.3237864 4.169374
256 -2.1726065 0.5791893
158 -1.3215765 3.654834
49 -1.9523818 0.9899228
263 -2.049687 0.7946169
284 -3.800565 -1.7502795
242 -1.8901901 1.151639
36 -1.2669775 3.5474749
63 -1.9217143 0.991664
257 -1.255766 4.1403265
41 -1.3067486 4.1541867
56 -1.9850502 0.88531697
177 -2.0239508 0.77831984
51 -3.5517728 -1.3874108
108 -1.916099 1.0728028
201 -1.9836249 0.91296273
243 -1.9985774 0.95802397
244 -2.0660496 0.7412834
298 -1.9800164 1.00424
217 -1.3172531 3.680791
198 -3.0906653 -0.9814006
248 -3.808809 -1.6501887
117 -2.02566 0.6506605
213 -2.0016637 0.7982588
46 -1.31457 4.2234125
292 -3.4098423 -1.1674708
233 -2.08234 0.81209743
65 -3.3336236 -1.2202259
67 -1.2906388 4.0040545
157 -3.5706844 -1.4051094
193 -3.7110183 -1.6184324
6 -2.0473554 0.72866416
103 -1.2649852 3.3909411
37 -3.6932352 -1.498597
89 -1.9965189 0.8419739
224 -3.795655 -1.6987407
286 -1.2939342 3.83704
107 -1.9474878 0.927126
141 -3.5631402 -1.4087992
134 -1.9733237 0.8331469
23 -1.9420607 0.9367006
42 -1.2717147 3.757171
118 -1.2751759 3.8754034
87 -1.8943834 1.0330418
94 -1.961267 0.94518954
235 -1.2963511 3.7371545
144 -1.2775875 3.8933334
241 -1.9116384 1.0292977
225 -1.2837481 3.5796323
169 -1.2459197 3.551983
190 -1.9766815 0.9927747
52 -1.9628363 1.0176044
147 -2.008309 0.9019946
136 -4.1373496 -1.8688238
247 -1.2746326 3.4553685
209 -3.359225 -1.1855412
152 -3.6523156 -1.5182213
159 -1.2483813 3.8981383
163 -2.1207566 0.6724898
14 -3.581493 -1.4108562
34 -2.016882 0.9080429
81 -1.3185219 3.7170744
33 -1.8687804 1.1489471
150 -2.164749 0.5158398
102 -1.9615197 0.94936275
250 -3.9466877 -1.7732872
231 -1.9536828 0.9747161
272 -1.3285918 3.2578168
83 -1.9610379 0.82016194
236 -1.3369429 3.2171435
11 -2.0478659 0.76588416
13 -2.065609 0.78601867
15 -1.9477624 0.85739195
126 -1.9274868 0.97511387
22 -1.2576098 3.722915
191 -1.2393717 4.0873017
156 -1.2509941 3.5675228
138 -1.3332444 3.6413212
53 -1.3571323 3.5359745
82 -3.637247 -1.4381803
105 -3.3964317 -1.2237619
227 -1.321817 3.5448532
176 -1.3092879 3.475455
123 -1.3011111 3.697375
276 -2.0880356 0.66241735
154 -4.1815295 -1.8019267
205 -1.2850829 3.4433134
211 -1.9128087 1.020645
234 -2.0422373 0.88217425
221 -3.597301 -1.4210695
259 -3.556712 -1.4020168
128 -2.0195801 0.8499644
27 -3.8988886 -1.710156
32 -3.746409 -1.4896812
262 -2.0565386 0.7753524
165 -3.6960232 -1.4249508
104 -1.9069856 0.9201183
194 -2.0671887 0.76084787
112 -3.7131438 -1.518972
228 -1.9835038 0.97381413
178 -3.4046285 -1.2784089
267 -3.2619002 -1.113587
200 -1.2951891 3.6245358
253 -1.9757388 0.8784875
179 -1.2600955 3.9803495
246 -1.3216252 4.3357744
17 -1.2814779 3.848141
31 -1.3485018 3.3990388
127 -1.921329 1.0235364
261 -3.5664535 -1.3957146
187 -3.414092 -1.3717086
73 -1.9630728 0.824715
106 -1.213854 3.5399446
215 -1.3023446 3.6623096
93 -1.2656099 3.6307003
95 -4.1459336 -1.8962232
260 -4.1320376 -1.8936489
290 -1.270544 3.5869417
297 -1.3129032 3.7752697
140 -2.1309357 0.63511777
299 -1.2375281 3.5752335
265 -1.2610605 3.5404394
0 -1.261456 3.6958754
181 -3.6081903 -1.4055332
121 -2.0487242 0.8324881
18 -2.0402281 0.7621934
45 -1.2358674 3.6893253
254 -3.6463866 -1.3644822
203 -3.6182346 -1.4629438
76 -1.3135225 3.9807703
249 -3.8665717 -1.6649171
109 -3.738061 -1.6600904
251 -1.298004 3.9063652
219 -3.457029 -1.3671267
119 -1.3533667 3.6662126
16 -3.7592223 -1.5766627
164 -3.940111 -1.7653847
47 -1.2889427 3.4139874
39 -1.981719 0.9726825
110 -3.1274097 -0.9560891
111 -3.3948393 -1.2575271
202 -3.9844127 -1.7675205
58 -3.7148242 -1.5969046
68 -1.2397007 3.8396215
78 -1.2357026 3.560386
99 -1.3166578 3.9996214
189 -1.3183248 3.3127575
160 -3.6515818 -1.5468662
151 -2.0083337 0.756919
143 -1.3228545 3.3076868
196 -1.3145756 4.0651917
288 -3.959928 -1.8234533
2 -3.2582865 -1.0945337
84 -1.3355211 3.5245044
238 -1.3074147 3.748038
218 -2.0008688 0.9122642
287 -3.9921281 -1.7846631
135 -3.5736048 -1.4073277
145 -3.6584857 -1.4227252
269 -3.449251 -1.3388962
1 -3.792573 -1.5515251
21 -1.3206881 3.427189
230 -1.3520104 3.0455317
294 -3.8643265 -1.6561494
273 -3.648722 -1.532799
43 -1.9259858 1.0856196
166 -1.2627761 3.857019
69 -1.2611165 3.5395498
54 -3.8989768 -1.7096758
77 -1.3623775 3.6040025
64 -3.456406 -1.3217063
66 -1.239594 4.1163645
173 -2.0833926 0.7411363
184 -3.974323 -1.7348224
162 -2.0474784 0.94514805
291 -2.0322933 0.78617525
229 -1.8414488 1.2428274
232 -3.711895 -1.5044622
268 -1.2610875 3.8920555
283 -1.2065386 3.8225305
3 -1.3088876 4.076313
130 -1.3157247 3.7321563
266 -2.1286771 0.775681
19 -1.2794658 3.6021445
115 -1.374332 3.7451575
149 -2.0617297 0.8056517
44 -3.2154477 -1.020871
245 -3.8365612 -1.6123047
61 -2.1969717 0.5248158
170 -1.9445844 0.9591269
86 -3.2717388 -1.1517458
96 -1.2226789 3.8561385
132 -1.2740371 3.9497437
289 -3.5613666 -1.3891227
167 -1.2992026 3.7719371
270 -3.4860797 -1.3633691
10 -1.2674714 4.1078753
30 -1.2494464 3.7136984
293 -2.015602 0.8168023
55 -2.110425 0.7275527
210 -1.2940375 3.5700614
60 -2.044467 0.765421
80 -1.3047328 4.0012984
223 -3.9937105 -1.6542813
125 -1.2668351 3.5279012
97 -1.9834085 0.82471955
114 -2.1816308 0.4208704
120 -3.5263426 -1.4460917
146 -3.9190085 -1.7351984
161 -2.0465808 0.8073419
188 -2.1494193 0.61296225
240 -2.1853926 0.6379997
255 -1.8896755 1.1925371
91 -1.8674664 1.2686571
62 -3.7053032 -1.4671303
186 -2.0087361 0.9614786
258 -2.0886433 0.705107
4 -1.33973 3.4382565
9 -2.0796268 0.66596526
12 -2.048369 0.86630857
237 -1.3122538 3.2688541
20 -1.2961926 3.5411885
137 -1.2814307 3.6056511
155 -3.754183 -1.5606264
285 -1.287116 4.368485
212 -1.2213291 4.0639067
274 -1.9564353 0.9616591
180 -2.1701474 0.60078937
192 -3.6755123 -1.5636961
295 -3.518176 -1.4050864
7 -1.3658814 3.546586
35 -2.1111646 0.6830012
195 -1.2982875 3.2913575
133 -3.5402014 -1.3516963
38 -1.3143288 3.6899703
239 -1.214854 4.1562138
48 -3.933873 -1.7050259
79 -3.701399 -1.4967315
122 -1.2510073 4.1248145
131 -3.2896798 -1.191981
183 -1.9506719 0.8979718
172 -4.0037594 -1.7546775
88 -1.3861072 3.3248508
222 -3.6271644 -1.5440695
280 -2.016014 0.8989972
124 -1.3031981 4.2127104
148 -3.653326 -1.4878433
199 -1.9376065 1.1222546
90 -3.5902653 -1.3953487
277 -1.9336153 1.0049287
113 -2.0140305 0.88378924
50 -3.4318256 -1.2340636
197 -1.3251922 3.9553432
70 -1.2680483 3.8317237
85 -3.497041 -1.2734782
92 -1.292582 4.0938144
153 -3.248954 -1.0936558
206 -3.4509127 -1.2144132
208 -3.6350355 -1.4869277
204 -3.762459 -1.5996555
28 -3.6716232 -1.5461694
101 -2.109796 0.73257774
116 -1.333531 3.4362755
185 -3.7747295 -1.590291
220 -3.6051805 -1.5628937
29 -3.5252306 -1.423839
279 -1.9886425 0.85491395
296 -3.9943786 -1.7887745
71 -1.9989189 1.0595943
216 -3.7703972 -1.6056931
271 -1.3656543 4.617524
264 -3.8243043 -1.649833
142 -1.3422139 4.17048
72 -3.3550768 -1.1670148
98 -3.3248904 -1.230065
278 -1.285892 3.639789
168 -3.7375703 -1.6093881
57 -2.1488883 0.6762767
171 -1.9935502 0.90816087
24 -1.2812845 3.4490278
281 -1.9299631 0.9645881
139 -3.8923163 -1.6966623
175 -2.064473 0.86854374
275 -2.0750105 0.78872067
25 -3.5873957 -1.4347665
182 -3.7588027 -1.5644988
59 -3.8466814 -1.7710906
40 -3.7872217 -1.5976621
75 -3.398508 -1.2270017
226 -1.3268076 3.6801162
207 -1.264028 4.1605306
26 -1.2211982 3.2590327
214 -1.8954684 1.0260642
74 -3.4706564 -1.3771104
