300 2
9 -1.9304153 0.93253756
170 -1.9644021 0.9386159
189 -1.183964 3.19884
16 -3.6928627 -1.4419054
124 -1.2607206 4.134133
131 -3.5206468 -1.322364
129 -1.8025746 1.292072
7 -1.2552533 3.5172293
292 -3.9239047 -1.5963655
108 -1.9200948 1.0362762
96 -1.1623906 3.8043919
225 -1.1915386 3.7453709
159 -1.1560472 3.8919969
266 -2.0089343 0.8734819
82 -3.6731246 -1.508112
228 -2.0018957 0.93148696
18 -1.8915796 1.1175675
103 -1.2301017 3.6466
175 -1.9702687 0.9671811
10 -1.2282177 3.876523
299 -1.1944624 3.8015924
27 -3.7142332 -1.4355913
208 -3.7544143 -1.4711142
130 -1.3249406 3.98008
105 -3.33847 -1.0892531
205 -1.1898509 3.3728392
284 -3.556421 -1.2722707
287 -3.872371 -1.5563294
134 -1.9383061 1.0401279
162 -1.868777 1.0914544
69 -1.1343523 3.904976
73 -2.0620813 0.83018583
236 -1.2671087 3.3277423
234 -1.8224506 1.2365985
34 -1.9653512 1.0239576
83 -2.092069 0.69158566
255 -1.9374549 1.0009927
90 -3.5102305 -1.272517
135 -3.5362577 -1.2824973
178 -3.1179914 -0.94658357
196 -1.2223362 4.079102
209 -3.4520106 -1.2009315
4 -1.1904736 3.5359223
231 -1.8993024 1.0945488
66 -1.3002472 4.1137857
252 -2.0915074 0.7663277
198 -3.1594262 -0.9536359
54 -3.9717157 -1.7101455
78 -1.1939971 3.5739439
241 -2.0281222 0.8494169
167 -1.2106256 3.8371992
269 -3.2511342 -0.89188474
219 -3.5376713 -1.3192334
229 -1.7830546 1.3860916
242 -2.000152 0.93193007
277 -1.8797905 1.017891
97 -2.0558286 0.7265267
226 -1.1876738 3.7457247
123 -1.1940312 4.0202575
149 -1.9154041 0.9971337
111 -3.449064 -1.2021254
207 -1.2279016 3.95543
3 -1.2719077 3.9773839
276 -1.9195478 1.034498
61 -2.0108202 0.77519184
133 -3.2570689 -0.9489028
19 -1.2492803 3.7582774
31 -1.2416489 3.7451913
45 -1.2171448 3.7285557
56 -1.9586657 0.94853425
298 -1.8719776 1.1963202
58 -4.030698 -1.624821
112 -3.567442 -1.3446255
203 -3.7407036 -1.5094168
163 -2.1159732 0.7274437
5 -1.8240001 1.2715349
23 -1.7542081 1.2404879
187 -3.6038468 -1.314312
293 -1.9475366 0.87907076
267 -3.3538473 -1.21224
206 -3.4244246 -1.2074946
113 -2.0456035 0.8031407
296 -3.9461465 -1.6545821
100 -1.1997517 4.0186906
169 -1.1642115 4.0584555
6 -2.0754888 0.6665016
273 -3.5295417 -1.3160548
247 -1.1403735 3.8383708
195 -1.235774 3.4147546
46 -1.168602 4.4000635
279 -1.9881238 0.84929234
289 -3.5499468 -1.3813554
55 -2.0340204 0.72875285
60 -2.1178572 0.7411292
77 -1.2626973 3.0336695
282 -2.22251 0.5893174
291 -2.0555649 0.7879864
127 -1.9621454 0.8157683
138 -1.2263151 3.541642
86 -3.6406174 -1.3281394
36 -1.2136699 3.6337974
39 -1.9336457 1.019983
180 -2.0980997 0.6995678
157 -3.7542973 -1.5355121
168 -3.8911064 -1.6083746
216 -3.7723222 -1.5197905
251 -1.1607032 4.0648828
25 -3.8414478 -1.5348896
52 -1.9317046 0.9366463
194 -1.9993478 0.9315166
32 -3.3604758 -1.0933106
246 -1.274837 3.753189
165 -3.7355766 -1.4077396
237 -1.2615575 3.8292093
92 -1.1728152 4.3269963
192 -3.3872657 -1.244178
222 -3.9228191 -1.5572102
297 -1.2275845 3.839454
109 -4.1636944 -1.8397851
290 -1.2027609 3.2275493
35 -2.0559165 0.86816025
38 -1.2366775 3.3797832
59 -3.9638004 -1.7082405
155 -3.9340992 -1.5809667
185 -3.4993358 -1.2919366
238 -1.1849235 3.920745
14 -3.373046 -1.1314589
15 -1.9208649 1.1947886
253 -1.9722791 1.0006166
24 -1.171069 3.7928536
29 -3.5602074 -1.430139
94 -2.0271926 0.8788265
80 -1.228686 3.7314754
87 -1.9790397 0.9807657
99 -1.1705829 3.841003
174 -2.1242228 0.6551011
160 -3.638096 -1.38626
288 -3.6553829 -1.4414846
232 -3.6786225 -1.4502356
65 -3.6610873 -1.4646186
121 -2.0674307 0.85357535
183 -1.8464423 1.2117181
285 -1.1870947 3.9038875
217 -1.1712546 4.1334763
117 -1.9634203 0.9636577
64 -3.6245239 -1.3063878
76 -1.2249086 3.7419343
67 -1.2184962 3.7324836
72 -3.501375 -1.2215704
243 -1.8326294 1.2645599
221 -3.6374817 -1.366468
88 -1.1982393 3.5698237
215 -1.161966 4.0707345
101 -1.9386652 0.97755677
260 -4.0656757 -1.790545
119 -1.2287295 3.5376015
81 -1.2123634 3.8511775
8 -1.9263035 0.9200643
153 -3.4224036 -1.2149845
152 -3.5166993 -1.2845776
28 -3.5345373 -1.3199352
30 -1.2575965 3.3919227
256 -2.0653505 0.79339397
57 -2.060887 0.75907433
122 -1.1189053 4.064352
132 -1.2246549 3.1013446
249 -3.973654 -1.6028825
258 -2.0126257 0.8746317
263 -1.9306039 0.92212796
12 -1.9283022 0.9717945
37 -3.9906623 -1.6767329
42 -1.1669393 3.9869645
114 -2.091725 0.66759044
158 -1.2309693 4.0870023
248 -3.9901676 -1.7059586
128 -2.0246117 0.83136207
139 -3.8161755 -1.5751171
200 -1.1656485 3.930495
280 -2.126679 0.67153823
210 -1.2137272 3.4837217
212 -1.210239 3.6293664
233 -2.0365167 0.8532767
283 -1.2713773 3.5314794
261 -3.6465425 -1.4113978
262 -2.0075085 0.83011293
278 -1.1323417 3.4045193
145 -3.862992 -1.6544356
62 -3.8160887 -1.5605277
26 -1.277159 3.0777578
143 -1.2486762 3.6501522
254 -3.675166 -1.4522206
41 -1.1938925 4.1896
50 -3.4763343 -1.2263236
240 -2.1784942 0.49393058
126 -2.0389085 0.77681875
182 -3.702143 -1.3802334
272 -1.240167 3.2700522
1 -3.790998 -1.4983023
2 -3.5697937 -1.309159
17 -1.1906712 3.956731
213 -2.0110064 0.7941972
110 -3.1233943 -0.87673235
102 -1.9434253 1.0246702
201 -2.070452 0.7720123
104 -1.8784177 1.0735816
244 -1.996243 0.87664837
164 -3.8491821 -1.5772606
218 -1.913717 1.0895234
177 -1.9859449 0.8948553
11 -2.0786798 0.7358409
239 -1.1555282 4.0667243
286 -1.1684575 3.8531413
33 -1.8648944 1.110265
193 -3.9869454 -1.7459644
294 -3.6695247 -1.440752
75 -3.588713 -1.2735537
118 -1.2388034 4.18276
274 -1.8163428 1.298285
223 -3.8789194 -1.5980737
116 -1.2258819 3.5429642
44 -3.260227 -0.9268487
48 -3.91152 -1.5947622
49 -2.0122716 0.86862123
89 -1.9781308 0.99239486
150 -2.1560323 0.6874931
275 -2.0198774 0.84730977
147 -1.9541513 0.98038965
20 -1.2622733 3.7909622
93 -1.2373943 3.711409
120 -3.3482811 -1.1263216
53 -1.2432122 3.632486
140 -2.0115595 0.77389055
188 -2.1027977 0.75918365
161 -1.9692049 0.9162982
191 -1.2983735 3.7208428
259 -3.5150588 -1.2286656
190 -2.0097108 0.91658264
91 -1.8103381 1.429733
21 -1.2250627 3.6696749
224 -3.8222823 -1.580289
181 -3.433812 -1.2359688
107 -1.9688411 0.92580014
230 -1.2052106 3.679058
142 -1.2237295 4.258667
173 -1.9373841 1.0294123
154 -3.9003525 -1.572488
172 -3.5333924 -1.2242063
214 -2.009413 0.9802243
63 -1.9187633 1.0287904
79 -3.8548393 -1.5980862
156 -1.2101852 3.6400282
115 -1.1555552 3.9139307
151 -2.0032074 0.73419803
166 -1.2054477 3.9264627
204 -3.6599145 -1.5181047
268 -1.2442595 4.2804713
245 -3.74653 -1.5522269
281 -2.108402 0.73577505
197 -1.2616389 3.5037267
211 -2.15827 0.5505463
264 -3.71065 -1.4651146
137 -1.245894 3.893112
13 -2.078588 0.8366674
98 -3.3826747 -1.2090449
22 -1.2111317 3.8484473
235 -1.2823597 3.427511
43 -1.9753382 0.93338674
106 -1.1998067 3.5537126
74 -3.4773884 -1.2323066
136 -3.9936428 -1.6710485
199 -1.859626 1.2294046
40 -3.6707115 -1.3945465
295 -3.3228805 -1.127388
68 -1.2234117 3.5331745
95 -4.12012 -1.9079094
148 -4.08434 -1.6825618
171 -1.9640841 0.9700228
0 -1.2373179 3.6156383
51 -3.5680373 -1.296155
70 -1.1860324 3.6088006
71 -2.008161 0.7820617
220 -3.7854486 -1.4552494
265 -1.1573122 3.6710505
227 -1.2770808 3.3764555
125 -1.2255625 3.6002815
176 -1.1643505 3.690967
84 -1.2301453 3.6452305
186 -2.0055609 0.97604036
257 -1.183122 4.2423
144 -1.1359363 3.863331
184 -3.5355706 -1.2295221
47 -1.261554 3.7031364
250 -3.7773426 -1.4649531
146 -4.0743036 -1.7906445
271 -1.2215639 4.047644
85 -3.6861353 -1.395744
179 -1.231673 3.7568974
141 -3.8435457 -1.5154883
202 -4.1200695 -1.8747151
270 -3.8741465 -1.5935663
