30 2
22 3.8291013 1.3407023
10 5.256681 -1.9600486
21 3.8972065 4.462681
16 3.8886943 1.3816295
6 6.0491414 -2.993258
8 5.8898687 -2.9053974
14 3.8699489 1.803857
1 3.8687317 4.911959
19 5.3332453 -2.0508227
15 3.9215238 1.171774
25 5.9863276 -2.9351642
7 3.799751 1.9343805
28 5.8119965 -2.7889774
4 3.9858932 0.74362624
3 3.7397745 4.1902223
27 4.0511 5.7282643
23 6.4855747 -3.8214695
18 3.87036 0.9563806
13 5.2917094 -2.030508
17 3.972889 1.2089999
26 3.7878985 2.0481348
24 3.8329473 4.5042043
29 6.6304655 -3.7442987
0 3.709485 4.1824093
12 4.1446476 6.1632066
2 4.039069 6.0534277
11 4.0005608 5.573329
20 4.0581846 0.6212698
9 3.8483694 4.497253
5 6.1103725 -3.3237982
