30 2
16 3.7398386 1.8312957
7 3.545214 2.3130603
1 3.127925 5.491784
25 6.1823463 -2.0610402
22 3.7519267 1.7810215
28 5.986807 -1.9535651
21 3.3044746 4.926604
19 5.6397843 -1.4976895
15 3.8808382 1.4828267
11 3.1488798 5.913371
0 3.2738585 4.7384577
8 6.163103 -2.168066
6 6.3417163 -2.4079468
10 5.3465095 -1.2307706
12 3.346304 6.4902935
24 3.1597056 5.0376906
4 3.973454 1.2400086
13 5.3505397 -1.2362325
17 3.924063 1.3795515
2 3.282295 6.6864953
3 3.240655 4.7084656
26 3.4907122 2.25936
9 3.2459133 4.8404913
23 6.9873233 -2.8956535
14 3.7177444 1.9311923
29 7.01484 -2.9043822
20 4.047917 0.91102076
27 3.219394 6.328496
18 3.8203 1.3845041
5 6.481175 -2.556812
