30 2
7 4.1100645 3.3294616
3 1.5433619 3.9896376
2 -1.8541745 5.8029394
5 1.6978242 3.8631313
14 -2.1431246 6.027812
23 -2.5066876 6.2174244
18 -1.1891407 5.1742992
29 4.657673 3.3410773
10 4.3264956 3.2815566
1 5.687485 3.1461632
22 4.431856 3.1042764
4 -2.056924 5.810709
21 2.5461454 3.7350035
20 -1.3154681 5.2589273
6 5.1981177 3.1655278
25 5.451272 3.2369893
8 -1.3927237 5.172342
19 -2.5895624 6.2581244
0 0.78757626 4.2360168
12 5.3664584 3.1630003
16 1.0768163 4.233813
24 1.7634318 3.9035985
15 6.0190535 3.282184
26 5.4032793 3.0875993
11 1.3141283 4.051979
9 1.0302465 4.2246466
13 2.481177 3.726406
17 -1.8039618 5.606551
27 1.9207962 3.8315027
28 -1.6987282 5.443846
