30 2
20 -1.3411431 5.249383
7 4.111111 3.3323925
4 -2.0313337 5.820593
10 4.31001 3.2840157
14 -2.1513987 6.024857
2 -1.8547008 5.813338
5 1.711364 3.8497953
29 4.6431966 3.332844
3 1.5337367 3.988116
18 -1.1641741 5.1762834
0 0.78463775 4.223325
1 5.6833024 3.1482093
24 1.7726076 3.9065702
26 5.408704 3.0848885
25 5.451694 3.2459908
23 -2.5043778 6.2154665
22 4.4228635 3.1075099
8 -1.3917899 5.167685
28 -1.6734911 5.445044
17 -1.8088082 5.6256866
11 1.3275476 4.03464
6 5.185745 3.1572032
15 6.03887 3.2665656
27 1.924061 3.8449433
13 2.4850037 3.7176406
12 5.394205 3.1686072
21 2.544705 3.7362533
19 -2.5975559 6.2731066
16 1.0580145 4.219554
9 1.0349205 4.2318125
