30 2
7 3.8383121 3.7425852
29 4.0623994 3.9199188
4 -2.7632377 5.463997
3 1.0553104 4.180329
1 5.3029294 3.9209723
2 -2.5763428 5.5446763
21 2.1069312 4.054713
6 4.917186 3.7773185
14 -3.0718994 5.620868
25 4.9119124 3.904527
5 1.0948112 4.025857
10 3.9999907 3.860394
11 0.88352084 4.1385927
20 -2.077359 5.0799913
15 5.1604443 3.9339452
0 0.33003515 4.2521095
26 5.0154223 3.7947805
24 1.4080818 4.1126165
16 0.4937303 4.3314986
22 3.8075054 3.757816
23 -3.140759 5.767004
12 4.696624 3.924371
17 -2.5414908 5.416266
18 -2.0036798 5.042563
13 2.2480798 3.8952746
28 -2.4053547 5.165696
8 -1.9797024 4.974687
9 0.38371927 4.3463798
27 1.4090271 4.09331
19 -3.341734 5.8770046
