30 2
22 3.7736442 1.6008775
8 6.182387 -2.6013737
21 3.4523213 4.767765
4 3.9726925 1.0233022
10 5.447423 -1.4309503
13 5.389505 -1.6085207
15 3.9516442 1.2996435
14 3.7925403 1.8992469
19 5.328919 -1.488376
25 6.1654863 -2.416454
1 3.3980021 5.1500726
6 6.278766 -2.6723976
26 3.7021427 2.065933
7 3.6178374 2.0548627
16 3.7547772 1.7438692
23 6.8149605 -3.288388
11 3.5507102 6.102162
28 5.844869 -2.3123515
20 4.0548615 0.7246828
12 3.6347356 6.4151607
27 3.4781241 6.1372967
2 3.6611774 6.5430603
18 3.866642 1.25944
17 3.9611769 1.2204888
0 3.441911 4.6944933
3 3.4222507 4.360081
29 6.946049 -3.3810103
24 3.522604 4.6608186
9 3.4747653 4.7491317
5 6.384846 -2.6991112
