30 2
1 3.7971199 5.0497108
16 3.9104497 1.4534606
10 5.2489467 -1.753445
25 5.9850783 -2.9208653
7 3.733538 1.891157
8 5.998189 -2.8988278
21 3.8031106 4.4173307
13 5.2118754 -1.9154378
5 6.20292 -3.1545212
15 4.060724 1.0527382
11 4.0309258 5.7247095
22 3.869438 1.3176444
26 3.7744017 1.9362108
14 3.8078694 1.7385299
19 5.389747 -2.1269622
20 4.083771 0.55306286
0 3.7025611 4.255527
4 4.007569 0.8013156
12 4.017095 6.1657944
6 5.984457 -3.0742192
24 3.816506 4.4874835
23 6.600918 -3.7079859
18 3.8754892 1.1434132
28 5.8277583 -2.83318
9 3.7122958 4.5372853
17 4.074175 1.0382513
29 6.594375 -3.6230192
3 3.7267337 4.2821245
27 3.8799207 5.8792787
2 4.0973477 6.164733
