30 2
22 3.897667 1.3842646
17 4.0853043 1.1297028
1 3.7017732 5.1476145
10 5.241829 -1.7885087
21 3.7345283 4.620421
23 6.5481524 -3.6147392
8 5.9810824 -2.8353224
25 6.038829 -2.9059372
4 4.0335665 0.7888435
16 3.8783672 1.6295061
14 3.789207 1.872011
11 3.8746178 5.690771
27 3.920282 5.8993177
20 4.078429 0.464033
26 3.7122827 2.1069264
15 3.9944243 1.2098116
18 3.8933647 1.0576938
7 3.7899866 1.9306551
19 5.3703494 -2.0168786
13 5.179244 -1.7799529
29 6.7748675 -3.7459402
3 3.7179239 4.3524804
5 6.110753 -3.0233998
12 3.9467452 6.278624
2 4.098778 6.154144
28 5.789527 -2.7165766
0 3.685088 4.371836
24 3.6545906 4.518632
9 3.7350585 4.4430437
6 6.064715 -3.1089087
