30 2
10 5.51096 -0.962024
4 3.884923 1.3899391
25 6.330469 -1.8016267
16 3.6039577 2.0497704
28 6.166486 -1.7641354
7 3.4328601 2.4878495
26 3.3684626 2.5192814
22 3.6167483 1.8839589
1 2.8999875 5.617261
23 7.166199 -2.6125689
21 2.9804282 4.9949265
11 2.9080706 6.2956605
17 3.8153949 1.698953
13 5.5219946 -1.0928419
14 3.5413136 2.3141057
19 5.468733 -1.0604093
27 3.0267386 6.339515
15 3.856834 1.6166433
20 4.06281 1.0656959
8 6.43294 -1.9874796
9 2.9465268 5.18632
2 3.044383 6.9202623
6 6.436475 -2.0684416
29 7.1648393 -2.5477722
3 3.0403833 4.627724
24 2.9519293 4.9103956
0 2.932773 4.819623
12 2.9873142 6.5729833
18 3.7723606 1.5945309
5 6.5687947 -2.1412265
