30 2
7 4.1636424 3.3017995
3 1.5824081 3.9556458
1 5.7300153 3.141248
2 -1.8278863 5.7928133
4 -2.0298443 5.8796716
20 -1.2099773 5.206479
10 4.362352 3.256244
24 1.7618102 3.963827
14 -2.1616626 5.958187
29 4.6653943 3.3162186
25 5.430234 3.2018566
21 2.5544527 3.7679303
0 0.8536719 4.205141
26 5.374507 3.0795288
5 1.7270199 3.8138974
6 5.17439 3.1056886
23 -2.5216143 6.1970477
16 1.02882 4.230977
15 6.05148 3.2563343
11 1.3384806 4.06079
22 4.394896 3.1374228
18 -1.2054238 5.158518
12 5.3018265 3.177957
28 -1.6505737 5.4622364
13 2.5060282 3.6976984
19 -2.6074266 6.3186865
8 -1.3373269 5.234768
9 1.0621164 4.189674
17 -1.7506874 5.62511
27 2.0260572 3.7819135
