30 2
7 3.8069654 3.7636638
22 3.9449012 3.6847587
29 4.1360016 3.934472
20 -2.0769732 5.091785
6 4.9038043 3.7814405
5 1.1366323 4.0215445
1 5.296878 3.8636363
2 -2.6584427 5.5950084
4 -2.7397754 5.4727473
3 1.0639037 4.119019
18 -1.9517128 5.048776
14 -3.0374777 5.6473446
11 0.8823558 4.149219
15 5.158209 4.008502
0 0.29912472 4.23697
19 -3.2822928 5.8771973
23 -3.1465755 5.766044
25 4.8603573 3.9485948
21 2.1507518 4.0895047
10 3.9892945 3.8746586
26 4.9836183 3.7796135
13 2.2455697 3.9126556
9 0.39925125 4.3337536
17 -2.5480423 5.388894
12 4.708639 3.868688
24 1.4337344 4.0544777
16 0.50303835 4.3255596
28 -2.4102573 5.144281
8 -2.0019689 4.9852557
27 1.4114755 4.0941586
