30 2
4 3.8256147 1.3810384
16 3.6362062 2.0319123
22 3.6196616 1.9116949
17 3.8221242 1.7023522
1 2.9476502 5.603506
21 3.0182977 5.0161295
14 3.5795224 2.3107836
10 5.423489 -0.96464837
15 3.8805065 1.6232207
27 2.92145 6.345557
19 5.5131097 -1.0676517
28 6.1671867 -1.7617757
8 6.445765 -1.9750421
26 3.40383 2.4888735
25 6.3169518 -1.8217868
3 3.0888312 4.631984
11 2.9361265 6.2447762
23 7.1762977 -2.63227
6 6.399397 -2.0755796
20 4.0214224 1.0866463
0 2.9450843 4.820563
7 3.4123466 2.5056489
29 7.1459484 -2.5564203
13 5.5019097 -1.0041103
12 2.95755 6.6260524
2 3.0347245 6.900031
18 3.7128966 1.5731454
5 6.6106977 -2.1955745
9 2.9509985 5.1326866
24 2.94842 4.925251
