300 2
291 -1.957165 0.97904617
187 -3.659063 -1.5428011
144 -1.298841 4.0418196
231 -1.8950858 1.069641
174 -2.177163 0.4728021
166 -1.3323791 4.0490317
252 -1.97399 0.7838393
134 -1.8665513 1.1390626
152 -3.6116397 -1.5083998
175 -2.0384154 0.77057904
41 -1.2586597 4.186619
11 -2.1315424 0.51558685
23 -1.9849712 0.82373244
282 -2.0506935 0.80307096
241 -1.8972197 1.122955
53 -1.3098048 3.6517897
292 -3.7938545 -1.568034
161 -2.1073956 0.6747417
123 -1.3515403 3.5967157
289 -3.526095 -1.3587412
135 -3.4043558 -1.2845471
229 -1.7913481 1.2476891
102 -1.9909161 0.99271023
188 -2.1059196 0.7077681
243 -1.9968971 0.90444434
105 -3.1568358 -1.0267254
249 -3.87679 -1.6881939
287 -3.723111 -1.6548561
86 -3.502424 -1.3388299
54 -3.783098 -1.5936005
204 -3.6947284 -1.5996922
212 -1.283033 3.9932923
157 -3.4114013 -1.3785021
5 -1.9298842 1.1306294
216 -3.775503 -1.5432988
178 -3.2046824 -1.0465876
73 -1.9477168 0.96114016
137 -1.2841476 3.3809125
207 -1.351561 3.993368
286 -1.3043202 3.6932383
298 -2.0250983 0.83501726
60 -2.0778878 0.77905834
45 -1.3321049 3.5677955
57 -2.047028 0.78650594
205 -1.3610477 3.4377975
276 -1.9195019 0.91134316
111 -3.3264825 -1.2238482
203 -3.7218332 -1.6063815
176 -1.2885741 3.3522398
206 -3.427365 -1.3444722
193 -3.391709 -1.3299365
89 -1.909006 1.0237281
8 -2.0128484 0.8838458
40 -3.5594227 -1.4836246
117 -2.1373758 0.5696628
128 -1.9492197 0.9515195
215 -1.2936952 3.4087906
0 -1.3025374 3.63273
6 -2.0297875 0.7274036
51 -3.5438392 -1.4445919
132 -1.3099629 3.2876828
189 -1.3534862 3.1125686
225 -1.292318 3.8137794
106 -1.3224506 3.5891411
143 -1.3246406 3.3053546
296 -3.5539865 -1.4492716
196 -1.291539 3.982531
49 -1.9227129 1.0400143
56 -1.9192246 0.96800286
63 -1.9711875 0.8769921
87 -1.9654138 0.9163027
94 -1.9760978 0.856041
248 -3.9064865 -1.6519568
168 -3.8154185 -1.6359178
25 -3.5976927 -1.463065
122 -1.3136387 4.0346513
12 -1.9347184 1.1156627
226 -1.2592623 4.023653
288 -3.6884425 -1.5792878
116 -1.3275272 3.7515478
22 -1.3424165 3.5827277
160 -3.609968 -1.4326911
30 -1.3235515 3.904451
35 -1.9884402 0.8872221
52 -1.9898815 0.864886
72 -3.402048 -1.3442625
139 -3.6946583 -1.5348651
258 -1.9534276 0.8898394
107 -1.9496026 0.93759525
114 -2.1624255 0.47714573
244 -2.071823 0.7084008
259 -3.6634202 -1.4904631
27 -3.5149515 -1.4761306
113 -1.9270506 0.9939613
43 -1.9943706 1.0759879
78 -1.2449216 4.025377
82 -3.788787 -1.6602365
88 -1.2267795 3.5409398
97 -2.1245272 0.5364103
224 -3.9341135 -1.6962286
141 -3.7097867 -1.5024704
109 -4.017946 -1.9256777
270 -3.6980267 -1.5411912
158 -1.376882 3.9411113
20 -1.3727615 3.7561681
149 -1.944036 0.8642484
147 -2.0117335 0.78262156
119 -1.2967119 3.1386003
191 -1.3390634 4.087641
201 -1.9999716 0.86115
79 -3.7130523 -1.6680546
81 -1.3418168 3.8174584
190 -1.9176857 1.0090544
167 -1.3282305 3.4531748
233 -2.0244913 0.7350526
240 -2.251718 0.39503744
162 -1.8679898 1.1539581
210 -1.3037955 4.0192056
34 -1.9356115 1.0527623
69 -1.2834228 3.7189395
108 -1.9486377 1.02346
46 -1.2639238 4.412664
58 -3.6597986 -1.5531087
75 -3.4441295 -1.3611507
129 -1.9748065 0.9827284
150 -2.1826215 0.60496306
273 -3.3632538 -1.2180378
219 -3.6336875 -1.4545346
103 -1.352276 3.8080003
127 -1.9282283 0.84095407
151 -2.038877 0.7425012
238 -1.3909106 3.4726322
148 -3.814776 -1.730333
236 -1.3821689 2.957821
192 -3.6280386 -1.4750415
140 -2.0577052 0.66373336
9 -2.0375037 0.75278956
29 -3.7606883 -1.5751545
234 -1.7727714 1.3204004
237 -1.3099475 3.496223
217 -1.3730842 3.9656715
184 -3.7728367 -1.6103652
194 -2.0404873 0.87422174
293 -2.0692294 0.7303365
84 -1.2988276 3.7253098
90 -3.506331 -1.4340115
101 -1.9872893 0.8171013
142 -1.3072692 3.6876695
133 -3.5280287 -1.3380641
239 -1.2870685 3.716454
42 -1.292732 4.0773215
120 -3.4062731 -1.2565961
272 -1.3319647 2.9553678
195 -1.3802103 3.3237152
208 -3.5385492 -1.3755713
256 -2.0564983 0.6111805
177 -2.0639904 0.78540164
37 -3.7654579 -1.5533173
38 -1.3615488 3.5902438
211 -2.1231308 0.75172144
242 -1.9206451 1.0971552
18 -1.9910539 0.8896677
33 -1.8211684 1.2023541
156 -1.2878534 3.3122623
165 -3.689254 -1.5873832
66 -1.3319156 3.7740214
83 -1.9604769 0.98597676
98 -3.224634 -1.1473315
173 -2.0844398 0.9023512
209 -3.4739254 -1.3469964
247 -1.2991794 3.4265132
221 -3.8688965 -1.7180374
257 -1.3381509 4.0693617
284 -3.551535 -1.4371186
199 -1.9898151 0.9307186
170 -1.9758095 0.7988845
265 -1.3344455 3.3258476
294 -3.9219515 -1.7571673
39 -2.051234 0.8224414
146 -3.7981522 -1.6903723
222 -3.719815 -1.531271
91 -1.8953233 1.1955127
232 -3.6168265 -1.4698621
126 -1.9166046 1.1215545
269 -3.2234302 -1.0746235
153 -3.5580256 -1.393353
213 -2.0263174 0.72098887
297 -1.3761767 4.0556846
76 -1.3943623 4.0057263
15 -1.8805977 1.1731979
227 -1.2699363 3.4865093
154 -4.118279 -1.8700238
138 -1.3307966 3.6607237
183 -1.8863425 1.0771207
13 -1.9776684 0.8968258
47 -1.3048235 3.886701
21 -1.3353379 3.7216978
163 -2.112926 0.66073626
110 -3.279171 -1.1030711
68 -1.3136799 3.3479319
92 -1.2796699 4.219277
169 -1.3468395 3.7861755
171 -2.0198524 0.90082985
250 -3.5638633 -1.3723816
197 -1.2799523 3.6120658
278 -1.3226395 3.360893
118 -1.3442184 4.08553
260 -4.097775 -1.880042
155 -3.848461 -1.6712083
50 -3.1183991 -0.92947286
64 -3.6213775 -1.5656947
85 -3.9127033 -1.7355983
65 -3.650007 -1.4340823
77 -1.31072 3.1078787
275 -1.9840448 1.028896
112 -3.711251 -1.4817836
136 -4.0087333 -1.7330887
131 -3.5328214 -1.4061433
235 -1.3330777 3.522165
245 -3.346664 -1.1798017
55 -1.9342405 0.9097809
19 -1.3569273 3.571447
268 -1.3146533 3.7175732
124 -1.2574495 3.9841719
31 -1.3050522 3.6899555
246 -1.3376435 4.09076
295 -3.5784369 -1.462349
95 -4.243751 -2.0565038
186 -1.871298 1.152718
285 -1.2370905 4.0175705
181 -3.297804 -1.1524701
261 -3.4533994 -1.3396435
281 -2.1963239 0.45041108
223 -3.8118098 -1.7655116
4 -1.2961924 3.7803905
16 -3.789698 -1.5592966
93 -1.3103554 3.7615438
125 -1.2899138 3.5041888
251 -1.3746318 3.6804621
172 -3.682609 -1.5099388
198 -3.3884664 -1.3048534
255 -1.9327291 1.0727743
185 -3.854127 -1.688817
7 -1.3565048 3.437044
26 -1.3162528 3.2168574
44 -3.1855037 -1.0783857
214 -2.0623486 0.6442326
130 -1.2613213 4.035028
262 -2.041245 0.82680684
2 -3.5354722 -1.3393384
14 -3.8775895 -1.7508321
280 -2.0461433 0.8054835
104 -1.9685508 0.95474416
71 -2.0004747 0.8798356
59 -3.4785283 -1.3375248
271 -1.2682202 4.2938895
121 -2.0399125 0.7977814
145 -3.7997684 -1.5845113
180 -2.1315413 0.64931077
202 -4.241944 -1.9850326
263 -1.9109645 0.86973286
228 -2.0222871 0.87050414
230 -1.3141793 3.7459917
100 -1.2974923 3.9153512
28 -3.8070982 -1.6417615
48 -3.6249964 -1.6226443
253 -1.985035 0.8607519
279 -2.0618167 0.7392477
1 -3.5792193 -1.4963226
17 -1.3291568 3.933889
99 -1.301322 3.7566633
164 -3.8927727 -1.7587287
179 -1.2213776 3.3979154
62 -3.7592268 -1.6459222
80 -1.3158058 3.8816566
254 -3.8752816 -1.7263423
267 -3.4054198 -1.3233813
3 -1.2841017 3.7241957
67 -1.3362858 3.7065938
277 -1.8327537 1.1374798
274 -1.9316823 1.0522362
182 -3.27353 -1.147887
159 -1.3979855 3.6996603
283 -1.3253033 3.7635307
220 -3.3515582 -1.3369197
264 -3.5616505 -1.4583063
74 -3.605823 -1.527745
266 -1.962848 0.8977925
290 -1.3074378 3.8276246
115 -1.365077 3.9283872
200 -1.334698 4.011998
218 -1.9141085 0.9496857
36 -1.336843 3.8610766
299 -1.2767755 3.8877723
61 -2.141243 0.64641917
96 -1.3137586 3.947733
70 -1.3509319 4.032586
24 -1.2968763 3.9234135
10 -1.2904704 4.1164193
32 -3.795529 -1.6590166
