30 2
29 4.2541046 3.9081802
7 3.7723079 3.7286355
2 -2.579215 5.5766892
14 -2.9658432 5.689214
4 -2.575011 5.474535
0 0.4818522 4.198287
28 -2.1871345 5.20268
17 -2.493371 5.3960342
21 2.1158097 4.041627
20 -2.0185194 5.0917287
10 4.000672 3.8414938
25 4.9462886 3.88435
1 5.230156 3.7730315
5 1.1918616 4.0398326
6 5.0159855 3.7202623
16 0.5800931 4.2511497
3 1.1624465 4.0607657
18 -1.91919 5.0958834
19 -3.311104 5.854842
27 1.5053661 4.017023
22 3.9640262 3.6824307
23 -3.0526245 5.775075
12 4.7548504 3.7099252
26 5.012426 3.7082024
13 2.2764945 3.945788
11 0.8552369 4.125808
9 0.5335201 4.3690877
15 5.211875 3.8830984
8 -2.0706792 5.1360326
24 1.3382338 4.109919
