30 2
21 3.257484 4.891139
7 3.512871 2.254593
16 3.7369049 1.8597242
10 5.3650036 -1.3029909
1 3.2568226 5.459315
28 6.077731 -2.2252169
25 6.18492 -2.237101
23 6.9755135 -3.1275
8 6.093896 -2.2369208
15 3.9011621 1.3625294
18 3.8069048 1.3001211
3 3.3139837 4.6325903
4 4.005989 0.9696305
20 4.023956 0.9398818
17 3.9825828 1.4085776
19 5.480968 -1.5490116
22 3.697028 1.6110566
12 3.3674567 6.5887413
13 5.515439 -1.4746077
14 3.6813514 2.046137
11 3.3298714 6.0186734
6 6.4153047 -2.5046458
27 3.4284298 6.109324
26 3.5673158 2.367325
0 3.2691176 4.666395
2 3.453493 6.544381
5 6.4061117 -2.4516847
24 3.277522 4.90222
9 3.3443663 4.9083614
29 7.077575 -3.0903533
