30 2
1 3.2787075 5.450429
8 6.100488 -2.227839
25 6.22997 -2.2290323
15 3.8955748 1.3906255
10 5.3679905 -1.327898
23 6.986264 -3.1220496
22 3.6989434 1.6274929
17 3.9715118 1.397813
18 3.8048255 1.2975652
13 5.5147905 -1.4593682
4 3.9975371 0.98600805
19 5.468095 -1.5982294
28 6.049277 -2.2321193
7 3.4949384 2.280112
21 3.2841792 4.8373613
16 3.7349308 1.8755412
0 3.2759311 4.6497135
12 3.359401 6.573486
6 6.425255 -2.496295
14 3.6454875 2.0530756
26 3.565235 2.370177
20 4.0648475 0.9509886
3 3.293504 4.615606
24 3.2554548 4.9118466
27 3.4139605 6.130649
2 3.4427834 6.5441175
5 6.4070125 -2.4388838
11 3.3439953 6.007865
29 7.0415993 -3.0715044
9 3.3187435 4.9412017
