30 2
22 3.8199506 1.5541023
15 3.8994737 1.336309
23 6.6667023 -3.4043522
21 3.6676497 4.4065127
16 3.873983 1.7044717
20 4.0722027 0.6052234
4 3.9993808 0.8699445
14 3.7080548 1.9595641
19 5.5376596 -2.0763283
10 5.2627754 -1.7745558
26 3.6239085 2.1953762
7 3.7574801 2.0430884
13 5.2868304 -1.8436154
1 3.6302745 5.154943
27 3.8600268 6.003829
11 3.7279236 5.7516174
28 5.9114766 -2.781944
17 3.9644818 1.3025613
25 6.0600815 -2.7831702
3 3.5796564 4.297167
6 6.1554623 -2.8415556
8 6.0291247 -2.6141245
9 3.710112 4.6042647
2 3.8631067 6.2448688
12 3.8855028 6.193567
0 3.6637728 4.4747086
24 3.6409378 4.646419
18 3.8223927 1.1609933
29 6.8534536 -3.6888764
5 6.197421 -3.024575
