30 2
1 3.7648647 5.091796
21 3.8048427 4.5426197
7 3.7041647 1.9483316
16 3.9444032 1.5225117
10 5.1515727 -1.798083
8 5.9984164 -2.9520617
20 4.1597953 0.55590224
26 3.7279632 2.0282662
15 4.0183754 1.1337848
22 3.8673966 1.3642737
4 4.0542517 0.8662268
14 3.837036 1.7425317
23 6.541442 -3.6740084
19 5.3814096 -1.9894292
28 5.8265905 -2.8500795
6 6.0220733 -3.158368
25 6.0835223 -2.789346
17 4.046019 1.0495948
0 3.6640155 4.347448
27 3.894542 5.7977114
3 3.7728825 4.2318845
11 4.007776 5.727143
18 3.9099047 1.0728174
29 6.714139 -3.6926332
13 5.1428847 -1.8520383
12 3.9961898 6.2238674
5 6.1514015 -3.0780723
2 4.0282793 6.19227
9 3.7642472 4.610903
24 3.7338347 4.480854
