30 2
29 3.885297 4.092829
7 3.4468682 3.9527483
4 -3.129817 5.3506637
20 -2.3494012 4.904516
25 4.7946424 4.1859097
1 5.142708 4.2069635
24 1.0066229 4.1877112
18 -2.1973906 4.826533
3 0.87136203 4.189815
22 3.6981466 3.9457786
2 -3.0300815 5.440655
10 3.7587302 4.0910444
5 0.95280325 4.059816
21 1.7371712 4.102789
8 -2.420143 4.9637284
6 4.476169 3.9758265
9 0.3638004 4.3576565
0 0.04738574 4.2856026
17 -2.859187 5.324653
11 0.5682024 4.236719
14 -3.2377298 5.4799204
28 -2.4902134 4.9159656
12 4.8516955 4.1503925
23 -3.6088305 5.5908966
16 0.18076225 4.414519
26 4.7132807 4.0083137
19 -3.5788004 5.6535134
15 4.9824114 4.2524996
27 1.2251635 4.159896
13 1.8059946 4.0999937
