30 2
28 5.8284416 -2.8450565
22 3.8114626 1.2692533
7 3.731522 1.8066674
20 4.082689 0.44954836
15 4.0172963 1.0286372
4 3.9977033 0.81719357
21 3.9225566 4.4846125
10 5.276971 -1.9090569
16 3.9340694 1.5227044
27 3.9590545 5.8035836
13 5.193083 -1.9073118
26 3.7817574 2.0445888
1 3.842101 4.957281
6 6.0432224 -3.1127667
19 5.299039 -2.1416628
3 3.8077657 4.2680283
25 5.9688315 -2.9421856
14 3.803685 1.7706652
8 5.9751706 -2.749172
9 3.814413 4.44643
18 3.8891118 1.0351306
23 6.5673723 -3.7599516
0 3.7189171 4.211087
12 4.1260567 6.065619
2 4.151082 6.090396
17 4.00112 1.2566723
11 3.9211802 5.6215434
5 6.1254797 -3.2923503
29 6.508558 -3.6592484
24 3.724107 4.581191
