30 2
22 3.6414292 1.6391228
16 3.720329 1.8620517
21 3.288204 4.8602095
26 3.5617974 2.3390784
28 6.039837 -2.1786032
4 4.023432 0.9887984
1 3.3198783 5.455818
18 3.7708654 1.2644538
15 3.8877785 1.4410558
17 3.950724 1.3754028
6 6.4279876 -2.508905
8 6.1384864 -2.2245636
12 3.3280587 6.61736
10 5.3782406 -1.3001491
27 3.4055922 6.1460667
14 3.6917012 2.0467215
23 6.965976 -3.1077688
19 5.5250077 -1.5422713
7 3.5130363 2.2390068
11 3.283065 6.0287046
25 6.221035 -2.2208169
13 5.5170956 -1.5071063
3 3.2610812 4.6269736
20 4.042548 0.93350387
5 6.381019 -2.4139469
29 7.0350895 -3.0964682
24 3.2581341 4.900541
2 3.4662323 6.5254555
9 3.3086767 4.974204
0 3.2694445 4.6493983
