30 2
7 4.2638283 3.3469546
3 1.6440277 4.058522
1 5.688725 3.3096519
29 4.5875874 3.4653301
2 -2.0263875 5.8044467
20 -1.4178703 5.2475486
25 5.4563165 3.3295445
4 -2.177361 5.6982045
12 5.080574 3.3198724
5 1.5417258 3.9859354
11 1.0826358 4.0422506
18 -1.3439543 5.0833955
6 5.0405135 3.271749
0 0.6765671 4.271746
10 4.38864 3.4767425
15 5.8974075 3.3649547
22 4.4140186 3.3597136
17 -1.9193087 5.5021033
8 -1.6248177 5.2446613
23 -2.7423904 6.0665016
14 -2.4229772 6.017795
9 0.7125643 4.309633
16 0.86318594 4.3348813
24 1.4688945 4.0577865
28 -1.677312 5.3039556
26 5.0807424 3.2445383
21 2.3307226 3.8790421
27 1.8653643 3.8962083
19 -2.7460418 6.267807
13 2.4291668 3.700018
