30 2
7 3.7838495 3.659843
3 1.3568257 4.006232
24 1.3217916 4.137776
28 -2.122251 5.161772
1 5.389006 3.7673018
5 1.3285041 3.9356532
18 -1.8447325 5.037407
0 0.62600833 4.219566
2 -2.522247 5.706775
6 4.92712 3.6277976
20 -1.8895695 5.1596694
10 4.0238147 3.7307744
14 -2.8279717 5.734408
4 -2.480597 5.5251575
15 5.541231 3.7098737
29 4.3457923 3.7991126
21 2.2207475 3.9950514
22 4.016322 3.6636395
26 5.0809 3.5272248
9 0.6360492 4.3576474
12 4.7200623 3.6757545
19 -3.2050622 5.8661294
17 -2.2347424 5.4048896
11 0.86497134 4.1482453
23 -3.0967155 5.8536263
25 4.893079 3.7124617
13 2.211911 3.8916845
16 0.54547244 4.335401
8 -1.968574 5.0984445
27 1.6078182 3.9293902
