300 2
128 -2.0462558 0.81447977
83 -1.9909141 0.8939298
8 -2.0001383 0.8203984
237 -1.47785 3.2377398
195 -1.4120136 3.382588
62 -3.569512 -1.6888955
238 -1.37403 3.5804298
297 -1.4998713 3.828689
284 -3.5959394 -1.6849308
7 -1.5122916 3.2715478
149 -2.0243607 0.7704803
275 -1.9765055 0.9035262
255 -2.0158806 0.87638754
90 -3.381936 -1.539718
252 -2.1190808 0.4269919
174 -2.1084027 0.5826965
180 -2.084062 0.8116785
205 -1.482895 3.419913
53 -1.4726065 3.3379912
127 -1.9627964 0.8268922
58 -3.6970305 -1.7707566
86 -3.4082513 -1.4946624
45 -1.4883268 3.0520973
265 -1.4572648 3.5175054
123 -1.4568106 3.5581577
210 -1.4893312 3.3503385
3 -1.5308063 3.5733478
6 -2.0860891 0.6323473
40 -3.5616512 -1.6587157
156 -1.4920989 3.9264746
243 -2.0254102 0.88985026
144 -1.4871727 3.4919012
273 -3.672243 -1.7390665
105 -3.093042 -1.1649059
187 -3.5941477 -1.6972953
234 -1.9797342 0.9219941
256 -2.173769 0.39968964
231 -1.935081 0.9565019
271 -1.4688147 3.9225688
51 -3.3861172 -1.4845855
189 -1.4753293 3.3078558
92 -1.4610045 4.1237493
246 -1.4179084 3.8176463
147 -2.0422947 0.7507507
274 -1.952506 1.0543004
198 -3.1004698 -1.1327893
241 -1.9702893 0.9993731
66 -1.4659338 4.0342674
204 -3.7840726 -1.8459858
75 -3.5067194 -1.6191506
55 -1.9685425 0.8113566
33 -1.8942102 1.0068977
192 -3.4871566 -1.4972816
131 -3.499624 -1.552687
170 -2.153817 0.43096733
129 -2.0961115 0.6996894
154 -3.6881404 -1.6961306
182 -3.4935231 -1.5772777
233 -2.1454344 0.48442116
190 -2.0348966 0.757695
22 -1.450902 3.8438575
76 -1.4716806 4.0485663
97 -2.074958 0.70906293
228 -1.9859592 1.000506
287 -3.8255453 -1.9471977
175 -2.013472 0.8757047
71 -2.0426795 0.84560835
12 -2.0192094 0.7905394
67 -1.4528929 3.598456
157 -3.3523912 -1.5598106
47 -1.438143 3.2455494
282 -2.0305223 0.71956027
84 -1.4713192 3.4428906
201 -2.010864 0.7412924
289 -3.7786832 -1.9161777
293 -2.157239 0.5512134
229 -1.8991469 1.3173198
298 -1.9548209 1.017607
143 -1.5214974 3.5281463
161 -1.928415 0.9329801
56 -2.0293398 0.7262473
23 -1.9871802 0.7403056
219 -3.5706477 -1.6567048
124 -1.5425423 3.9470313
104 -1.9617032 0.9505507
158 -1.4738035 3.3867447
100 -1.483179 3.7295153
206 -3.3320498 -1.4045576
277 -1.9962965 0.8496651
34 -2.007111 0.88749975
139 -3.7593877 -1.9435627
136 -3.72971 -1.890039
247 -1.525107 3.7330627
5 -1.9229614 1.140611
87 -2.0685675 0.73967993
69 -1.4054813 3.2095435
29 -3.4560914 -1.5582219
133 -3.3868659 -1.5197252
32 -3.3179758 -1.3911488
70 -1.4845915 3.5950108
64 -3.4532635 -1.5698992
78 -1.5079106 3.8571024
168 -3.582722 -1.6336808
79 -3.5190206 -1.5988806
89 -1.9012372 1.1352494
269 -3.368505 -1.5370041
261 -3.8057635 -1.8926766
270 -3.7003608 -1.815948
276 -1.9860398 0.7962422
9 -2.1542966 0.5743878
52 -1.9972504 0.7492201
135 -3.1754675 -1.2530833
162 -1.9993082 0.7630056
130 -1.4054718 3.8882818
27 -3.726255 -1.8171798
57 -1.9919337 0.86166614
260 -4.128736 -2.283215
267 -3.0454876 -1.0974058
88 -1.4196944 3.3219645
94 -2.0052166 0.77569467
226 -1.502872 3.8386152
101 -2.0321572 0.6613183
279 -2.1559837 0.5210377
239 -1.465156 3.6989172
262 -2.0634353 0.6532446
176 -1.424288 3.2740853
295 -3.2436657 -1.2947139
296 -3.5597088 -1.6953164
138 -1.5151728 3.4923773
117 -1.9038337 1.1146408
18 -1.9940469 0.92700046
20 -1.4705678 3.4166028
25 -3.6016128 -1.6669877
291 -2.0054789 0.9539744
44 -3.2891107 -1.3300899
169 -1.4405863 3.5826612
183 -1.9531435 0.91801715
179 -1.5472142 3.4852786
173 -2.0087724 0.8098504
288 -3.6882002 -1.7438478
292 -3.6088266 -1.7606516
191 -1.502193 3.880351
208 -3.6775296 -1.8023479
222 -3.8223367 -1.8911049
209 -3.3583534 -1.4437495
14 -3.510839 -1.6293412
68 -1.4064147 3.589714
119 -1.5327075 3.1012034
35 -2.1020143 0.5861755
197 -1.488717 3.6051457
54 -3.700812 -1.7760538
91 -1.9985409 0.9387164
61 -2.0990512 0.5638241
167 -1.5151134 3.7245312
281 -2.041039 0.7956995
236 -1.4472473 3.3773634
178 -3.3552694 -1.4406528
148 -3.9267385 -2.0622683
184 -3.7731884 -1.7921822
240 -2.20132 0.43035924
278 -1.4667937 3.3362694
290 -1.4384487 3.6966898
2 -3.3726213 -1.4268805
153 -3.322654 -1.4462696
16 -3.5932806 -1.6244317
21 -1.3990288 3.919765
24 -1.5036775 3.6196892
30 -1.5069777 3.8812606
159 -1.4340119 3.8000553
106 -1.4516919 3.0213065
99 -1.465041 3.9331129
115 -1.4869642 3.7474005
155 -3.8825922 -1.9099629
244 -2.083533 0.6836014
39 -2.0435224 0.8546105
96 -1.4743553 3.8793569
60 -2.1078506 0.6208338
114 -2.1043706 0.6285805
63 -2.0969405 0.73819536
227 -1.5178976 3.3205452
186 -2.11533 0.7454593
212 -1.4577179 3.9710171
116 -1.4795034 3.715031
254 -3.6030219 -1.704439
193 -3.7320085 -1.7609514
207 -1.553447 3.8199933
214 -1.9616848 0.9272483
1 -3.7850547 -1.8261042
199 -1.9696311 0.9617496
15 -2.0674963 0.74725246
41 -1.4943446 3.807749
215 -1.4659511 3.794794
31 -1.4436141 3.5608642
211 -2.0466368 0.8120598
74 -3.4848237 -1.5897491
164 -3.755028 -1.812124
224 -3.7485068 -1.9194163
93 -1.4745291 3.5810204
194 -2.0256522 0.74245554
108 -2.0907176 0.621663
121 -2.0566783 0.74083877
111 -3.5582912 -1.6339877
145 -3.8139658 -2.0499074
242 -2.0067868 0.9075333
225 -1.4761752 3.9970186
294 -3.5205965 -1.6142563
26 -1.5452491 3.106947
126 -1.9897395 0.86501694
250 -3.4534311 -1.5521599
81 -1.4624774 3.6503642
102 -1.9512764 0.961759
258 -2.0922172 0.687325
283 -1.4368529 3.6576402
118 -1.5756832 3.9658227
134 -2.0427504 0.8965197
221 -3.6279893 -1.6880919
218 -1.9588852 0.89010483
0 -1.4503027 3.7932448
172 -3.5061998 -1.592333
11 -2.044174 0.6925965
48 -3.7832541 -1.940527
59 -3.5804274 -1.6772882
72 -3.0782006 -1.1888133
152 -3.6347735 -1.6820122
177 -1.9992464 0.868856
245 -3.5645735 -1.61818
257 -1.5079237 4.113057
272 -1.4709322 3.2063406
107 -2.0363588 0.8023906
223 -4.1814847 -2.2684658
253 -2.0899248 0.7473378
140 -2.0435693 0.82086915
110 -3.3327203 -1.4660925
4 -1.5322081 3.7009592
77 -1.4905674 3.1544895
10 -1.5378121 3.7528496
17 -1.5075428 3.94184
259 -3.5733168 -1.7378755
50 -3.152155 -1.3219407
235 -1.486906 3.684315
65 -3.1902683 -1.2621495
112 -3.6121345 -1.6745338
113 -2.0560603 0.76232314
263 -2.0713773 0.6616697
251 -1.4414124 3.487583
220 -3.5361166 -1.7524656
36 -1.4455795 3.6190984
150 -2.1615205 0.47239974
185 -3.4447882 -1.6234697
137 -1.4813275 3.6368282
232 -3.6483757 -1.8084126
181 -3.3635516 -1.5079176
264 -3.6524289 -1.6613241
216 -3.7364733 -1.8778733
299 -1.5056467 3.4262953
37 -3.6769845 -1.7886916
49 -2.0144334 0.87456256
82 -3.574868 -1.6958133
200 -1.4834892 3.9923677
151 -2.039857 0.83492976
203 -3.5878754 -1.7112529
280 -2.064216 0.7481531
165 -3.2939034 -1.4315513
268 -1.4837601 4.210924
13 -2.0298436 0.8486988
230 -1.4050388 3.1994653
28 -3.6866968 -1.8128204
196 -1.4815818 4.0820804
125 -1.4398458 3.353164
19 -1.4670495 3.5779119
166 -1.5230026 4.022789
266 -2.0479426 0.7171019
43 -2.0409644 0.86317223
73 -1.8894668 0.950069
98 -3.121529 -1.2982901
120 -3.4524817 -1.4593402
141 -3.798509 -1.8990375
286 -1.4469274 3.59868
85 -3.3363101 -1.5412993
95 -4.0104723 -2.0383863
103 -1.4582185 3.8003988
160 -3.551048 -1.5730308
146 -3.9622655 -1.9971923
249 -3.8683677 -1.9030755
163 -2.0507486 0.7040683
132 -1.4360946 3.1358862
248 -3.6314359 -1.7439522
285 -1.5034828 3.8407667
142 -1.5477772 4.1870275
38 -1.4898356 3.5652463
122 -1.5183327 4.282793
217 -1.5384432 3.7913933
109 -3.9416249 -2.0318964
188 -2.1503663 0.5446535
213 -1.9486363 0.78805995
202 -4.0415425 -2.1296706
46 -1.5586774 4.1396184
80 -1.4694008 3.6155982
171 -2.0146284 0.89851415
42 -1.4656457 3.5283396
