30 2
7 3.7816043 1.8475058
15 4.0109577 1.0803396
10 5.212098 -1.972789
1 3.8827 4.87402
26 3.7830634 1.7665573
22 3.9036489 1.3058255
16 3.978536 1.3770576
21 3.8719049 4.3271937
23 6.4608583 -3.7217813
28 5.780486 -2.8850932
19 5.2712216 -1.9782429
0 3.7641292 4.205483
13 5.305462 -2.1212378
14 3.8749013 1.7931765
4 4.021093 0.7088363
6 5.940476 -3.0162644
5 6.108469 -3.3003852
25 5.958792 -3.1336331
18 3.9096503 1.0514075
8 5.854441 -2.9023538
11 4.0778503 5.4505076
27 4.037992 5.759323
17 4.017274 1.1531359
29 6.505541 -3.8024547
2 4.0847707 6.081881
12 4.104807 6.2240653
3 3.76462 4.048827
24 3.7871954 4.3555875
20 4.021388 0.418291
9 3.8455036 4.4882407
