30 2
18 -1.2465372 5.098536
29 4.6496 3.4292104
7 4.250329 3.3095038
3 1.5524862 4.053942
14 -2.3764815 5.9885216
1 5.6974483 3.3530695
2 -2.014923 5.775715
12 5.148783 3.282452
5 1.4819591 3.8921318
6 5.124124 3.2108579
16 0.9450609 4.3138857
4 -2.2014015 5.7965198
20 -1.3576605 5.1969395
25 5.42664 3.315267
0 0.6997134 4.2309704
21 2.3404815 3.8642044
11 1.0330894 4.0444965
24 1.4726653 4.034249
22 4.457066 3.281336
23 -2.6899297 6.100978
8 -1.5584815 5.273042
19 -2.7505963 6.285512
26 5.11233 3.3075554
10 4.384592 3.4412777
17 -1.7436262 5.538206
15 6.0065866 3.297387
9 0.7142713 4.3130217
28 -1.5434006 5.2915616
13 2.3414736 3.6972065
27 1.9537721 3.8688736
