30 2
21 3.935105 4.4369283
15 4.006987 1.0639588
19 5.235099 -2.0674257
22 3.8675284 1.3692696
10 5.200023 -1.9703798
25 5.979639 -3.127227
0 3.7845232 4.2345824
16 3.9565454 1.3392563
12 4.151773 6.13849
26 3.8027327 1.7462074
28 5.703009 -2.8917303
23 6.452144 -3.7427242
20 4.027999 0.38091385
14 3.8594828 1.6148908
8 5.940258 -3.0430279
4 3.9908652 0.7171724
17 4.043203 1.0988106
11 4.102478 5.445712
1 3.866103 4.831653
24 3.7777226 4.417055
7 3.713844 1.7431309
18 3.8851175 1.1065539
6 5.9955854 -3.0425663
13 5.3001175 -2.0331194
27 4.049275 5.764328
9 3.845533 4.566562
3 3.763162 3.9498155
29 6.516671 -3.805399
2 4.167175 6.061558
5 6.0861096 -3.2702997
