30 2
29 3.9895253 3.9987946
7 3.710357 3.862313
2 -2.7758803 5.5332036
14 -3.0035133 5.5355434
3 1.0128464 4.200715
4 -2.7472596 5.3335886
5 1.0910741 4.066119
20 -2.2488635 5.068748
24 1.3264015 4.2151895
21 1.8890226 4.0925326
1 5.271695 4.031555
18 -1.9693304 4.957291
0 0.20172377 4.2769027
23 -3.3208392 5.733599
6 4.803281 3.8555837
10 3.9026668 3.9260297
28 -2.442221 5.0625052
26 4.9516373 3.8736436
25 4.8961463 3.9743195
11 0.7210216 4.2141314
19 -3.4392085 5.757004
15 5.015518 3.9923625
27 1.2064011 4.1062016
8 -2.1492224 4.893653
22 3.721797 3.856213
17 -2.6244109 5.342388
9 0.5113737 4.317055
16 0.31188586 4.4113364
12 4.7200727 3.98104
13 2.2452385 4.0525413
