30 2
29 4.3829427 3.781987
7 3.855675 3.6249733
20 -1.8564293 5.155036
14 -2.7658923 5.731732
4 -2.479229 5.583367
18 -1.827768 5.080814
6 4.9746113 3.5527558
24 1.2782879 4.0496225
2 -2.468717 5.68301
3 1.3973755 4.035359
23 -2.9897885 5.9410706
25 4.970594 3.6329353
5 1.397077 3.9537032
0 0.63712156 4.2547965
10 4.145159 3.6918447
1 5.42949 3.6707895
21 2.1350877 3.906505
17 -2.2330756 5.4233365
19 -3.1076515 5.949202
28 -2.0369256 5.162563
11 0.9659457 4.1734734
27 1.5671471 3.9850953
26 5.018618 3.5696142
8 -1.8702018 5.176811
9 0.52372724 4.3044276
16 0.57011425 4.2745976
12 4.7649164 3.639342
13 2.2371418 3.9041052
22 4.0953326 3.6242862
15 5.52969 3.6859596
