30 2
22 3.6104593 1.918739
21 3.035544 4.9871774
19 5.549221 -1.0484256
4 3.8644943 1.3212725
8 6.432109 -1.995565
3 3.093504 4.674625
25 6.3355527 -1.8344314
16 3.68232 1.9692637
26 3.4235332 2.4968224
1 2.876912 5.660022
17 3.8550365 1.6591076
7 3.3886406 2.518865
10 5.4729357 -0.949337
14 3.5801473 2.352653
28 6.202424 -1.7277486
11 2.9551086 6.269304
20 3.9704297 0.9925481
13 5.428325 -0.93853426
23 7.132078 -2.6166983
6 6.3516088 -2.0803742
15 3.8811104 1.6120222
18 3.7032413 1.5009255
24 2.9973104 4.9192824
0 2.942828 4.857723
27 2.9534466 6.4050183
9 2.9965136 5.089176
12 2.9426239 6.6200676
29 7.0947957 -2.5732825
5 6.6203933 -2.121881
2 3.054023 6.935916
