30 2
13 5.416678 -1.533677
16 3.8828037 1.649065
15 3.9394908 1.2240541
1 3.4376183 5.2289457
22 3.6541498 1.708115
4 3.9512305 1.0021154
21 3.463303 4.8116546
7 3.5889275 2.103194
25 6.1898193 -2.5872571
19 5.3335557 -1.4732709
10 5.3663373 -1.3283459
26 3.5633328 2.2888331
12 3.6500561 6.456282
14 3.7450569 1.9069008
6 6.314865 -2.6335886
17 3.8914113 1.3571934
23 6.8334756 -3.3124886
27 3.477027 6.191067
28 5.970939 -2.306201
9 3.4652653 4.753676
3 3.3918195 4.3955097
8 6.1362925 -2.41683
20 4.063509 0.85065347
5 6.364677 -2.7306027
2 3.6996903 6.556507
29 6.9644847 -3.1756222
0 3.4865155 4.683977
11 3.5494776 6.0597177
24 3.4258907 4.696914
18 3.7796934 1.3034
