30 2
10 5.321214 -1.4613373
21 3.3824143 4.702785
4 3.9819856 0.96351063
28 5.8491187 -2.3448975
8 6.0995617 -2.472574
16 3.8689735 1.6389027
22 3.7540164 1.6544603
7 3.597162 2.1565094
14 3.7802055 1.9438295
25 6.205955 -2.4532475
1 3.3943937 5.236531
13 5.319925 -1.5166997
15 3.9488897 1.2928208
26 3.604981 2.2219079
19 5.3013825 -1.5683798
3 3.387864 4.3929973
0 3.4965734 4.685685
6 6.2633514 -2.6184201
23 6.8886485 -3.281811
27 3.4795449 6.1678257
9 3.4794774 4.671923
12 3.559953 6.429257
20 4.0908866 0.8018255
11 3.5569549 6.0960207
17 4.0164485 1.3136024
2 3.6530113 6.5450964
5 6.358621 -2.7340004
24 3.460463 4.66566
29 6.9803195 -3.3092885
18 3.8403256 1.2557669
