30 2
7 4.472007 2.863908
29 4.9210534 2.7924008
3 1.9743997 3.825907
4 -1.454467 5.9624543
14 -1.6749872 6.1875772
25 5.75262 2.601638
10 4.8620043 2.9011831
2 -1.2618374 6.0103908
20 -0.90263724 5.4357243
5 2.1854076 3.6602762
8 -0.99040246 5.455124
26 5.633872 2.6008468
17 -1.1752366 5.7428546
24 2.1488976 3.727377
1 5.905614 2.6367857
11 1.6925001 3.8650734
12 5.4375033 2.676408
18 -0.5995033 5.2684937
23 -1.8268487 6.4201136
0 1.2410138 4.031693
21 2.9393988 3.4758432
16 1.5542328 4.094649
6 5.4740477 2.6467562
9 1.5025129 4.10398
15 6.173336 2.5913577
22 4.726181 2.7698464
19 -1.925967 6.4700427
13 3.0317328 3.3365884
27 2.3678036 3.6225321
28 -1.2625911 5.7267733
