30 2
21 3.8924403 4.4705567
22 3.8385754 1.243303
1 3.8313298 4.9484515
16 3.96163 1.5411625
23 6.5742607 -3.7460103
15 4.00333 1.0076305
13 5.2003355 -1.8707452
7 3.7183902 1.8081521
4 4.0207357 0.8222674
28 5.813303 -2.8244357
26 3.7893734 2.028007
10 5.2705355 -1.8819399
25 5.9321 -2.9383307
0 3.71441 4.20278
17 3.990024 1.237327
9 3.8000088 4.38736
6 6.033228 -3.1329095
20 4.069028 0.48578253
14 3.8336031 1.7880236
27 3.948836 5.8263793
19 5.300991 -2.1300168
8 5.9678197 -2.7778478
2 4.1353397 6.0726404
29 6.4874964 -3.6415892
12 4.123213 6.0540657
3 3.8049817 4.2936363
18 3.8975155 1.0699552
24 3.7172122 4.555469
5 6.160951 -3.313433
11 3.9280577 5.6343126
