30 2
29 3.7957125 4.1550846
7 3.4746978 3.9858809
2 -3.0364184 5.418551
3 0.8736864 4.1615086
4 -3.152955 5.3283606
10 3.7665346 4.029762
14 -3.2596273 5.4700203
1 5.1378355 4.230823
20 -2.3870616 4.9201274
5 0.97831035 4.042442
24 1.0143914 4.1615148
22 3.7068267 3.9211195
12 4.8561163 4.1951523
23 -3.5805333 5.587122
15 5.0526977 4.2260685
6 4.5115595 3.9612772
21 1.7077391 4.0652742
18 -2.1991723 4.8542514
25 4.7719393 4.2025084
16 0.21140364 4.4087543
9 0.3935876 4.314338
0 0.14500487 4.2743716
28 -2.459051 4.905
8 -2.3579915 4.9836273
17 -2.8788466 5.2957163
27 1.2316515 4.1937504
19 -3.55677 5.6795883
26 4.709321 3.9808989
13 1.8359407 4.090498
11 0.58417904 4.183998
