30 2
7 4.3030267 3.0180597
29 4.900837 3.1065726
3 1.7206175 3.8322186
11 1.2898922 4.0897317
10 4.593873 3.1414745
1 5.864085 2.926594
5 1.945332 3.7600856
20 -1.1690257 5.3381925
25 5.5785756 3.006526
14 -2.0626662 6.229464
4 -1.7518075 5.877172
2 -1.6690806 5.8897552
21 2.7309077 3.669318
18 -0.9308473 5.157838
24 1.8966612 3.8426924
0 1.1816331 4.08193
28 -1.3941016 5.472211
23 -2.276843 6.419542
26 5.4443784 2.8428369
6 5.292976 2.8655992
8 -1.1357834 5.339703
22 4.4406085 3.0485013
9 1.2776135 4.136589
12 5.445852 3.0186746
15 5.9381423 2.9558604
16 1.2884591 4.2067842
19 -2.375773 6.357602
17 -1.4840165 5.685612
27 2.2671132 3.704436
13 2.7281158 3.5445232
