30 2
7 4.166801 3.2622547
29 4.7338505 3.2851303
2 -1.7874241 5.7573676
6 5.1961317 3.0816796
5 1.7849547 3.794645
3 1.5531217 3.986213
20 -1.2714734 5.228443
4 -1.9867418 5.834596
11 1.4010267 4.0057354
1 5.725675 3.168859
18 -1.2283064 5.214987
25 5.3963547 3.1651528
8 -1.2664298 5.205595
10 4.3286734 3.2440946
14 -2.2546918 5.9684024
0 0.8677006 4.211411
24 1.754476 3.905791
17 -1.6718411 5.632902
16 1.0990957 4.2548156
22 4.3683734 3.1603098
26 5.352081 2.9984102
9 1.0140651 4.2004666
21 2.5835612 3.651166
15 6.0205965 3.1670105
23 -2.524535 6.2172503
12 5.329432 3.2260952
19 -2.5368915 6.334444
13 2.4862847 3.7391298
27 2.0603707 3.7976272
28 -1.5913364 5.4819684
