30 2
4 3.987547 0.7322698
1 3.920836 4.808026
10 5.2189236 -1.9839517
21 3.8862426 4.4226813
16 4.0095997 1.3040074
25 6.012725 -3.2757857
15 4.0409827 1.0334694
7 3.7761555 1.6587999
14 3.8678548 1.7643379
26 3.7900462 1.8625888
20 4.0977435 0.40794253
22 3.901818 1.3527784
8 5.9302244 -3.138518
13 5.271749 -2.0125108
28 5.7113395 -2.8628888
27 4.076238 5.7483773
6 5.951785 -3.1455822
18 3.886332 1.017877
3 3.821603 3.8867042
29 6.503934 -3.7842386
0 3.744419 4.2318816
11 4.070807 5.449306
12 4.147111 6.1070185
2 4.15026 6.064963
5 5.9922776 -3.1846592
17 3.9997158 1.1674229
19 5.2441225 -2.0384138
23 6.417753 -3.677349
9 3.8766308 4.561939
24 3.7789297 4.354687
