30 2
12 3.4259512 6.4630513
22 3.684369 1.8171173
10 5.357391 -1.1988938
4 3.979169 1.1297809
16 3.6230736 1.9927347
21 3.226378 4.921947
1 3.18092 5.428209
7 3.5423977 2.2243164
0 3.1952274 4.843289
28 6.062336 -2.148402
14 3.5788214 2.1604319
19 5.599122 -1.5707196
25 6.230136 -2.250664
29 7.1266003 -3.146805
15 3.874021 1.5811592
13 5.512154 -1.4019643
20 4.0001826 1.0571935
18 3.7874436 1.4101549
8 6.151563 -2.2433221
27 3.2329733 6.2251077
5 6.4744973 -2.482357
26 3.4925716 2.3992562
6 6.398023 -2.3664262
3 3.28893 4.6804132
11 3.3208933 6.0413003
9 3.2491302 4.7626243
23 6.963215 -2.964053
17 3.9113512 1.3476026
24 3.3562112 4.8075457
2 3.442333 6.572591
