51 2
39 -2.7903306 -1.9504719
32 -2.4615812 -2.2146726
26 -2.0636199 -2.6745608
29 -1.9675481 -2.5023293
30 -2.017373 -2.5273285
35 -2.5306432 -2.0366313
28 -2.7540967 -1.9701118
9 -2.0383308 -2.3435183
1 -2.0197895 -2.5480793
33 -1.9955037 -2.7632384
16 -1.9031504 -2.46951
47 -1.870398 -2.6378324
27 -2.0645154 -2.5000002
19 -2.7742338 -2.1055455
31 -1.8255433 -2.7235472
37 -2.2731047 -2.5052984
0 -2.2563546 -2.5165336
50 -2.6800451 -1.9802
24 -2.945868 -1.9331328
48 -2.044828 -2.535166
23 -2.8136468 -2.0219967
13 -2.441703 -2.0051792
43 -1.7348568 -2.575774
49 -2.640603 -1.9521382
22 -2.0603755 -2.415238
36 -2.5397804 -1.915438
46 -2.0633914 -2.4673831
21 -1.9533024 -2.3422678
6 -2.4930735 -2.0610418
17 -1.9482675 -2.5188756
45 -2.1062114 -2.2291007
4 -2.6671674 -1.8442737
44 -1.9864829 -2.5158834
38 -2.11417 -2.3558922
11 -2.3596413 -2.0024052
12 -2.3968167 -1.9126831
15 -2.486492 -1.9706951
18 -2.0582309 -2.3799286
34 -2.0342517 -2.4422426
42 -1.9524974 -2.479352
8 -2.105735 -2.2341013
14 -2.3955846 -2.025108
41 -1.9090242 -2.5641186
20 -1.7814542 -2.5760622
3 -2.0433521 -2.3736384
10 -2.4989307 -1.7410669
7 -2.0493753 -2.2818944
5 -2.0333056 -2.2892337
2 -2.4485018 -1.9234891
40 -2.265418 -2.2536023
25 -2.4830658 -1.9224665
