30 2
16 3.6498451 2.0154903
7 3.373354 2.5471978
21 3.0162475 4.95625
15 3.7299488 1.7726871
4 3.799591 1.5361806
23 7.054443 -2.4914467
22 3.56947 2.007109
25 6.3537426 -2.0004516
10 5.4907017 -1.0010699
1 2.931432 5.669106
27 2.9672627 6.5096574
8 6.480496 -1.9118332
19 5.672575 -1.14135
26 3.4117222 2.5669072
28 6.2646694 -1.8288032
5 6.6459837 -2.1349373
0 2.9471793 4.8945084
13 5.446966 -0.95898026
11 2.9267058 6.330483
2 2.955909 6.8104663
14 3.4463115 2.3674035
17 3.7915528 1.7885462
12 3.025814 6.6693482
6 6.4625487 -1.9674774
18 3.6648285 1.5791574
3 3.0089192 4.5190063
20 3.9770596 1.1128179
29 7.1434326 -2.5758796
9 3.0555232 5.0054765
24 2.9824872 4.9980545
