30 2
7 3.8599803 3.615041
29 4.368309 3.744309
18 -1.6535019 5.022748
20 -1.8336419 5.154193
25 5.014108 3.6631207
14 -2.645893 5.668243
6 4.915267 3.4972715
3 1.4739348 4.0073733
2 -2.5639462 5.753616
0 0.5676007 4.18916
1 5.4381666 3.6958716
8 -1.808287 5.141777
22 4.131542 3.6184964
5 1.411163 3.8904233
12 4.8896832 3.6588507
21 2.1751125 3.890382
23 -3.0041234 5.95286
24 1.3228468 3.99898
4 -2.528088 5.5780864
26 5.0791965 3.5667992
19 -3.0749085 6.051312
27 1.595096 3.9583697
11 0.9881388 4.148176
17 -2.1989317 5.488754
10 4.275024 3.7016234
15 5.4389095 3.6235886
16 0.5681725 4.296959
13 2.2393467 3.909188
9 0.5405961 4.283437
28 -2.0158195 5.208098
