30 2
7 3.6363986 3.8666868
29 3.949552 4.015788
25 4.8472066 4.1090283
0 0.14555486 4.304715
20 -2.1684222 4.9760127
4 -2.9236853 5.4079075
3 0.8963732 4.202746
18 -1.8911383 4.90313
12 4.772379 4.0360613
14 -3.12159 5.445617
5 1.0278113 4.113806
6 4.6603284 3.9325733
17 -2.8076465 5.3895364
23 -3.5310514 5.712338
21 1.7856 4.0634594
1 5.237667 4.046476
10 3.778304 4.025596
24 1.1425439 4.1886373
8 -2.3396475 4.9410152
22 3.641285 3.9129589
2 -2.8907437 5.4467754
26 4.869562 3.9306376
16 0.27630448 4.360651
15 5.0590568 3.9955773
19 -3.459253 5.667417
11 0.7642409 4.162936
28 -2.3042893 5.0620346
27 1.3387257 4.1284933
9 0.44843298 4.29559
13 2.0466008 4.058948
