30 2
7 4.2635355 3.1621785
29 4.8387556 3.2149482
22 4.377067 3.1571615
2 -1.8108081 5.912259
1 5.7106133 3.0846808
4 -1.9530654 5.8212276
14 -2.0920868 6.0657067
5 1.8142492 3.849777
3 1.6564386 3.9508767
24 1.8590641 3.9244277
6 5.2669177 2.9761639
23 -2.3775167 6.2800694
20 -1.1801813 5.315404
10 4.4338436 3.1769958
21 2.6057796 3.6724095
15 5.942389 3.0494523
28 -1.5560129 5.4403725
0 1.018014 4.159167
26 5.469022 2.893028
12 5.400108 3.0959074
18 -1.0091811 5.1106157
11 1.4405015 4.076426
17 -1.5586094 5.584894
27 2.1314337 3.765584
16 1.2665265 4.1557474
8 -1.2274947 5.318564
25 5.3307085 3.0555353
13 2.5448723 3.585707
19 -2.5212612 6.4026275
9 1.0948874 4.1560187
