300 2
274 -1.9656122 0.9826055
294 -3.8702552 -1.6542264
289 -3.616058 -1.486361
157 -3.6351202 -1.4878849
203 -3.724421 -1.5162691
269 -3.4076207 -1.2222102
105 -3.2000258 -1.0603353
23 -2.0303535 0.7899224
22 -1.24449 3.7382965
259 -3.558369 -1.4284613
242 -1.9773667 0.96711427
158 -1.2628556 3.5455084
100 -1.27179 4.1164465
149 -1.9831728 0.9213566
197 -1.2895141 3.9723194
8 -2.048794 0.70585215
255 -1.9845377 0.9514964
9 -2.0236988 0.8708981
210 -1.3085151 3.8245616
124 -1.2465572 4.0643654
159 -1.2716911 3.590607
275 -2.0802417 0.7822151
174 -2.0075662 0.97671115
219 -3.5891929 -1.4221541
213 -2.107519 0.7215027
272 -1.282628 3.1771512
5 -1.9826747 1.0110747
35 -2.125624 0.69703835
18 -1.9327335 0.97649825
240 -2.1225715 0.5832199
93 -1.2854998 3.7652767
78 -1.2394627 4.1505165
280 -1.9709969 0.90237355
113 -1.9307859 0.9900981
139 -3.7032006 -1.4701405
208 -3.7208185 -1.5944222
209 -3.2944376 -1.1571294
276 -2.096389 0.6745156
103 -1.3112491 3.32632
36 -1.2786493 4.1768465
251 -1.2681508 3.7548974
147 -2.0194187 0.86998236
252 -2.1869295 0.48367825
241 -2.0998552 0.7965172
237 -1.2632734 3.5106816
19 -1.2517835 3.7528896
76 -1.2158655 3.9809444
295 -3.2434886 -1.0558
190 -1.9166021 1.0615976
107 -2.018155 0.89320034
69 -1.273071 3.3632193
145 -3.9027636 -1.7533648
233 -2.0297017 0.7562537
246 -1.3008554 3.9212103
183 -2.056984 0.8808234
55 -2.0166698 0.8183182
131 -3.422228 -1.2863674
1 -3.5779572 -1.472519
235 -1.3434364 3.6784072
286 -1.2374299 3.840398
77 -1.2847598 3.2200127
115 -1.3009237 3.8351007
50 -3.1009834 -0.9754861
61 -2.0525641 0.80752075
266 -2.0008929 0.92238957
152 -3.6026158 -1.5163741
83 -1.9003739 0.9746995
133 -3.3849688 -1.3380507
175 -2.1179106 0.6334383
282 -2.0556655 0.74358827
238 -1.3084494 3.4341552
277 -1.9035147 1.0866748
116 -1.2808001 3.7992845
265 -1.2954124 3.4911058
15 -1.9210277 1.0704507
87 -2.0377192 0.78857845
122 -1.2169878 3.8497179
30 -1.2508655 3.8650565
46 -1.2809678 4.058855
129 -1.9537466 1.1012491
126 -1.8835936 1.0622343
144 -1.2846256 3.8141844
24 -1.3332376 3.6453936
33 -1.9393551 0.97373426
204 -3.591354 -1.4866811
92 -1.2934258 4.084227
66 -1.251413 3.7786198
101 -1.99201 0.92972535
167 -1.3114576 3.7472534
134 -2.0187492 0.8294509
151 -2.01127 0.8554064
65 -3.5884564 -1.4658222
117 -2.0509126 0.7832232
253 -1.8409618 1.174237
88 -1.2623384 3.5093215
216 -3.661841 -1.5338663
41 -1.2811214 4.222945
195 -1.3091958 3.414935
47 -1.2993731 3.4853323
154 -3.8366404 -1.6295435
247 -1.2286961 3.4831574
89 -1.90697 1.1381495
256 -2.1000817 0.7283706
163 -2.0894659 0.65653044
180 -2.108251 0.64664596
207 -1.2979841 4.095872
121 -2.0510714 0.87783635
64 -3.5033703 -1.3950466
37 -3.781275 -1.6140954
38 -1.3111656 3.8648686
42 -1.2261004 4.0420656
161 -2.0787842 0.79544556
85 -3.4945574 -1.3827082
63 -1.9480717 1.0128132
297 -1.2950135 3.8903346
90 -3.5203116 -1.4676332
99 -1.2950078 3.8396747
189 -1.2751116 3.1869535
150 -2.1181965 0.69200283
170 -2.0577075 0.8202939
6 -2.130766 0.55664957
25 -3.9243536 -1.733113
48 -3.905759 -1.747167
56 -2.1414096 0.6254294
196 -1.3853073 3.8530173
221 -3.5435758 -1.4617554
2 -3.539495 -1.4182051
97 -2.0824368 0.60990036
28 -3.8326051 -1.6374458
53 -1.3070455 3.7508185
58 -3.5483842 -1.3436403
127 -2.0353172 0.79635483
59 -3.8069522 -1.6292769
73 -1.8968341 1.0347241
187 -3.5407603 -1.406078
130 -1.2214588 3.8839037
192 -3.5988567 -1.5125731
206 -3.3784263 -1.196605
177 -1.956492 1.0924097
13 -1.9952849 0.91129726
81 -1.3039734 3.699009
285 -1.313975 4.089719
102 -1.9703434 0.935119
258 -2.0264037 0.919347
194 -2.0272253 0.8376617
249 -3.9200592 -1.7851181
227 -1.3100408 3.6909964
7 -1.255173 3.4796925
95 -3.9135613 -1.6964985
278 -1.2940706 3.4770484
54 -3.9152615 -1.7111992
67 -1.3091245 3.8544822
70 -1.2578497 3.7775326
75 -3.7888918 -1.5935076
82 -3.6457388 -1.4925388
123 -1.3149147 3.4940016
137 -1.1946454 3.9585516
261 -3.735816 -1.7121501
293 -2.0507822 0.8581493
296 -3.63325 -1.4387
140 -2.0298913 0.8204595
51 -3.5528398 -1.4451874
169 -1.2644018 4.0499578
168 -3.820718 -1.618761
68 -1.2668633 3.682825
271 -1.3259808 4.242711
182 -3.5706096 -1.3985755
288 -3.673156 -1.4992541
292 -3.6307251 -1.587272
188 -2.1416728 0.596733
27 -3.4719853 -1.3038133
141 -3.8100715 -1.6782522
114 -2.046236 0.7697808
179 -1.3017735 3.6433773
43 -1.9731696 0.8913571
267 -3.6946938 -1.568689
268 -1.2414957 4.250164
118 -1.3226448 3.8810244
212 -1.3280262 3.7088559
264 -3.900521 -1.7541634
153 -3.5022688 -1.4071993
236 -1.3050293 3.2710025
290 -1.3262128 3.107424
11 -2.0722425 0.796296
3 -1.2206318 4.0629873
244 -2.064097 0.68998784
16 -3.8098497 -1.6019868
222 -3.6637576 -1.5702143
44 -3.4123955 -1.2106119
45 -1.230406 3.6028516
128 -1.9767114 0.96874624
223 -3.6959562 -1.6175483
94 -1.9870011 0.9499276
229 -1.8514892 1.2363139
234 -1.8461169 1.0969505
155 -3.7837498 -1.5950546
254 -3.6329978 -1.4914546
132 -1.2544847 3.277382
20 -1.313197 3.5423937
120 -3.726473 -1.5296851
201 -1.9881407 0.94864315
31 -1.2952449 3.6803582
224 -4.005331 -1.7824929
39 -2.1046758 0.7425665
199 -1.9556886 1.0383052
287 -3.7301755 -1.6676276
108 -1.9596584 1.0998796
232 -3.5884724 -1.4642245
248 -3.765604 -1.6362407
148 -3.657656 -1.5542023
211 -2.0524948 0.75878644
298 -1.9237797 1.0358742
184 -3.988557 -1.8424143
260 -3.974503 -1.8315037
14 -3.5494056 -1.4024029
138 -1.3344144 3.615337
205 -1.2458442 3.2296135
26 -1.2770412 3.1868548
262 -2.0259917 0.81571615
49 -2.003136 0.8947891
71 -1.9846193 0.8596144
86 -3.1782773 -1.0657418
162 -2.015192 0.900485
60 -2.058361 0.76456714
291 -1.9677278 0.98189455
40 -3.6426594 -1.5224619
106 -1.3021247 3.4882276
245 -3.616528 -1.569333
283 -1.3071591 3.8049147
200 -1.2723452 3.8381348
135 -3.3140285 -1.172171
160 -3.7563887 -1.6015997
125 -1.2185822 3.6613967
176 -1.1809784 3.653829
214 -2.0713315 0.8849724
228 -1.9618267 0.999308
164 -4.010602 -1.9905763
80 -1.2426476 3.6845622
263 -2.0510743 0.7691118
34 -1.871034 1.0534847
218 -1.9017096 1.1813649
72 -3.25392 -1.0643905
84 -1.3373799 3.5327191
172 -3.4776626 -1.3210403
243 -1.9386979 0.96736926
112 -3.6323085 -1.4767172
166 -1.3151282 3.8345382
215 -1.2709179 3.9815636
250 -3.7906296 -1.5829453
17 -1.286619 3.7503536
220 -3.513493 -1.4109944
270 -3.786954 -1.5475252
119 -1.3275936 3.2677839
104 -2.0536246 0.81328654
142 -1.257548 3.9006422
299 -1.2743773 3.751635
173 -2.1031709 0.78168905
281 -2.0284393 0.7593397
156 -1.300533 3.4471555
193 -3.4899867 -1.3090007
202 -4.358263 -2.1348124
143 -1.2524261 3.2818353
230 -1.2782756 3.6665683
231 -1.8919743 1.2201433
178 -3.3310196 -1.161232
226 -1.3402156 3.8582277
217 -1.2819332 3.6073465
79 -3.8408089 -1.6205195
98 -3.463974 -1.2892877
96 -1.2778513 3.9927928
239 -1.2270608 3.7682745
191 -1.2728432 3.7276316
12 -1.9023601 1.0715176
29 -3.4475424 -1.316142
62 -3.5588992 -1.395348
110 -3.3270879 -1.1037047
111 -3.6554666 -1.5250326
165 -3.7515197 -1.5210226
273 -3.6315384 -1.4561231
74 -3.3841095 -1.2238098
284 -3.6295524 -1.5246917
185 -3.6872745 -1.6521109
4 -1.3233031 3.6491935
198 -3.037143 -0.8852168
21 -1.2958072 3.4974186
257 -1.2307136 4.269282
279 -2.0296504 0.84892786
109 -3.833076 -1.6039915
225 -1.2757993 3.5833085
0 -1.2920328 3.8846357
52 -1.979563 0.93315095
57 -2.0347571 0.85278714
136 -3.876862 -1.7022437
10 -1.2917043 3.9426367
91 -1.869769 1.230584
186 -2.020094 0.99703455
32 -3.7423482 -1.5889199
171 -1.9163346 1.1813467
181 -3.3218055 -1.2454208
146 -3.87023 -1.5886637
