30 2
14 3.4412715 2.47072
16 3.6229029 1.9978935
17 3.7237647 1.8164437
8 6.365569 -1.869964
22 3.6094916 1.9249574
1 2.9359155 5.6652803
21 2.9584732 5.0145435
15 3.7108874 1.7862133
28 6.283535 -1.7305616
7 3.4058635 2.4910326
25 6.3711624 -1.9562218
12 3.0207162 6.6750402
26 3.3509057 2.5536308
2 3.042022 6.842353
10 5.472 -0.9748054
27 2.9497035 6.47502
11 2.8586764 6.273952
20 4.00522 1.0239868
13 5.536275 -1.0268793
0 2.9224772 4.9525332
4 3.8272035 1.4902866
3 2.974672 4.6574197
5 6.62301 -2.1698618
6 6.358591 -1.9146762
19 5.6784215 -1.1674073
24 3.005536 4.9489937
23 7.0014706 -2.4753406
18 3.6572607 1.5471244
29 7.2543955 -2.446463
9 2.9974558 5.0359282
