30 2
7 4.273874 3.2094972
29 4.692853 3.3899748
5 1.4336421 3.9039962
14 -2.4255505 5.8886824
3 1.5436292 4.0041122
20 -1.3547375 5.211815
23 -2.6458883 6.0995317
18 -1.1735911 5.1421533
0 0.6578696 4.239976
1 5.6898766 3.2586396
21 2.34827 3.8507533
2 -1.9072591 5.826794
4 -2.1596432 5.8583784
26 5.223217 3.2221797
6 5.080081 3.2056608
25 5.4549804 3.2497313
24 1.5875702 3.9664407
10 4.4243855 3.5030966
11 1.1167923 4.0927978
12 5.1263294 3.260553
8 -1.4923166 5.241436
22 4.515241 3.216675
28 -1.5473475 5.3556333
9 0.8773996 4.293277
17 -1.8125364 5.5682364
13 2.3224401 3.7225938
15 5.993045 3.3055615
19 -2.6228943 6.217079
27 1.9108725 3.855031
16 0.9788408 4.2960653
