30 2
7 4.49915 2.8714662
29 4.9304986 2.9454482
14 -1.8464233 6.257607
3 1.769299 3.889179
20 -0.827054 5.334888
2 -1.4249048 6.0048733
4 -1.4862529 5.9723387
1 5.904549 2.6867232
24 2.0432804 3.7539728
5 2.0654309 3.6453505
11 1.6078932 3.9445398
28 -1.1940274 5.5822453
23 -1.9298602 6.4032393
19 -1.9679825 6.465205
15 6.2310114 2.7140093
26 5.560338 2.6559317
6 5.505714 2.675405
21 2.8573883 3.5243871
18 -0.7214649 5.1978965
25 5.747515 2.7362869
0 1.0905331 4.14983
16 1.4066294 4.14456
10 4.7411056 2.8725219
8 -0.9874339 5.4584823
22 4.496043 2.9002893
17 -1.2483078 5.7025294
12 5.542623 2.7234218
27 2.3400135 3.6452224
13 2.9362667 3.459095
9 1.3076942 4.1537786
