30 2
16 3.8476858 1.6298451
4 3.9668589 0.9321797
1 3.4080832 5.2299237
19 5.316547 -1.5400118
15 3.9154222 1.2789458
14 3.761419 1.9500331
22 3.7372553 1.6468071
7 3.599657 2.1576545
10 5.2940784 -1.4242312
13 5.3653913 -1.5023481
24 3.4237304 4.6814466
21 3.3868492 4.689412
17 3.9841485 1.2873715
8 6.1055093 -2.5078745
26 3.6064382 2.159064
5 6.4068966 -2.7051213
20 4.111777 0.7685742
6 6.261712 -2.6319568
11 3.5915446 6.101094
12 3.550723 6.4294863
23 6.853085 -3.315595
9 3.4778345 4.6680202
25 6.22466 -2.456941
28 5.896998 -2.3658543
29 6.9819574 -3.2200387
18 3.8272433 1.2232208
0 3.5185266 4.715375
3 3.382019 4.4240355
27 3.505892 6.163542
2 3.6621673 6.5741806
