300 2
269 -3.475417 -1.4948717
56 -2.0891483 0.5679543
295 -3.334049 -1.3519344
127 -1.93815 0.9818093
225 -1.3628818 3.36485
161 -2.0391989 0.73295456
210 -1.4964031 3.7595055
151 -1.9760431 0.8975607
83 -1.9964389 0.8253064
94 -2.0812821 0.69472706
131 -3.5780835 -1.6137491
162 -2.004929 0.94164646
252 -2.1842384 0.5243734
238 -1.4032857 3.6502526
7 -1.4567001 3.4986024
18 -2.0350137 0.72493654
167 -1.3665013 3.914408
158 -1.3952416 3.9535933
192 -3.321171 -1.2864581
29 -3.6983855 -1.691731
263 -2.1006978 0.6956301
47 -1.3709506 3.5701156
292 -3.5356362 -1.5590736
271 -1.4731202 4.036357
64 -3.4138665 -1.4375063
298 -2.0855734 0.76680946
67 -1.4060144 3.674984
30 -1.3643768 3.6495457
258 -2.06716 0.6920373
90 -3.4789734 -1.4286785
199 -1.9904556 0.9753395
275 -2.0489929 0.68067473
213 -2.1131406 0.57981205
34 -1.946782 0.981366
185 -3.8620934 -1.9279163
0 -1.4280374 3.9249754
16 -3.7031786 -1.7488539
182 -3.4760516 -1.4834116
33 -1.9511176 0.8486909
79 -3.467862 -1.511566
76 -1.411643 4.078709
187 -3.559374 -1.5628417
164 -3.7122877 -1.7664015
257 -1.44685 3.9187167
272 -1.3740101 3.2416823
265 -1.3979057 3.3061936
183 -1.9605817 1.0515162
36 -1.4073985 3.4992983
55 -1.9805689 0.8529809
157 -3.6076188 -1.6782738
232 -3.6716566 -1.7392516
170 -2.0854826 0.7979021
201 -2.036929 0.80006665
77 -1.3699508 3.0090833
28 -3.540223 -1.5497626
9 -2.0512004 0.75403976
63 -2.023384 0.7746237
235 -1.3990524 3.82601
203 -3.5420506 -1.585651
6 -2.0156937 0.6412295
197 -1.4425167 3.6120334
51 -3.5895648 -1.6153688
111 -3.625357 -1.6859151
267 -3.338435 -1.3414363
105 -3.3446193 -1.3447623
118 -1.3668672 4.3516054
175 -2.0359695 0.82760924
188 -2.2050626 0.5056669
8 -2.0610783 0.7356981
229 -1.9005777 1.2134061
198 -3.09022 -1.0711025
268 -1.4097478 4.1387343
140 -2.1731558 0.61618054
208 -3.5291142 -1.5658301
291 -2.0489688 0.8078826
284 -3.625205 -1.6221951
233 -2.0107472 0.83281595
264 -3.9988406 -1.9423898
166 -1.3893126 3.7651484
153 -3.373957 -1.3355652
98 -3.11529 -1.1657852
61 -1.9513 0.8699594
125 -1.3578459 3.4487782
88 -1.4791887 3.6108203
133 -3.2630143 -1.2863026
135 -3.2992575 -1.3276062
215 -1.3601903 3.3211904
243 -1.9978268 0.93441135
231 -1.9552445 0.96797067
294 -3.585726 -1.5507872
2 -3.475162 -1.5837291
251 -1.4434264 3.8922248
134 -1.9294218 0.89438707
254 -3.678542 -1.6785923
234 -2.0007477 0.85393256
101 -1.9918139 0.9554949
72 -3.352627 -1.3295345
102 -2.108839 0.56696695
280 -2.040179 0.8087051
228 -1.9806862 0.86584115
279 -2.101968 0.71138746
256 -2.141003 0.5017444
217 -1.4039509 3.7294712
205 -1.4036084 3.6102564
25 -3.682248 -1.6694056
27 -3.6939576 -1.6875439
246 -1.3946562 4.1280766
282 -2.13464 0.70630956
100 -1.4198511 3.9068732
116 -1.3963393 3.7230284
149 -2.0244532 0.82735926
218 -1.9780401 0.8550126
261 -3.7253344 -1.7756821
144 -1.3671784 3.4875007
35 -2.2331295 0.48162752
141 -3.4723835 -1.4910811
177 -2.0779805 0.74018145
242 -1.9977231 0.9240303
159 -1.4114298 3.7137609
21 -1.3798944 3.8308437
99 -1.4377999 3.791954
53 -1.3954406 3.6684096
65 -3.5330763 -1.5103891
237 -1.4100078 3.613693
297 -1.4417715 3.8044324
31 -1.3773911 3.5037572
222 -3.6485293 -1.5228411
286 -1.398454 3.7428238
66 -1.3938445 4.1542535
276 -2.0228748 0.7554348
108 -2.069273 0.7064428
139 -3.8088677 -1.8308339
155 -3.7848866 -1.776319
181 -3.4231265 -1.4174477
3 -1.4743536 3.893915
147 -1.9987606 0.78496593
10 -1.4775954 3.951644
169 -1.4153899 3.6036565
42 -1.4299979 3.842548
44 -3.2454553 -1.2227324
106 -1.4270349 3.4749575
58 -3.8246403 -1.894038
86 -3.3709257 -1.3680224
190 -2.0132048 0.93039984
104 -2.034306 0.7502138
255 -1.9492272 0.9781793
160 -3.6958258 -1.8187449
216 -3.8446858 -1.7887913
13 -2.03162 0.7861222
273 -3.593693 -1.6053524
239 -1.3755312 3.468424
70 -1.3539675 3.5384192
124 -1.4451717 4.132491
289 -3.7871003 -1.7677813
91 -1.9392699 1.1308575
103 -1.4165184 4.0788064
112 -3.5794952 -1.5673691
122 -1.3803369 4.1632285
195 -1.4122261 3.4639702
293 -2.0487115 0.79006076
206 -3.4695036 -1.5732435
236 -1.4440562 2.878896
253 -2.0026476 0.814514
171 -1.9635237 0.98930055
50 -3.2443888 -1.3167213
38 -1.4419597 3.600731
49 -1.9357545 1.0113035
145 -3.5902057 -1.5691162
290 -1.3568671 3.4455383
68 -1.377808 3.4695256
69 -1.3608359 3.185055
121 -2.11859 0.62483925
247 -1.3670666 3.7908244
189 -1.4326665 3.3968441
296 -3.636157 -1.6949253
219 -3.7583973 -1.800975
12 -1.9201794 0.97564363
15 -2.028627 0.76170576
22 -1.3692356 3.6822026
26 -1.3078492 3.4755385
277 -1.9054736 0.997645
37 -3.4500165 -1.4588212
45 -1.4269382 3.305962
150 -2.1193137 0.5816682
287 -3.7701814 -1.8199245
270 -3.476409 -1.5225027
138 -1.4681048 3.8190947
262 -2.0883815 0.53161705
14 -3.6291952 -1.6802315
130 -1.3879102 3.9075096
62 -3.4940147 -1.5879976
212 -1.3523027 4.002015
84 -1.353807 3.5447593
41 -1.4546391 3.9127674
46 -1.4477477 4.2675138
97 -2.156489 0.47988743
132 -1.400141 3.4016278
154 -3.870162 -1.779929
244 -2.1038225 0.60950524
128 -2.0862203 0.729812
4 -1.4543191 3.6059768
32 -3.3237486 -1.2426953
57 -2.1442678 0.56931466
165 -3.5431614 -1.5262858
152 -3.6216416 -1.6225296
80 -1.4385535 3.4873989
96 -1.4182425 3.635354
82 -3.4246676 -1.4378694
260 -3.946352 -1.9604367
107 -2.036129 0.8690804
259 -3.4458702 -1.3707135
220 -3.7572296 -1.7733042
168 -3.742565 -1.7808052
5 -1.9389727 0.98744345
11 -2.1418443 0.59278184
39 -2.0648973 0.75799596
143 -1.328944 3.466706
23 -2.0655391 0.75802743
117 -2.026822 0.85214114
224 -3.696393 -1.7544503
129 -1.9054263 1.0063417
75 -3.5131226 -1.4774258
93 -1.3841196 3.6524975
115 -1.4230466 3.7952836
266 -2.0806553 0.74529743
148 -3.6154637 -1.6585907
163 -2.1553702 0.6568397
1 -3.6667762 -1.6664714
178 -3.2840216 -1.2696687
60 -2.0884323 0.7462863
241 -2.001207 0.8708004
227 -1.4124146 3.4613247
142 -1.4129182 4.235054
87 -2.0310738 0.69559336
200 -1.3699309 4.087504
202 -4.297149 -2.27859
17 -1.4622766 3.8411334
71 -2.0415266 0.7467144
20 -1.4597731 3.5654166
179 -1.4126137 3.69386
174 -2.077347 0.6243699
180 -2.0665298 0.7283985
54 -3.758935 -1.7227507
194 -1.9690403 0.91430134
85 -3.648115 -1.7364991
89 -2.031331 0.84759825
184 -4.037934 -1.9621146
120 -3.6092284 -1.5733467
211 -2.034477 0.6981279
214 -1.9766291 0.9663018
274 -1.9032797 1.0772192
281 -2.1328278 0.6735901
240 -2.180054 0.49401978
19 -1.4444993 3.4658523
283 -1.3619694 3.8029718
81 -1.3883141 3.9109926
136 -3.9339669 -1.9154117
59 -3.5241513 -1.4742632
95 -3.862405 -1.9433867
285 -1.468652 4.011641
245 -3.5757334 -1.5702723
186 -2.033356 0.8882928
191 -1.3966577 3.7717586
221 -3.7521567 -1.7181286
193 -3.3774226 -1.4556001
176 -1.3495055 3.7064967
173 -2.0429432 0.8976244
74 -3.221384 -1.2013646
248 -3.839643 -1.8712255
126 -1.9914889 0.8609184
137 -1.4387236 4.0305014
204 -3.5657995 -1.6761252
43 -1.9072019 1.0475185
109 -4.063234 -2.015464
110 -3.2914934 -1.3500025
288 -3.7776582 -1.757885
196 -1.4247988 3.943908
24 -1.3772702 3.5631433
209 -3.4831522 -1.553211
48 -4.096063 -2.1076815
250 -3.4945588 -1.43538
73 -2.0077202 0.7121766
114 -2.0984828 0.74783355
123 -1.3628097 3.6720843
226 -1.3828592 3.8590775
78 -1.3747985 3.5633414
52 -1.8813254 1.1084486
223 -3.9882672 -2.1004384
146 -4.0047975 -1.9432383
207 -1.4428985 3.8141677
156 -1.398663 3.4106576
278 -1.3321035 3.7098625
172 -3.530058 -1.5054162
230 -1.370008 3.3512814
40 -3.539064 -1.5885066
299 -1.325654 3.9953089
119 -1.4169879 3.4799929
92 -1.4411703 4.35083
249 -3.706215 -1.7073758
113 -2.0168674 0.78268194
