300 2
252 -1.9938844 0.79842466
259 -3.627307 -1.578185
97 -2.0470889 0.73543155
94 -2.072769 0.6163826
115 -1.3807375 3.7495668
105 -3.1977468 -1.2639978
263 -2.002051 0.7102106
12 -2.0014443 0.8986583
182 -3.7465026 -1.7480706
246 -1.4206239 3.9242115
190 -2.0474021 0.7524446
158 -1.3733695 3.948961
5 -1.907612 1.085728
208 -3.5546665 -1.5982715
205 -1.4325229 3.2294273
148 -3.7166476 -1.6568202
83 -2.0463767 0.8180921
203 -3.7646596 -1.8195425
222 -3.598722 -1.5879986
155 -3.894485 -1.8394628
154 -3.6442423 -1.6889133
101 -2.0387952 0.7498148
209 -3.576909 -1.6297332
15 -1.9746845 0.9740879
48 -3.5758529 -1.7277907
242 -1.8305961 1.1710044
175 -1.9542971 0.9589997
34 -2.0064006 0.9775911
144 -1.4436663 3.5429807
149 -1.9285238 0.9934624
127 -2.0345855 0.717313
8 -2.0289185 0.8180618
228 -2.1000905 0.7446756
117 -2.0693076 0.7657655
32 -3.5900033 -1.6423724
36 -1.4248744 3.9839613
37 -3.6132414 -1.5697
159 -1.3956754 3.6641574
262 -1.9971063 0.862906
282 -2.1314325 0.6054545
136 -3.8867996 -1.7909715
7 -1.4249994 3.5899332
96 -1.4448532 3.8621635
167 -1.3932462 4.341024
293 -2.0438755 0.7172504
224 -3.5919123 -1.5504103
295 -3.3624754 -1.4022548
42 -1.4290327 3.5797684
237 -1.4407388 3.471047
52 -1.9951204 0.9499333
87 -2.0233302 0.82071775
221 -3.6165335 -1.6144259
168 -3.744699 -1.7062808
256 -2.17189 0.5078189
204 -3.8600523 -1.7794651
283 -1.4274849 3.6624918
80 -1.4132408 3.7600713
198 -3.2758856 -1.311407
239 -1.4730518 3.65876
114 -2.09784 0.7322442
72 -2.9863613 -0.99951047
157 -3.4798803 -1.5209804
166 -1.4851007 3.6505103
18 -1.9608629 1.0071427
180 -2.141638 0.50749385
58 -3.865845 -1.9055797
170 -2.0515876 0.661444
218 -1.9405217 0.9064755
194 -1.9355754 1.0030035
116 -1.4569099 3.6577497
123 -1.4520967 3.5406165
298 -1.9802674 0.852147
27 -3.4182868 -1.4089625
275 -2.1162937 0.6422695
35 -2.0686555 0.71652263
71 -1.9431349 0.94215024
39 -2.0677056 0.81943965
278 -1.3784636 3.8059168
257 -1.4374006 4.110285
296 -3.919686 -1.903121
251 -1.3742554 3.802874
234 -1.9453593 0.8600056
133 -3.3315203 -1.3576849
174 -2.033421 0.69729096
238 -1.4367552 3.8724935
292 -3.6732414 -1.6235645
9 -2.0146863 0.7267647
29 -3.6112652 -1.655592
231 -1.954445 1.0220027
280 -2.0135388 0.8095613
108 -2.0523958 0.7523228
124 -1.4383347 3.8469043
274 -1.8821094 1.1088985
286 -1.4752529 3.8851242
281 -2.0492892 0.7862481
6 -2.0857043 0.6733297
38 -1.3368889 3.7720768
13 -2.0056968 0.9137319
185 -3.5899293 -1.6125122
16 -3.835215 -1.7816718
65 -3.5623164 -1.6296237
273 -3.7903416 -1.8258297
47 -1.4071158 3.1781502
53 -1.4084316 3.5636106
56 -2.0233238 0.7953613
160 -3.8356435 -1.8549045
284 -3.4426887 -1.4468054
210 -1.4302652 3.9976642
137 -1.4391571 3.6732557
255 -1.9544197 1.0666056
3 -1.4138557 3.8820355
240 -2.1873019 0.544636
19 -1.4155325 3.6653855
189 -1.4271375 3.2659733
186 -2.0994833 0.7521903
219 -3.6085436 -1.6083444
288 -3.875168 -1.8443885
86 -3.4078777 -1.4151621
55 -2.04108 0.83988655
153 -3.3764923 -1.3311447
100 -1.4767519 3.8831732
98 -3.3363853 -1.3326585
258 -2.0883374 0.6842104
126 -1.915407 1.0520293
201 -2.1207182 0.5594801
229 -1.9178162 1.0786668
232 -3.7231357 -1.7681756
291 -2.0075667 0.9216579
192 -3.4846575 -1.532086
162 -1.9426937 1.0036345
241 -1.9574231 0.94679624
200 -1.3815638 4.1666174
21 -1.4090947 3.7939742
299 -1.452938 3.47861
142 -1.4362011 4.4596334
225 -1.3918382 3.5201876
211 -2.087145 0.67326766
59 -3.3819497 -1.436739
253 -1.9768103 1.0419918
125 -1.4357722 3.0527077
147 -2.110692 0.5268651
176 -1.3803605 3.1799924
66 -1.4448992 4.206536
217 -1.4668977 3.9530478
22 -1.3985448 3.7684362
88 -1.3875018 3.4924567
193 -3.740202 -1.7472115
161 -2.1331162 0.6398215
69 -1.4149393 3.8490787
51 -3.6078217 -1.6805547
77 -1.4090539 3.1736114
243 -1.9902188 0.966661
24 -1.4772351 3.4433718
25 -3.602156 -1.6139996
26 -1.375675 3.2475173
235 -1.4298878 3.6218655
33 -1.9395981 1.0686959
45 -1.4035492 3.2455769
67 -1.4316032 3.8938928
233 -2.06318 0.8313155
104 -1.9582865 0.84019494
206 -3.3135016 -1.3765916
95 -3.9207072 -2.0005147
265 -1.3344854 3.4996238
271 -1.4864342 4.1598744
62 -3.6851325 -1.713198
44 -3.367588 -1.4882523
102 -2.089287 0.6949471
165 -3.7276995 -1.7999251
216 -3.853912 -1.8613358
184 -3.7930658 -1.858049
287 -3.5094144 -1.4807074
152 -3.898892 -1.8606514
85 -3.7205024 -1.8204134
129 -2.0024843 0.9040205
195 -1.4077785 3.2985418
276 -2.079042 0.7539235
245 -3.5208912 -1.5427618
272 -1.4211965 3.102645
41 -1.4366853 4.0634775
99 -1.3987554 3.56579
92 -1.4209412 4.7308383
132 -1.385173 3.2688866
60 -2.0366023 0.7307143
61 -2.078526 0.6481313
76 -1.4471785 3.7948925
107 -1.9839004 0.9185578
289 -3.5236456 -1.54612
202 -4.293388 -2.1507652
181 -3.50692 -1.4747993
285 -1.4197452 4.020213
4 -1.3993943 3.4626315
10 -1.3796278 3.8142922
89 -1.9448282 1.0812206
109 -3.955762 -1.9283853
28 -3.5892305 -1.5823662
145 -3.7251444 -1.6174206
43 -1.894829 1.0504072
93 -1.4269688 3.3341956
49 -1.9870645 0.9985468
54 -3.913192 -1.88236
57 -2.0796256 0.5996925
279 -2.089503 0.64010894
188 -2.048588 0.8253581
78 -1.500921 3.8545396
90 -3.582539 -1.5848217
207 -1.3739542 3.6981976
169 -1.4632921 3.9099731
171 -2.0160894 0.9456338
215 -1.3550992 3.6936147
230 -1.3952068 3.376486
260 -3.967563 -1.9473748
139 -3.662835 -1.66051
197 -1.4736328 3.648575
151 -2.061693 0.74966824
40 -3.6842318 -1.6060402
103 -1.3848933 3.5256534
146 -3.9439127 -1.9851393
131 -3.4570029 -1.5104398
173 -2.0890167 0.7767552
250 -3.7583787 -1.7256694
196 -1.3412352 3.44903
236 -1.443316 3.1913507
223 -4.1364 -2.0842516
268 -1.4297998 4.0525928
23 -1.9984956 0.7610605
30 -1.4513866 3.5824373
294 -3.781354 -1.7244624
63 -2.071171 0.59461254
75 -3.4166374 -1.3546683
82 -3.6759422 -1.7831628
177 -2.0088718 0.82097197
120 -3.5042694 -1.5659263
122 -1.3422601 4.007555
249 -4.021491 -1.8277622
150 -2.154409 0.5626392
220 -3.5870266 -1.6390998
183 -2.0337162 0.7764377
1 -3.653696 -1.6907735
20 -1.4240155 3.6072605
156 -1.4556551 3.5368702
267 -3.2681053 -1.2453306
50 -3.052186 -1.0955575
46 -1.4558287 4.388294
110 -3.333513 -1.3021255
134 -1.9945064 0.77770436
141 -3.626961 -1.6526017
111 -3.533421 -1.476383
121 -2.1201153 0.63060904
135 -3.5361977 -1.5713427
138 -1.4820197 3.8382404
212 -1.4267616 3.899611
164 -3.8771708 -1.9133579
199 -2.1003156 0.7268021
14 -3.471483 -1.5785704
74 -3.2297192 -1.1917591
254 -3.29806 -1.3738009
2 -3.2149732 -1.2663078
11 -2.0436237 0.707562
17 -1.4069097 4.143611
178 -3.4587271 -1.4507661
73 -1.9884523 0.86727506
163 -2.14367 0.66542125
264 -3.75444 -1.6441153
68 -1.4152348 3.5428565
81 -1.4943761 3.770861
113 -1.9613392 0.98375034
106 -1.4297163 3.2068043
297 -1.4043479 3.6326072
213 -2.098004 0.68581915
91 -1.895832 1.2400237
128 -2.0067053 0.94393104
247 -1.3860059 3.277052
172 -3.5473604 -1.5874506
269 -3.1739323 -1.1209939
266 -2.0702326 0.7309971
0 -1.4002055 3.5203052
277 -1.9358109 0.9831558
270 -3.4939508 -1.5465406
118 -1.4053652 4.1572328
130 -1.5055604 3.9757648
179 -1.3527452 3.486034
214 -1.9791592 0.9348855
140 -2.0656996 0.7069577
226 -1.3936896 4.0755095
64 -3.653873 -1.7013315
143 -1.4203105 3.5619621
187 -3.349638 -1.3456364
70 -1.3949941 3.8023407
31 -1.405214 3.9125643
227 -1.436295 3.6015165
261 -3.5835986 -1.5891187
290 -1.4548686 3.212542
79 -3.6035109 -1.569605
84 -1.4616853 3.475016
112 -3.474681 -1.5772033
119 -1.4245638 3.3614986
248 -3.7299356 -1.6609017
244 -2.0936317 0.68432295
191 -1.429983 3.7777698
