300 2
18 -1.9177278 1.0330247
127 -1.9745228 0.92055917
147 -2.040911 0.7176478
210 -1.4087894 3.814879
233 -2.1284566 0.67063785
7 -1.4422151 3.3677845
236 -1.4208758 3.09072
190 -1.9893504 0.83849883
250 -3.7852402 -1.8054487
282 -2.0186327 0.7799856
6 -2.0467763 0.6692514
10 -1.4196295 4.062959
291 -1.9271648 1.1081594
167 -1.4095161 3.7313683
90 -3.6434681 -1.6368412
208 -3.7697992 -1.8055995
280 -2.0398858 0.9025985
108 -2.0010512 0.9271056
9 -2.0335813 0.66704875
61 -1.9941803 0.7653307
269 -3.2324328 -1.1546894
140 -2.011151 0.796343
189 -1.4158609 3.5926526
59 -3.6612196 -1.6458637
122 -1.3976232 4.170127
130 -1.4309338 3.923597
252 -2.2318454 0.49308097
16 -3.78998 -1.7894498
56 -2.0512216 0.7681856
204 -3.841076 -1.9194607
256 -2.1826406 0.5298736
168 -3.6712155 -1.6519018
4 -1.4627116 3.445447
174 -2.0935123 0.61309266
228 -1.9307389 1.0264586
53 -1.3821058 3.6143355
133 -3.520567 -1.4599159
292 -3.5442567 -1.6116753
274 -1.909225 1.0617216
22 -1.4757906 3.6501446
209 -3.2976418 -1.367405
46 -1.4046968 4.4854846
276 -1.9122812 1.0163367
173 -2.0442863 0.8326213
170 -2.09741 0.6386532
109 -3.928914 -2.0016584
129 -2.072993 0.75358546
289 -3.821202 -1.7500751
251 -1.3631811 3.6427946
36 -1.4075341 3.615476
157 -3.4565537 -1.5201629
40 -3.8232548 -1.7928671
94 -2.0326533 0.7731332
166 -1.4417387 3.7045274
180 -1.9796237 0.8135939
11 -2.0707822 0.77174747
75 -3.4090784 -1.3915037
176 -1.3882805 3.3235955
67 -1.3778778 3.6188917
260 -4.2518315 -2.2425199
275 -2.0822241 0.6746518
104 -1.9948797 0.9324646
247 -1.413043 4.009203
197 -1.4008708 3.705118
239 -1.4528366 3.7303057
169 -1.3334616 3.6077492
195 -1.4494648 3.5806422
253 -2.1422598 0.6904419
93 -1.3354024 3.2506182
68 -1.4401152 3.2920706
217 -1.5107682 4.0130715
20 -1.412479 3.3952
39 -2.047681 0.7975555
249 -3.9328442 -1.9664669
64 -3.5749426 -1.5972335
96 -1.4162755 3.5794926
149 -2.0011044 0.79123557
87 -1.948523 1.1206784
177 -2.0092497 0.8915403
229 -1.8648973 1.2260655
99 -1.4269055 3.6176503
15 -1.9665434 0.9257426
161 -2.0246344 0.67357916
240 -2.0640807 0.7122708
97 -2.1099553 0.6523797
89 -2.0200727 0.94627345
79 -3.76673 -1.7802776
178 -3.1971161 -1.2083242
128 -1.9600585 1.0362159
202 -4.149225 -2.177596
126 -1.9123719 1.0463806
175 -1.9715427 0.85171765
297 -1.3785465 3.608071
241 -2.0064538 0.9431379
12 -1.8278557 1.196355
71 -2.0107312 0.8390872
219 -3.5170808 -1.563978
238 -1.4724861 3.9136417
242 -1.9840914 0.9023146
246 -1.2928748 3.8187873
187 -3.330086 -1.4366877
200 -1.3939645 3.9014091
117 -2.0764873 0.67724276
194 -2.0425193 0.6987343
244 -2.069122 0.7128675
135 -3.3296466 -1.324853
17 -1.452269 4.194668
198 -3.343589 -1.3509133
192 -3.4657378 -1.4725283
41 -1.4157969 3.735067
159 -1.2946728 3.8008943
69 -1.4479593 3.5807106
82 -3.7495954 -1.779264
88 -1.4605827 3.2931435
107 -1.9908088 0.8174665
248 -3.5458803 -1.4962488
225 -1.4093397 3.6893768
21 -1.3652201 3.4920082
114 -2.15215 0.5427256
131 -3.494202 -1.459617
285 -1.3886423 3.6570678
49 -2.0688937 0.68012756
191 -1.4111888 4.0164437
271 -1.3849212 3.9848576
105 -3.114107 -1.1152171
119 -1.3653502 3.6591349
151 -1.9982175 0.88066894
162 -2.0134563 0.9447854
165 -3.5925457 -1.5958948
255 -1.8692161 1.0593882
138 -1.3771257 3.534853
43 -2.0215156 0.9572078
137 -1.4317681 3.839537
50 -3.2738125 -1.2153915
51 -3.3229384 -1.3291389
60 -2.0350962 0.88226837
288 -3.7055082 -1.7392496
81 -1.3901953 3.9726565
299 -1.3984523 3.7274466
203 -3.7179074 -1.6977667
13 -2.0250862 0.8154313
221 -3.674852 -1.7457289
30 -1.4014665 3.8839953
33 -1.8673862 1.0676632
206 -3.5333128 -1.5295132
85 -3.6481473 -1.7552545
115 -1.4349898 3.8815336
95 -4.006384 -2.047792
201 -2.1172762 0.5920829
257 -1.4404883 3.7732503
171 -2.0024416 0.9794964
184 -3.6640437 -1.6445187
148 -3.606966 -1.6895415
284 -3.5287626 -1.6588186
42 -1.3770337 3.8581922
45 -1.3608041 3.3383694
55 -2.11697 0.6200899
183 -2.047192 0.8243935
142 -1.3931901 4.3532896
134 -1.9908414 0.9391859
141 -3.6533077 -1.6659778
153 -3.1327863 -1.2102536
186 -2.0420353 0.9579341
3 -1.4205575 3.8359642
57 -2.0926607 0.69597316
66 -1.4637043 4.0064626
205 -1.3841867 3.2093797
26 -1.4318265 3.059677
270 -3.5418675 -1.5465395
124 -1.3838346 4.0393767
31 -1.3781044 3.5393684
37 -3.5441303 -1.4926945
272 -1.4628805 2.8893373
70 -1.3972195 3.935617
156 -1.443228 3.4810908
116 -1.3699709 3.6838744
80 -1.4720331 3.620846
102 -2.0166376 0.8989273
296 -3.936489 -1.8809471
112 -3.4891062 -1.4737058
98 -3.3197649 -1.3867481
294 -3.5448577 -1.4592857
58 -3.8715 -1.7934997
163 -2.1051571 0.6957055
213 -2.0044346 0.8399285
72 -3.286647 -1.3496381
76 -1.4210639 3.6547208
92 -1.4430306 4.644355
152 -3.5949183 -1.6257126
111 -3.3003314 -1.3041047
196 -1.4335027 3.673364
185 -3.5448148 -1.6536635
160 -3.5105479 -1.4959009
188 -2.1552489 0.5672532
230 -1.4662 3.297396
295 -3.2058628 -1.2101359
150 -2.2749207 0.32265428
73 -2.019504 0.888796
24 -1.3843448 3.581137
86 -3.5681543 -1.5828435
113 -2.0063279 0.67839456
118 -1.3519937 4.1644545
259 -3.5363975 -1.4877832
121 -2.123093 0.6366453
261 -3.5675707 -1.6219925
47 -1.4420207 2.9198754
226 -1.4130362 3.7543182
23 -2.1089618 0.65659964
52 -2.0329103 0.7467844
63 -2.1081276 0.71781504
263 -2.0755994 0.64195675
277 -1.8293911 1.3136715
78 -1.375327 3.403819
84 -1.3817409 3.4537055
218 -1.9909447 0.84003335
139 -3.7448645 -1.7897094
145 -3.8323164 -1.8530035
193 -3.830496 -1.8842869
224 -3.6302254 -1.6596829
262 -2.0639505 0.6465973
65 -3.732866 -1.7318559
281 -2.0702007 0.8098103
235 -1.4574671 3.7970324
101 -2.1245441 0.5947139
54 -3.7099977 -1.721292
164 -3.7252624 -1.7552822
298 -2.096721 0.54618776
155 -3.9429727 -1.8676996
232 -3.6909208 -1.6586827
182 -3.8041763 -1.8301243
237 -1.3788484 3.6469693
34 -1.8877312 1.0858018
132 -1.3395927 3.2935517
32 -3.43574 -1.42154
211 -1.9127045 1.0881652
38 -1.4355669 3.6612868
136 -3.6819623 -1.7450445
91 -1.8805672 1.3051711
110 -3.2431827 -1.2345697
234 -1.9826399 0.87677723
287 -3.7121089 -1.7289358
290 -1.4896729 3.2771957
8 -2.0068128 0.8861733
103 -1.3610326 3.6382565
28 -3.678946 -1.7570883
215 -1.4244514 3.7807407
100 -1.5145208 4.0772767
123 -1.4636229 3.9833
144 -1.4525641 3.9022224
154 -3.6729693 -1.6249641
293 -2.0350976 0.72368586
278 -1.4166214 3.8671942
279 -2.076874 0.79236716
222 -3.5772085 -1.6044453
227 -1.3873508 3.764383
286 -1.4170114 3.5804062
2 -3.552189 -1.5718285
14 -3.3465526 -1.2837427
214 -1.9943227 0.90668184
254 -3.5491807 -1.5145328
5 -1.9289495 1.1717075
146 -3.6410303 -1.6715726
44 -3.31387 -1.222053
83 -1.9960141 0.8340553
265 -1.4084626 3.6265311
268 -1.3803378 4.0099263
207 -1.4533284 4.2477927
106 -1.3797172 3.2268744
220 -3.7832868 -1.7147783
273 -3.4343388 -1.4050335
245 -3.5398862 -1.463708
0 -1.3954972 3.5649018
35 -2.1328268 0.58681804
48 -3.7164416 -1.8024932
231 -1.9379133 1.0134914
267 -3.4223716 -1.4056834
266 -2.0624266 0.6852289
19 -1.4420683 3.3528464
199 -2.0463243 0.7609927
283 -1.4369043 3.5626001
223 -3.838218 -1.8739216
258 -2.0532355 0.769033
158 -1.4295377 3.8636987
172 -3.665925 -1.6981121
29 -3.8316486 -1.8470031
125 -1.4220388 3.820627
264 -3.7210433 -1.7768859
27 -3.7618022 -1.7202674
62 -3.8341982 -1.7569758
120 -3.5923345 -1.5592961
74 -3.39299 -1.4236417
77 -1.435525 3.3643053
181 -3.5370526 -1.5710754
179 -1.4259237 3.6132364
243 -1.9147592 0.9910202
143 -1.3569169 3.4272902
1 -3.4460273 -1.431748
212 -1.3689566 3.8973646
216 -3.5382714 -1.6206552
25 -3.6528218 -1.71252
