30 2
5 2.1367984 3.6622376
7 4.4582353 2.7869189
2 -1.391297 5.965769
29 4.9661922 3.0243587
4 -1.4811049 5.9178815
20 -0.8560228 5.368381
3 1.8383743 3.8857932
26 5.5495415 2.6516008
14 -1.8073534 6.243278
6 5.497877 2.6784217
24 2.1124094 3.7880363
12 5.485898 2.7760038
0 1.1062785 4.1111374
1 5.909612 2.70321
11 1.6279975 3.907605
18 -0.7751617 5.230076
19 -1.9283018 6.4610634
23 -1.9316945 6.435618
25 5.770137 2.7229505
22 4.5498233 2.8264208
27 2.34271 3.6685863
10 4.754701 2.8675022
21 2.8778567 3.5292704
15 6.210665 2.627373
8 -0.9819658 5.4327984
13 2.958716 3.4297445
16 1.3913002 4.1422205
28 -1.2471538 5.6223664
17 -1.2284598 5.7477384
9 1.3803427 4.1754217
