30 2
28 5.910413 -2.5879486
10 5.270985 -1.4745456
4 4.011722 1.017654
14 3.7049694 2.0522954
19 5.3752995 -1.63439
26 3.6792226 2.316662
16 3.8395107 1.825327
12 3.7373393 6.369572
8 6.08608 -2.59135
22 3.6990507 1.6212295
11 3.6450849 5.81356
1 3.4559314 5.1362123
21 3.5281956 4.5642166
15 3.9857316 1.2382648
7 3.6786892 2.1599321
25 6.105487 -2.6527748
17 3.991297 1.3221213
6 6.1872125 -2.8834944
23 6.653071 -3.1853058
13 5.4108987 -1.8466774
27 3.5583928 5.9806685
20 4.0551047 0.76907426
18 3.8935182 1.2494493
3 3.5372436 4.247308
29 6.755034 -3.3228948
24 3.60143 4.6966844
5 6.39662 -2.884577
0 3.4696314 4.5625973
2 3.7381003 6.3774166
9 3.5640504 4.583721
