300 2
8 -1.9423326 0.8816239
255 -2.02279 0.81233776
124 -1.2766633 3.8222265
105 -3.374206 -1.2913507
6 -1.954498 0.82525885
63 -1.9793557 0.9403091
213 -2.0471694 0.7512622
162 -1.9710044 0.92404556
282 -2.1088488 0.62333643
262 -1.9917527 0.9316959
274 -1.7954491 1.2499442
229 -1.8233814 1.257629
98 -3.4082768 -1.3138901
276 -2.012214 0.78569424
107 -2.0388176 0.72693044
20 -1.3698605 3.7512949
238 -1.3573581 4.0232544
35 -2.188313 0.4946592
287 -3.7850506 -1.6222432
59 -3.6994224 -1.6069402
96 -1.2604183 3.8476672
45 -1.2894894 3.4035156
194 -2.078837 0.7485729
27 -3.5495496 -1.482442
36 -1.3126593 3.9136012
154 -4.0794086 -1.8224968
62 -3.7345064 -1.5544659
251 -1.3649294 3.5230525
236 -1.3732117 3.063938
195 -1.3602347 3.2554042
3 -1.3107257 3.4257283
69 -1.2868115 3.272211
215 -1.3354787 3.8863077
174 -2.019147 0.79797655
76 -1.3421899 3.558653
225 -1.3417155 3.3181455
128 -1.9184903 0.96505094
271 -1.2591716 3.9792502
298 -2.0351393 0.8520105
101 -2.1008167 0.6982576
228 -2.015138 0.8091889
52 -2.073997 0.7301124
54 -3.6965756 -1.5643864
155 -4.0063906 -1.7748368
176 -1.3383784 3.5110757
207 -1.3629565 3.9719536
237 -1.3038373 3.756976
273 -3.5568836 -1.4719713
41 -1.310833 4.1230974
44 -3.255603 -1.0728805
293 -2.0082815 0.7206496
117 -2.0214431 0.8089379
241 -1.958915 1.0433372
198 -3.4071321 -1.3040513
277 -1.8334692 1.2550197
233 -2.0211716 0.7385094
131 -3.3021946 -1.2519253
110 -3.2139375 -1.0845714
193 -3.57599 -1.340817
203 -3.6572137 -1.5035225
223 -4.0919614 -1.9459234
259 -3.8040407 -1.6047018
167 -1.3453149 3.4539132
97 -2.136102 0.5716135
100 -1.3337497 3.798511
270 -3.754443 -1.6279068
111 -3.474389 -1.367744
159 -1.2924217 4.009687
190 -1.9464701 0.8926263
242 -1.9618897 0.9300554
16 -3.594222 -1.5048158
114 -2.2070332 0.45362487
210 -1.3336983 3.6921322
129 -2.042928 0.8468759
178 -3.3204024 -1.1619562
164 -3.8265262 -1.6535946
183 -1.8930984 1.2355514
68 -1.3766209 3.5179634
7 -1.314054 3.5111704
40 -3.7442634 -1.6102941
135 -3.4781232 -1.2676258
145 -3.9591835 -1.7092378
182 -3.5247324 -1.4388523
53 -1.3048314 3.593658
187 -3.5749009 -1.4996363
77 -1.3397924 3.2820127
108 -1.9312513 1.0230211
263 -2.1037326 0.69718486
168 -3.6835098 -1.477575
169 -1.3160176 3.392288
175 -1.9100965 0.99554324
234 -1.820819 1.1637852
22 -1.2859713 3.612755
13 -1.9722492 0.97183985
153 -3.5232928 -1.3924791
82 -3.5214841 -1.4197705
34 -1.9605317 1.1260682
177 -2.0671191 0.747121
56 -2.0814557 0.70036715
243 -1.924193 1.0709305
102 -1.9886963 0.89077145
295 -3.4484735 -1.3721986
252 -2.0356965 0.692734
126 -1.9419956 0.97050977
104 -1.9784281 0.8920268
109 -3.8516123 -1.5525978
230 -1.3422614 2.9495473
139 -3.868595 -1.7351264
152 -3.6021006 -1.5118918
247 -1.2848527 3.5077004
15 -1.8332996 1.2785352
161 -2.009318 0.7801877
87 -2.081171 0.7281502
289 -3.7237756 -1.536602
106 -1.3137167 3.5166142
72 -3.4322147 -1.2542999
171 -1.9773333 0.8688657
192 -3.2827325 -1.0480582
269 -3.498507 -1.3648103
294 -3.6004138 -1.4257993
284 -3.6045806 -1.4101475
74 -3.3698123 -1.2548529
23 -1.9580967 0.8440047
14 -3.5324428 -1.3589323
221 -3.6012094 -1.4209284
30 -1.2709156 3.473438
281 -2.040849 0.7450976
83 -2.0636528 0.7697234
149 -1.9804425 0.86010534
299 -1.3684094 3.8052096
64 -3.7730997 -1.5357379
88 -1.3338491 3.301597
116 -1.3266995 3.6978722
239 -1.3646884 4.025422
226 -1.3791512 3.762731
138 -1.2564403 3.993702
140 -2.075131 0.6909535
189 -1.284731 3.649707
235 -1.2877312 3.604857
12 -2.0084913 0.78468746
18 -1.9065229 1.0433791
51 -3.5262327 -1.3340333
285 -1.3377539 3.6624784
48 -3.7370322 -1.6177452
65 -3.2531002 -1.1935073
209 -3.5543988 -1.4758183
93 -1.2902899 3.4331238
94 -1.9713168 0.9498437
286 -1.3148779 3.855264
170 -2.000729 0.80089146
244 -1.9826018 0.9340496
253 -1.9825472 0.89463913
2 -3.6378076 -1.5938078
19 -1.364853 3.4215887
115 -1.3436505 3.6240706
24 -1.2751255 3.63523
70 -1.3112671 3.863545
25 -3.8441768 -1.6853068
28 -3.5330613 -1.327197
37 -3.698781 -1.574753
47 -1.2885237 3.1555254
261 -3.740885 -1.5716116
84 -1.3285801 3.7004251
150 -2.3206162 0.29941994
89 -1.8946453 1.2287148
123 -1.3303282 3.7396953
134 -2.0442815 0.8719827
133 -3.3823175 -1.3101827
216 -3.7103028 -1.5662467
181 -3.704798 -1.4844182
158 -1.3550947 3.6853132
197 -1.3129771 3.9868639
218 -1.9308007 1.0004491
196 -1.3871231 3.738681
202 -4.3239627 -1.9469256
46 -1.3077179 4.37647
151 -2.0415652 0.75370336
78 -1.3478061 3.9728446
147 -2.0063562 0.8130211
58 -4.057655 -1.8510027
249 -3.8746011 -1.7542014
57 -2.1059208 0.7045162
266 -2.1245143 0.69127166
199 -1.9878994 1.0628489
121 -2.0125835 0.83543605
268 -1.2065034 4.1751337
201 -2.0925026 0.7349125
144 -1.3255452 3.9314077
173 -2.112351 0.6946789
188 -2.029441 0.8360664
231 -1.9914777 0.879401
245 -3.6407886 -1.4324902
265 -1.3227116 3.4759777
49 -2.0605547 0.7051333
217 -1.295811 4.074613
272 -1.3087122 3.4668787
297 -1.3099374 3.6612484
80 -1.3040717 3.8935273
280 -2.1592522 0.5311596
283 -1.3205452 3.7263372
292 -3.898705 -1.6839168
0 -1.2789266 3.7153156
290 -1.3072323 3.5125957
163 -2.1109915 0.7354434
204 -3.593323 -1.458614
32 -3.4619286 -1.3074826
240 -2.1995337 0.42652476
136 -4.001514 -1.833472
248 -3.7894022 -1.6437978
246 -1.3753315 3.9626117
90 -3.6436691 -1.515467
112 -3.5165267 -1.4174826
224 -3.8736768 -1.6500479
267 -3.3560386 -1.2825859
260 -3.8478715 -1.5942426
21 -1.3516332 3.4853015
39 -2.121326 0.6069207
60 -1.9835802 0.98735654
92 -1.3558733 4.578705
73 -1.9932685 0.86148256
256 -2.1202238 0.5334168
208 -3.7726016 -1.6627275
206 -3.542624 -1.4223853
191 -1.3380109 3.7846887
212 -1.2823746 3.8969493
219 -3.4071646 -1.2413307
232 -3.6280088 -1.4874378
291 -2.044159 0.80379295
9 -1.961001 1.0384116
156 -1.3533882 3.7057054
29 -3.6183968 -1.4546541
205 -1.2716216 3.9093935
166 -1.3628273 3.9606357
296 -3.6386213 -1.5073402
85 -3.51053 -1.2782909
95 -3.8700151 -1.8077092
127 -1.9884022 0.84539735
132 -1.3079232 3.6801255
160 -3.9453845 -1.7577775
165 -3.644529 -1.5501443
185 -3.961595 -1.8456851
214 -1.949445 0.97999424
186 -2.0105803 0.8782879
103 -1.2741265 3.595431
172 -3.7919583 -1.6468383
79 -3.7735202 -1.6082736
50 -3.2889423 -1.130156
66 -1.3105233 4.093278
122 -1.2179996 4.0026245
125 -1.2550802 3.6654704
146 -3.6323597 -1.5313264
180 -2.113386 0.48831987
43 -1.936861 1.0126815
10 -1.4128565 4.0624447
11 -2.038594 0.8068427
61 -2.0762815 0.63478994
17 -1.367469 4.1514244
99 -1.3156562 4.0362306
75 -3.455713 -1.2324082
211 -1.9871852 0.8431348
157 -3.633378 -1.5874275
142 -1.312337 4.0678883
279 -2.0296497 0.9278459
55 -2.0314422 0.82876176
71 -2.0108542 0.8742588
254 -3.7783973 -1.6754537
257 -1.2454969 4.4361477
288 -3.692137 -1.5703186
5 -1.828865 1.3066067
264 -3.691343 -1.6346773
91 -1.8451552 1.3256855
130 -1.2733426 3.9909241
275 -2.130426 0.66368806
31 -1.2971473 3.677445
118 -1.3133241 4.083479
250 -3.6594253 -1.5528492
258 -1.948484 0.9022913
184 -3.9464264 -1.7765669
222 -3.483179 -1.3667206
148 -3.6824248 -1.5654444
220 -3.842214 -1.6284229
143 -1.3094983 3.5845869
4 -1.3250988 3.51486
33 -1.8125997 1.2001799
81 -1.3187896 3.767017
179 -1.2606071 3.676883
86 -3.4253702 -1.2935219
119 -1.2872427 3.657167
38 -1.2977334 3.8628328
278 -1.2348081 3.9145122
227 -1.2953267 3.488305
113 -2.0099888 0.8368282
120 -3.527307 -1.4435996
141 -3.6020122 -1.3483479
1 -3.5987751 -1.4153601
26 -1.293644 3.1707227
42 -1.3473551 3.80411
137 -1.289388 3.5510223
67 -1.3458945 3.6784723
200 -1.3352394 4.308059
