300 2
5 -1.844573 1.2846699
262 -2.0960019 0.69235957
234 -1.8711845 1.0671865
237 -1.3113289 3.3138998
177 -1.9397811 0.9329554
189 -1.3138329 3.3680053
65 -3.491914 -1.305073
282 -2.039796 0.70971864
265 -1.267457 3.7128634
86 -3.505139 -1.2518506
211 -2.0276232 0.7195769
276 -1.9106787 1.0053211
213 -1.9738312 0.8602356
141 -3.617829 -1.457468
190 -1.8928161 1.0382323
127 -1.922373 0.9267228
154 -3.845206 -1.6038998
33 -1.8677143 1.094391
147 -1.9503063 0.8898631
198 -3.1375468 -1.0346416
215 -1.24778 4.0545607
15 -1.8984705 1.0740608
126 -1.9642121 0.94909936
263 -2.053329 0.78674823
69 -1.3135825 3.4551923
284 -3.5089912 -1.3179319
129 -1.9298017 1.0016402
158 -1.2714657 3.4973779
10 -1.3224614 3.9325294
12 -1.9331558 0.99861616
18 -1.9181081 1.0688766
255 -1.96183 0.99216306
75 -3.4952624 -1.2857057
159 -1.2809119 4.054895
271 -1.2508459 4.0615134
231 -1.8948666 1.1191382
297 -1.3084028 3.9364557
83 -2.0556173 0.6806647
132 -1.2965577 3.216185
139 -3.7557576 -1.576489
246 -1.2709262 4.402754
174 -2.0664392 0.7415752
136 -3.984063 -1.7039459
196 -1.3006438 3.6439133
124 -1.2283888 3.9027817
148 -3.7943323 -1.71581
247 -1.2227229 3.7174683
236 -1.3097246 3.0700405
52 -2.0713203 0.7181576
224 -3.9038398 -1.7387428
170 -2.0108297 0.82053864
99 -1.2221615 3.938802
228 -1.9552733 0.98806345
150 -2.1245837 0.57014644
233 -2.0153513 0.8087733
268 -1.3031565 4.121011
9 -2.0114555 0.84117347
31 -1.2494663 3.4994452
133 -3.6128037 -1.4626888
72 -3.450191 -1.2975781
178 -3.5756438 -1.3244636
183 -1.962991 1.0498283
252 -1.9742333 0.9598064
7 -1.306319 3.597371
226 -1.2682593 3.504899
87 -2.0863898 0.7434026
149 -1.9722488 0.9319362
96 -1.2369593 3.7668982
107 -1.8756202 1.0583552
24 -1.3249831 3.7363167
28 -3.6549518 -1.5338855
60 -1.9291778 0.97676384
206 -3.3591185 -1.1899277
191 -1.233529 4.2059107
240 -2.1324334 0.60737306
128 -1.994494 0.872713
166 -1.2730719 3.9460063
3 -1.3343358 3.7966545
210 -1.2983979 3.621711
13 -1.9799293 0.98501086
19 -1.3388324 3.692793
23 -1.870852 1.029968
208 -3.537844 -1.3269721
82 -3.5235798 -1.3533365
94 -1.958358 0.8786066
295 -3.2426393 -1.2104305
293 -2.045304 0.7334547
157 -3.654164 -1.4736444
253 -1.9018216 1.0634956
274 -1.9207247 1.035126
275 -2.018464 0.79286903
41 -1.2429016 4.124902
62 -3.6999812 -1.4858873
298 -1.9291115 1.0212704
38 -1.2149976 3.6339161
64 -3.7639792 -1.4973336
180 -2.0769842 0.6467092
230 -1.2557557 3.6048145
292 -3.7292507 -1.4719635
4 -1.3091171 3.535298
242 -1.8991371 1.0964969
8 -2.0424066 0.7366237
11 -1.994682 0.95777196
66 -1.2917371 4.008784
175 -2.0271037 0.85141504
131 -3.6467264 -1.4475229
71 -1.9525713 0.8906827
67 -1.350132 3.6459572
117 -2.0033495 0.7629695
277 -1.905744 1.0962019
161 -2.1915867 0.53729284
299 -1.3402733 3.8447444
273 -3.394997 -1.1576947
22 -1.2031169 3.6989279
55 -2.0600972 0.7120439
78 -1.2520304 3.5930908
103 -1.2442355 3.636477
101 -1.9562227 0.9947978
120 -3.6908715 -1.4745264
239 -1.274573 3.7517505
289 -3.7108212 -1.5180911
168 -3.7260437 -1.5505426
146 -3.7816737 -1.5625789
151 -2.0441122 0.72200996
165 -3.5751781 -1.4115328
291 -1.9232008 0.9441802
248 -3.763059 -1.5926197
217 -1.2360172 3.8097312
257 -1.3080385 4.233617
186 -2.0057757 0.97042847
6 -2.0071971 0.8966905
205 -1.2753093 3.2453592
258 -1.9196287 1.043189
278 -1.2848691 3.7564235
116 -1.28991 3.6441622
54 -3.9161713 -1.6660804
58 -3.9650714 -1.708856
90 -3.578638 -1.494428
203 -3.7691154 -1.6214155
130 -1.3166437 4.0548134
199 -1.9216789 1.0135657
113 -1.9476264 0.8097014
280 -2.063933 0.8858413
73 -1.9019567 1.12796
29 -3.5417252 -1.433504
152 -3.7708802 -1.5373098
200 -1.2849145 3.9097965
105 -3.3124425 -1.1251255
97 -2.069816 0.71216935
143 -1.2836115 3.4389787
135 -3.6677327 -1.5437077
267 -3.3239431 -1.1872423
163 -2.1915233 0.50154567
109 -4.177276 -1.9453276
123 -1.3173785 3.9722934
37 -3.7714915 -1.5738302
57 -2.1019995 0.7207795
43 -1.9716209 0.9614728
44 -3.280478 -1.0735551
50 -2.9793265 -0.8978212
81 -1.2985958 3.6125028
229 -1.7967967 1.3337688
266 -2.048023 0.8443487
287 -3.9279723 -1.6630938
137 -1.2478163 3.6296244
283 -1.3078146 3.779517
216 -3.6505141 -1.5229601
20 -1.2735296 3.3540154
173 -1.920235 0.9858777
93 -1.2925822 3.5998821
32 -3.7683098 -1.6075613
269 -3.2292564 -1.0598607
241 -1.9733727 0.9883792
294 -3.6000051 -1.4309721
176 -1.2684188 3.56336
2 -3.3815153 -1.2532344
84 -1.2615622 3.9198637
251 -1.2712198 3.7608445
27 -3.8175163 -1.6955127
272 -1.2996924 3.1339529
140 -2.1388144 0.54057264
21 -1.2968068 3.4467542
35 -2.1589196 0.4428464
290 -1.3645645 3.5527492
56 -2.0331788 0.82341224
45 -1.3422611 3.2716227
155 -3.8164861 -1.6589406
68 -1.234004 3.7317698
74 -3.4917288 -1.3483323
243 -2.0335069 0.8687514
79 -3.922394 -1.7809094
88 -1.2506243 3.6345592
220 -3.7425692 -1.4617382
296 -3.9435658 -1.7724744
238 -1.2910559 3.670022
187 -3.5011451 -1.3882483
259 -3.543239 -1.362371
286 -1.2460322 3.9188724
285 -1.2911729 3.9792597
40 -3.8451266 -1.6570666
80 -1.2626125 3.6090896
42 -1.218089 3.949887
192 -3.602417 -1.3742447
245 -3.7832468 -1.5798898
288 -3.6581886 -1.4537241
134 -1.8332825 1.1807512
63 -2.079729 0.6977304
260 -3.7775087 -1.5513736
156 -1.3077269 3.4556532
153 -3.3393323 -1.1897792
221 -3.8645172 -1.6750543
197 -1.2736398 4.0072746
195 -1.297862 3.549702
209 -3.4444118 -1.3378938
219 -3.520348 -1.359948
115 -1.2838062 3.7890747
36 -1.2975669 3.6527958
77 -1.3421414 3.0894713
138 -1.2891618 3.556002
0 -1.3032613 3.46618
59 -3.7415416 -1.4844218
171 -1.9542279 0.8729773
207 -1.2659825 4.1227074
222 -3.5624895 -1.3949575
279 -2.0407987 0.7815911
188 -2.0661054 0.6803404
250 -3.7391787 -1.5501504
235 -1.3131837 3.7221906
281 -2.0372076 0.8547877
1 -3.5083883 -1.3535856
17 -1.3131275 4.097961
162 -1.8629165 1.1782917
46 -1.2661678 4.0192466
47 -1.2965559 3.2308736
232 -3.6470025 -1.557775
49 -1.9939642 0.9886956
53 -1.2211701 3.643758
89 -1.8820238 1.1994084
118 -1.3008966 4.1673737
108 -1.9744667 0.9554197
182 -3.3698046 -1.229201
256 -2.0961695 0.6453349
179 -1.2721831 3.724739
26 -1.2694331 3.1016889
30 -1.2323152 3.7501218
34 -1.9972072 1.0065382
114 -1.9973183 0.7725157
111 -3.5916574 -1.3499292
119 -1.2775624 3.612898
167 -1.2988002 3.5906763
184 -3.7632456 -1.6351489
194 -1.9285214 1.1185411
122 -1.278082 4.294694
25 -3.8144822 -1.5789012
249 -4.070177 -1.899443
76 -1.3156081 3.8720608
95 -3.9756722 -1.7719442
102 -1.9293283 1.0403074
223 -4.067923 -1.7920817
172 -3.7314098 -1.550935
244 -2.0641015 0.7247114
261 -3.798338 -1.6049274
144 -1.260288 3.4186902
142 -1.3073947 4.2693834
14 -3.5023534 -1.2850465
91 -1.8193697 1.2520545
110 -3.3720174 -1.1480408
160 -3.920377 -1.7544968
212 -1.249929 3.9821398
121 -1.9323496 0.91841817
214 -1.8092833 1.2171173
201 -2.036937 0.7752631
100 -1.3044949 4.196163
125 -1.2266442 3.6395862
202 -3.9919527 -1.8130116
16 -3.6679552 -1.4071372
61 -2.065095 0.69433117
48 -4.1148243 -1.8837484
218 -2.0298996 0.8683142
225 -1.2861013 3.5805993
227 -1.3112595 3.6842816
98 -3.3876235 -1.2803547
106 -1.2994748 3.5395114
164 -4.0291657 -1.8285786
92 -1.1955346 4.362302
104 -2.0517766 0.7509804
169 -1.2480259 3.7423599
254 -3.6927757 -1.4389184
204 -3.7840755 -1.4792274
270 -3.5677917 -1.4055012
39 -2.0672936 0.64260316
264 -3.9575953 -1.7055182
145 -3.8161945 -1.6045725
193 -3.7449005 -1.5080639
70 -1.2918909 3.8624103
51 -3.5964582 -1.4084219
181 -3.3427792 -1.2074087
185 -3.563793 -1.3961369
112 -3.6265976 -1.4577671
85 -3.856498 -1.6451389
