30 2
14 -2.0002992 6.147593
2 -1.5179217 5.884264
7 4.361385 3.0344236
0 1.1832689 4.058241
4 -1.5901432 5.8637223
29 4.826883 3.0438473
10 4.5902004 3.0269399
18 -0.7517107 5.127692
20 -0.99793845 5.3147445
23 -2.2898755 6.448248
24 1.9495615 3.7746534
22 4.4337006 2.9375615
5 2.1044004 3.6661088
21 2.7578478 3.5800924
3 1.787633 3.9103189
19 -2.192266 6.4153485
8 -1.0819108 5.4016323
25 5.6105447 2.888538
15 6.0467186 2.8758383
1 5.792828 2.8613591
13 2.7914476 3.5687506
9 1.3320546 4.1446395
11 1.341783 4.0351567
26 5.526274 2.7407358
28 -1.2757651 5.537303
16 1.3781217 4.16749
6 5.3963294 2.8248043
12 5.486608 2.8901558
17 -1.5112575 5.7549415
27 2.2718077 3.6140857
