30 2
25 6.1789174 -2.1187475
21 3.2495944 4.9856243
22 3.6834235 1.8152379
15 3.9319546 1.4315714
10 5.380188 -1.3157325
14 3.630159 2.018905
26 3.5609682 2.334335
8 6.2272367 -2.2403219
7 3.551999 2.223179
1 3.2356088 5.4130564
17 3.9315329 1.3607628
16 3.740743 1.9011102
13 5.4729567 -1.3692851
28 6.0672607 -2.136867
27 3.3304758 6.2176805
12 3.3866994 6.562293
4 3.9816775 1.1872576
11 3.2097278 6.010711
20 4.0639305 0.97141963
19 5.599314 -1.5267013
3 3.2769952 4.653066
18 3.8142543 1.3870949
29 7.1266465 -3.0687718
23 6.948045 -2.9030719
2 3.3892462 6.558937
0 3.2203362 4.912651
6 6.374161 -2.3600118
5 6.469486 -2.5836344
9 3.1807437 4.850498
24 3.2473073 5.011017
