300 2
209 -3.29062 -1.3808283
8 -2.008834 0.8145227
41 -1.3939637 4.243717
105 -3.0916007 -1.0699193
291 -2.018567 0.9411792
35 -2.05764 0.76735085
203 -4.0057073 -1.9041346
157 -3.5923853 -1.5368425
224 -3.8517442 -1.902009
154 -3.85886 -1.7903293
175 -1.9921564 0.90939116
56 -2.03378 0.71789324
116 -1.4108146 3.4695492
170 -1.9514351 0.89801896
128 -1.8768883 1.0603129
244 -2.0960636 0.58642364
141 -3.7628632 -1.6735525
263 -2.0216863 0.7763688
84 -1.3937571 3.383057
78 -1.399704 4.094497
275 -2.0491257 0.79945415
242 -1.9649988 0.95665705
89 -2.0107365 0.9346504
276 -1.9798007 0.75791866
234 -1.9456643 0.96209556
45 -1.2976302 3.3154154
296 -3.7650945 -1.6961789
111 -3.443511 -1.3309007
292 -3.670544 -1.6045012
289 -3.6948173 -1.597905
262 -2.0956786 0.5193234
138 -1.3635948 3.754793
269 -3.3601665 -1.305539
115 -1.3915689 3.684257
287 -3.6659288 -1.6743973
68 -1.3833956 3.2696395
55 -2.0477102 0.67918795
33 -1.8920412 1.2296933
63 -2.0894318 0.71164286
140 -2.1189914 0.54408157
210 -1.379948 3.720061
252 -2.091406 0.69288814
126 -1.8741947 0.91019094
117 -2.0532062 0.7635703
153 -3.1521008 -1.1738615
106 -1.3593234 3.474707
150 -2.1787996 0.48915005
85 -3.774946 -1.6704096
88 -1.4167787 3.3981671
145 -3.6614435 -1.6704227
249 -3.8647733 -1.8650041
265 -1.3551321 3.739838
298 -1.9487826 1.0858817
152 -3.8952935 -1.8747597
284 -3.6747625 -1.7897778
236 -1.3653556 3.1744804
17 -1.3590149 3.7368207
18 -1.9763336 0.8424855
29 -3.404424 -1.3254082
36 -1.3780593 3.7715056
279 -2.149432 0.61448133
94 -2.0685904 0.7971579
148 -3.5662885 -1.6410707
251 -1.378716 3.9365826
206 -3.395221 -1.3489181
22 -1.3679767 3.468839
37 -3.687571 -1.5841651
174 -2.0733187 0.78404874
42 -1.3733705 3.8488774
220 -3.5678596 -1.5649552
196 -1.3819126 3.8054905
132 -1.3617996 3.3990483
189 -1.3855932 3.5317512
267 -3.2167358 -1.1852093
127 -2.0228314 0.7324749
184 -3.9308152 -1.8676444
149 -1.9962281 0.89352214
40 -3.6225226 -1.5648153
50 -3.0875688 -1.135428
83 -1.977718 0.8410292
155 -3.8533573 -1.808656
258 -2.1202729 0.73217356
297 -1.3698626 3.7022696
49 -2.059659 0.801938
13 -2.0191793 0.8711352
213 -1.9919229 0.94993913
86 -3.6708112 -1.674673
160 -3.4393797 -1.4591551
57 -2.2698386 0.3598906
65 -3.7271516 -1.6081343
192 -3.4853508 -1.4811481
87 -1.9067132 0.841745
113 -1.9743162 0.8523378
119 -1.3393431 3.432629
120 -3.4883766 -1.3789154
165 -3.4847279 -1.4757034
198 -3.052591 -0.9747064
6 -1.9877975 0.76526326
14 -3.4659662 -1.4558797
28 -3.4527392 -1.4507123
158 -1.3273072 3.6693285
75 -3.4312239 -1.4106607
151 -1.988206 0.768313
197 -1.4056863 3.8622997
10 -1.3849949 4.0158854
200 -1.3747972 3.9268975
5 -1.9884981 0.99167824
7 -1.3912919 3.268287
299 -1.3743377 3.523732
16 -3.755671 -1.6337047
134 -1.9227546 1.0048814
226 -1.373166 3.6631415
53 -1.3324951 3.6689954
80 -1.3303986 3.8844948
81 -1.3885916 3.9838135
114 -2.157593 0.45296472
281 -2.0243235 0.873558
169 -1.3822249 3.8277385
272 -1.3481878 3.2045393
273 -3.6528263 -1.5883389
30 -1.3126605 3.8900928
48 -3.870678 -1.7895925
64 -3.5788114 -1.6577868
103 -1.3950005 3.8916724
231 -1.8574207 1.1575948
270 -3.612129 -1.5951178
182 -3.6681411 -1.6773412
147 -2.077771 0.7514998
228 -1.9012876 0.9710401
188 -2.1640093 0.6154473
130 -1.3518735 3.6976037
225 -1.3795497 3.4620457
47 -1.3422166 3.0724232
280 -2.0074382 0.819628
211 -1.9667048 1.0013561
168 -3.5855591 -1.5675399
222 -3.7438467 -1.6169548
142 -1.3528627 4.0330334
239 -1.415494 3.7141411
54 -3.683639 -1.6261301
62 -3.9373791 -1.7937849
108 -2.0181766 0.78049684
73 -1.9926047 0.85620475
207 -1.3783206 3.7276478
214 -1.8935889 1.0427349
95 -4.0761867 -2.0335548
99 -1.4371284 3.3939676
110 -3.1889112 -1.0797443
121 -2.0170128 0.8905673
133 -3.267062 -1.33416
136 -3.7889028 -1.767608
146 -3.918755 -1.8315623
219 -3.5562928 -1.4956424
288 -3.591375 -1.6288815
9 -2.0134904 0.8269757
135 -3.1908875 -1.097271
190 -1.9703407 0.9607057
26 -1.3826134 3.25464
69 -1.3506653 3.6919894
38 -1.316217 3.7265818
100 -1.4000083 4.0066004
131 -3.562439 -1.5100849
208 -3.708885 -1.6694692
178 -3.2815835 -1.2674931
180 -2.1508052 0.6237851
205 -1.4151909 3.652839
217 -1.3578153 3.875276
283 -1.3779068 4.001968
1 -3.3277133 -1.3782636
2 -3.594125 -1.5312299
3 -1.3565724 3.844744
20 -1.4175124 3.6757088
51 -3.5328052 -1.4791979
70 -1.3369713 3.9053092
72 -3.185866 -1.1375597
124 -1.4130036 3.9893894
229 -1.8266909 1.3394117
123 -1.3490591 3.683627
191 -1.3385942 3.5897524
233 -2.027798 0.82405394
202 -4.0227222 -1.9113995
34 -1.9301721 1.0579213
91 -1.9403036 1.1059487
24 -1.3531516 3.4908648
271 -1.4111222 4.241234
32 -3.3477821 -1.2951734
223 -3.8690326 -1.8780764
43 -2.0480328 0.86245984
79 -3.5651345 -1.557792
46 -1.3035551 4.1311164
247 -1.4104384 3.7053294
294 -3.6250072 -1.5705706
129 -1.8875049 1.1118733
183 -1.95309 0.86137575
232 -3.7629585 -1.7436403
243 -2.0068066 0.81919736
96 -1.372292 3.9931493
11 -1.9763988 0.79994375
238 -1.4255774 4.142955
177 -1.9834874 0.77408624
27 -3.840265 -1.7740402
59 -3.6728368 -1.5309888
139 -3.8681386 -1.7875804
167 -1.3671769 3.8011224
109 -4.205433 -2.17734
240 -2.1505973 0.5826977
215 -1.3734227 3.5624886
254 -3.6327996 -1.5458332
245 -3.495528 -1.5430859
255 -2.0452065 0.7382017
259 -3.6424472 -1.6058601
12 -1.8721479 1.206885
97 -2.0591755 0.7361759
143 -1.4328524 3.2696319
21 -1.3458179 3.3173807
285 -1.3675778 3.871463
159 -1.3820913 3.8203588
66 -1.3224119 3.7147243
71 -1.9548748 0.9999693
82 -3.4926844 -1.534558
187 -3.7352936 -1.7437518
235 -1.4171149 3.3761156
241 -1.8787843 1.2358619
52 -1.929214 0.97799397
60 -2.0345743 0.8330009
194 -1.9485959 0.9270206
286 -1.3590097 4.0349145
164 -3.8662002 -1.8390251
173 -1.9710828 0.8587439
227 -1.3026925 3.6765952
230 -1.4387497 3.1904469
278 -1.378858 3.8528595
4 -1.3662273 3.8855255
25 -3.7250192 -1.7323414
92 -1.4292469 4.30337
67 -1.3601674 3.8960571
216 -3.9586287 -1.8722816
101 -1.9988776 0.9086682
90 -3.4689507 -1.5211409
195 -1.4319282 3.2535758
112 -3.412737 -1.3831543
181 -3.226971 -1.342429
179 -1.3956164 3.6817744
248 -3.7003217 -1.5903922
293 -2.1055958 0.61641157
246 -1.336236 4.212757
23 -2.0011039 0.78618675
201 -2.0294983 0.678008
166 -1.3752275 3.5521607
76 -1.397231 3.9275296
93 -1.369961 3.7046654
122 -1.3032976 3.985071
162 -1.9149771 1.0783907
221 -3.5689044 -1.506889
253 -2.0638034 0.73320425
268 -1.3762662 3.9896808
98 -3.2503314 -1.2507647
266 -2.0162053 0.85573936
58 -3.7815847 -1.6894794
274 -1.867276 1.2157521
156 -1.4136236 3.3162622
237 -1.3790005 3.4662676
250 -3.5040221 -1.5064914
161 -2.0083413 0.8483759
212 -1.3850569 4.166611
44 -3.3113954 -1.3524333
107 -2.033161 0.7566494
257 -1.360432 4.0588684
260 -3.971242 -1.8659557
144 -1.348837 3.6038005
256 -2.1024463 0.6364203
204 -3.4486406 -1.5060408
0 -1.3447827 3.2603393
199 -1.9861243 1.12112
15 -2.1033266 0.7405522
118 -1.3635193 4.1493626
39 -1.9906052 0.90714854
61 -2.1137464 0.5574044
125 -1.3252952 3.5763633
74 -3.2145133 -1.2009368
137 -1.4227921 3.4074302
163 -2.0652697 0.7331377
277 -2.0146925 0.8064644
102 -2.013606 0.869878
290 -1.3596165 3.5615036
282 -2.1627855 0.6104739
186 -2.0246224 0.9485018
31 -1.4136533 3.888592
261 -3.7297437 -1.6030208
218 -2.0019753 0.83267385
172 -3.5967631 -1.527012
104 -2.0365338 0.6816603
176 -1.3285103 3.3071074
77 -1.3426647 3.2604787
185 -3.6401806 -1.6487345
295 -3.302764 -1.3028569
19 -1.3286012 3.5352662
264 -3.8109531 -1.822172
193 -3.5542207 -1.5441775
171 -2.006124 0.90310824
