30 2
7 3.6510496 3.8171628
14 -3.041671 5.4925447
29 3.901169 4.1104527
20 -2.1734436 5.0390587
5 1.1036758 4.068596
3 0.9455177 4.189951
2 -2.8010657 5.5051575
11 0.7441928 4.135921
0 0.10382582 4.3092475
1 5.197078 4.0351696
10 3.8810496 3.9427617
21 1.8416812 4.1035104
26 4.9234376 3.917741
24 1.187266 4.2343087
4 -2.8505518 5.347006
12 4.721016 3.9924583
17 -2.664272 5.349013
25 4.86266 4.0230794
22 3.7685406 3.7980766
8 -2.2881258 4.911276
15 5.0678134 4.0011535
28 -2.4196699 5.11882
18 -1.9237049 4.8768477
6 4.83485 3.9405367
13 2.1767578 4.0803094
19 -3.4639268 5.667229
16 0.24768074 4.4317274
27 1.2251644 4.182714
23 -3.4449372 5.7044106
9 0.4824097 4.3455763
