30 2
29 4.860338 3.0760236
0 1.1589357 4.0712657
2 -1.5712382 5.947992
14 -2.038391 6.167631
20 -1.0754747 5.4040513
7 4.270535 3.053358
5 1.988299 3.729812
24 2.004469 3.94412
10 4.582582 3.090905
1 5.8557014 2.9360628
3 1.7009001 3.891836
6 5.2852416 2.8223765
23 -2.2894979 6.417752
25 5.603599 2.9337108
4 -1.7141353 5.7839155
22 4.456399 3.0216386
12 5.423242 2.9176855
18 -0.8422176 5.091818
26 5.4045405 2.8490765
21 2.741133 3.5867121
8 -1.0908515 5.318145
17 -1.4598787 5.7261987
27 2.2765129 3.640407
28 -1.3364245 5.4262996
15 5.972135 2.8832698
16 1.369789 4.197752
11 1.3440562 4.0373263
19 -2.268848 6.3967175
9 1.3762065 4.237684
13 2.698586 3.5647442
