30 2
7 3.8482127 3.610345
29 4.3611755 3.7678077
4 -2.5108292 5.5881124
5 1.4143467 3.89181
6 4.913062 3.5074246
21 2.1954298 3.8740227
14 -2.6512833 5.6564107
2 -2.5655427 5.731994
18 -1.6780679 5.032302
11 0.9993988 4.144753
0 0.57142544 4.1979823
20 -1.8413143 5.1491976
3 1.4459792 4.0223513
23 -3.0083885 5.9636903
26 5.0722084 3.5559425
25 5.0019727 3.6585603
10 4.298857 3.697338
1 5.44949 3.6676912
17 -2.2139628 5.483336
15 5.433718 3.618529
13 2.2569134 3.89933
8 -1.7956506 5.166581
24 1.3261753 4.002821
12 4.8778534 3.6445668
19 -3.076006 6.050135
16 0.5756864 4.293212
27 1.5955642 3.9502647
28 -1.9733253 5.2233744
22 4.105053 3.6397471
9 0.53301984 4.2834234
