30 2
7 4.2237034 3.146204
29 4.87197 3.2742178
0 0.9653896 4.2010746
20 -1.2746211 5.3457403
3 1.6163274 3.9647896
6 5.3182373 2.9405735
18 -1.0961974 5.1272144
4 -1.9367752 5.7893286
5 1.8042402 3.8377411
2 -1.8131993 5.8324223
23 -2.471185 6.3102293
26 5.3988357 2.9706516
21 2.6367092 3.671043
11 1.3715867 4.0400314
14 -2.0215147 6.012175
22 4.344395 3.189517
12 5.32509 3.1200173
28 -1.556176 5.4978514
15 5.960703 3.1033974
25 5.3940063 3.1209486
1 5.7382026 2.9433124
24 1.8401603 3.9428065
9 1.0492644 4.192936
8 -1.1906438 5.186655
10 4.4147 3.2951198
17 -1.6201677 5.652626
13 2.5046465 3.653301
27 2.1562002 3.7496824
16 1.2079324 4.252213
19 -2.4908369 6.3621573
