30 2
16 3.8549812 1.5675406
21 3.3359635 4.9162326
1 3.361733 5.2757354
25 6.1625032 -2.441854
15 3.9032235 1.4532703
3 3.4025955 4.47
6 6.293475 -2.5423923
11 3.5198097 6.0164647
22 3.7403147 1.7278261
23 6.875169 -3.1643496
24 3.360758 4.752813
14 3.7371895 1.8426008
19 5.3868365 -1.4927418
0 3.3559756 4.712404
8 6.161324 -2.3870718
10 5.4190598 -1.5349258
13 5.54078 -1.6538084
4 3.93084 1.2196908
5 6.3683305 -2.5147452
17 3.9916635 1.3856164
29 6.946027 -3.2025905
7 3.6094666 2.1075609
20 4.0641394 0.9234212
2 3.505605 6.5996675
26 3.6238213 2.2762623
27 3.497998 6.0623426
28 6.077379 -2.2907488
18 3.8544066 1.3077139
9 3.4022486 4.8658876
12 3.532273 6.5536275
