30 2
7 4.0320926 3.4289517
2 -2.2272968 5.761842
3 1.4515107 3.9984627
1 5.61426 3.4674003
21 2.4298227 3.8183408
18 -1.320452 5.0712852
10 4.4125953 3.5596833
20 -1.4379475 5.1849456
29 4.598343 3.5282567
6 4.9936795 3.2898936
12 5.020798 3.4124627
5 1.5386524 3.8779433
25 5.3337574 3.4951777
16 0.8501391 4.2224607
19 -2.9181547 6.1443787
0 0.6544227 4.250414
11 1.1493841 4.0628223
4 -2.331499 5.755317
9 0.77232736 4.339354
22 4.329274 3.3369324
14 -2.550432 5.9662623
8 -1.5270791 5.1250653
23 -2.7049298 5.9922442
24 1.3591117 4.0548425
26 5.1222677 3.2527437
15 5.646485 3.4773517
27 1.7642572 3.9071233
28 -1.5688082 5.287583
17 -2.0743263 5.638268
13 2.3981986 3.665226
