30 2
21 3.589798 4.6739388
22 3.738993 1.5918738
1 3.4962735 5.0044847
4 3.9934812 1.0276883
10 5.290315 -1.499573
16 3.8634546 1.6289634
23 6.6024284 -3.282632
26 3.6370454 2.3206964
20 4.1016607 0.8586576
19 5.3882494 -1.7042216
25 6.149298 -2.7107885
3 3.5100486 4.353557
6 6.132296 -2.9275658
12 3.8213224 6.2661476
17 3.9676929 1.2531531
2 3.752068 6.2768807
15 3.9361675 1.2460631
13 5.4421453 -1.9227993
28 5.9496326 -2.545815
9 3.5917718 4.6539474
27 3.6528819 6.009259
8 6.109436 -2.643922
11 3.7010107 5.8931417
7 3.680633 2.0252697
0 3.560963 4.4902263
5 6.381875 -2.9384966
14 3.708851 1.984584
18 3.8290167 1.2557182
24 3.6000187 4.657721
29 6.8458834 -3.4281209
