30 2
7 3.6963403 3.8445346
2 -2.804776 5.4964147
29 3.9878008 4.0131626
20 -2.247209 5.049192
5 1.0953243 4.050765
3 0.99429876 4.213345
4 -2.764058 5.3197646
18 -1.95031 4.9435325
1 5.266782 4.0333242
12 4.7629375 3.9680843
14 -2.9944873 5.5409307
22 3.7216392 3.870193
10 3.8903213 3.8916993
25 4.8781796 3.9753895
26 4.9164977 3.9203403
21 1.8460788 4.077542
17 -2.616188 5.3630977
28 -2.436128 5.07317
19 -3.4679048 5.723402
11 0.7708075 4.203762
24 1.3080142 4.196003
23 -3.3311307 5.704889
13 2.2509975 4.086089
6 4.751923 3.891802
8 -2.171978 4.917028
27 1.2293897 4.0976014
15 4.9662223 4.0344276
0 0.2305227 4.308704
9 0.51411015 4.292033
16 0.28854582 4.3985033
