300 2
9 -2.002507 0.8796339
252 -2.1437767 0.5249681
50 -3.142275 -1.1053139
229 -1.7952671 1.3874996
209 -3.308658 -1.2938406
238 -1.3905658 3.8216262
167 -1.3600154 3.2893224
289 -3.846908 -1.824186
115 -1.4418596 3.788184
174 -2.0912163 0.61530226
16 -3.6597953 -1.5964172
292 -3.6757524 -1.5950452
85 -3.616118 -1.6155329
277 -1.9658 0.9538505
244 -2.0491297 0.7841286
205 -1.4727155 3.5909176
193 -3.5749397 -1.5785697
30 -1.3470441 3.7500548
149 -2.0559413 0.6790192
255 -1.9628801 0.97238314
130 -1.4016039 3.3635297
274 -1.874689 1.1567229
284 -3.48383 -1.516941
199 -1.9717325 0.9568776
18 -1.9452914 1.0008456
192 -3.7472968 -1.737475
169 -1.3448101 3.7472367
89 -1.9464071 0.9936935
256 -2.0788968 0.68576634
189 -1.3710893 3.624765
117 -2.0743117 0.76760936
267 -3.2361293 -1.2414607
140 -2.0734756 0.6499477
176 -1.5032015 3.4818165
133 -3.5155733 -1.4089688
161 -1.998353 0.8677728
22 -1.3042138 3.4161158
186 -2.0806081 0.77050894
157 -3.394889 -1.3897291
276 -1.9873405 0.845088
263 -2.0348988 0.7599668
129 -1.8340927 1.2304733
281 -2.0857286 0.7476985
212 -1.3929979 4.1994133
275 -2.008593 0.8524689
76 -1.4347299 4.0440946
41 -1.406806 3.9322972
213 -2.0578187 0.7274478
170 -1.9725031 0.8540354
94 -1.9428093 0.97100264
83 -2.1336446 0.46533713
128 -1.9972298 0.8745858
29 -3.4169838 -1.3984746
46 -1.3384151 4.0305843
72 -3.2061284 -1.1122245
112 -3.4562676 -1.4598761
210 -1.420529 3.7884626
120 -3.639416 -1.6532521
232 -3.7871242 -1.7281303
47 -1.3581774 3.1909223
172 -3.620891 -1.6131352
151 -2.0038967 0.82985014
243 -2.0759828 0.7552931
283 -1.3938006 4.06241
82 -3.4553914 -1.4407601
45 -1.4321774 3.5798995
27 -3.8189511 -1.6912304
231 -1.9113992 1.1153636
237 -1.4252962 3.4064753
13 -2.0594664 0.80502015
291 -2.032391 0.79609704
191 -1.434226 3.878435
90 -3.4527528 -1.4602544
92 -1.3881772 4.290455
65 -3.4908957 -1.4178206
190 -1.945458 0.8664291
118 -1.3722059 3.9108758
108 -2.05588 0.7897164
195 -1.4106802 3.2561688
197 -1.4033436 4.1990275
156 -1.3560307 3.359972
134 -1.9252758 0.9977478
33 -1.9315382 1.0910814
52 -2.024301 0.86264277
53 -1.3575661 3.5598621
282 -2.040086 0.7486253
81 -1.3380612 3.9579196
228 -2.0807133 0.74413025
102 -2.0115116 0.94354206
137 -1.3678287 3.7509818
258 -2.0693479 0.736762
299 -1.4006999 3.7648067
269 -3.221066 -1.1280497
7 -1.3609563 3.346866
77 -1.4383054 2.9163966
143 -1.4367429 3.5512574
240 -2.0688288 0.6406496
57 -2.100972 0.60336876
62 -3.5283172 -1.5591475
116 -1.4359196 3.4705296
294 -3.7540815 -1.6870314
114 -2.1426072 0.4962818
126 -1.9855312 0.9964174
131 -3.5148232 -1.412609
182 -3.5372503 -1.5375545
153 -3.529654 -1.5290033
55 -1.995671 0.84157515
218 -1.9606311 0.93562144
32 -3.562113 -1.5215851
184 -3.9281259 -1.8492484
127 -1.974262 0.8173814
124 -1.3646402 3.876111
132 -1.3618935 3.431418
136 -3.9733498 -1.9275471
206 -3.4484978 -1.4154907
222 -3.58147 -1.539674
226 -1.3632127 3.5892096
293 -2.1022408 0.49777162
59 -3.4811478 -1.4775666
8 -2.033988 0.6369372
297 -1.4277428 3.7673366
19 -1.4040173 3.6239033
165 -3.6567762 -1.6619034
31 -1.3663181 3.0858595
279 -2.0954833 0.70963234
48 -3.773102 -1.7407202
296 -3.6437583 -1.5491302
56 -1.9755633 0.9488409
58 -3.4335303 -1.4329002
158 -1.4165479 3.7059994
211 -2.1285675 0.5951115
99 -1.3738259 3.7228813
178 -3.320318 -1.2635179
111 -3.6035147 -1.623662
247 -1.4652582 3.7459285
180 -2.0876212 0.82206804
203 -3.491102 -1.4936936
207 -1.3586677 3.9535086
298 -1.998249 0.88251203
272 -1.3544533 3.2298748
270 -3.7182517 -1.6903964
17 -1.4166974 3.7179854
200 -1.4350352 3.7549584
34 -1.9316399 1.047164
44 -3.1860805 -1.1605319
138 -1.333007 3.1921446
80 -1.4181178 3.6116626
97 -1.9781823 0.7951993
110 -3.4599004 -1.404979
208 -3.8537648 -1.856099
121 -2.2046354 0.5335799
261 -3.6157253 -1.7256613
260 -4.3021016 -2.192455
220 -3.6870697 -1.6695766
3 -1.392467 3.6313968
12 -1.9904943 0.9612227
42 -1.4590521 4.0285397
40 -3.4494414 -1.4467994
236 -1.3716198 3.5055356
159 -1.3848231 3.8728762
253 -1.9916842 0.8904115
105 -3.1400704 -1.0302571
160 -3.4683867 -1.4238417
142 -1.3640771 4.0408998
5 -1.8809695 1.2729838
68 -1.3743392 3.8516421
215 -1.4072676 3.6450014
177 -2.0805166 0.7547441
135 -3.2579734 -1.2342231
74 -3.6917155 -1.6023244
100 -1.3332425 3.9816139
39 -2.1288342 0.62185776
219 -3.5229647 -1.4854566
66 -1.3501315 3.9876938
123 -1.404592 3.666288
139 -3.9819863 -2.0431406
183 -1.9963334 0.78680044
266 -2.0144598 0.8843283
233 -2.1063797 0.574054
250 -3.5389023 -1.5646093
286 -1.3170214 3.9342961
287 -3.8101497 -1.74447
4 -1.3920858 3.6828783
24 -1.3929017 4.0005493
20 -1.3757472 3.7661784
122 -1.3841649 4.0603776
23 -1.9854081 0.78240097
257 -1.3937594 4.388664
86 -3.4331343 -1.3872807
259 -3.526829 -1.4794927
147 -2.0103717 0.7576805
14 -3.4088485 -1.46766
25 -3.8375182 -1.8392826
37 -3.624583 -1.6105386
264 -4.066623 -2.0040557
179 -1.4270878 3.662977
84 -1.3598927 3.4446514
242 -1.950224 0.95471597
146 -3.9947798 -1.9445777
214 -2.0166323 0.82771194
181 -3.3643029 -1.3873826
194 -1.9665922 0.9361159
198 -3.1945772 -1.1387924
262 -2.02127 0.81711185
273 -3.6380453 -1.5547049
150 -2.149958 0.54920745
2 -3.4080524 -1.3414464
35 -2.0970945 0.7081377
26 -1.3777802 3.463633
268 -1.4087024 4.2106047
235 -1.3920727 3.790269
185 -3.682821 -1.6111113
188 -2.134497 0.56889474
239 -1.3940419 3.7701604
69 -1.4223506 3.3211453
78 -1.3295705 3.769785
216 -3.7871823 -1.6610489
201 -2.0315785 0.8508526
202 -3.9073043 -1.8374017
103 -1.3590541 3.4505415
104 -2.0941386 0.6498871
145 -3.7284029 -1.6898938
154 -3.8080833 -1.7533967
28 -3.5563192 -1.5649422
79 -3.671392 -1.6082824
295 -3.299744 -1.3382856
54 -3.5706513 -1.6012028
75 -3.5905585 -1.5865403
125 -1.3880029 3.5494072
223 -4.1206684 -2.08977
141 -3.588269 -1.5208297
163 -2.0853968 0.64458233
155 -3.7239277 -1.7182815
166 -1.4277532 3.6511369
225 -1.3715112 3.5485368
204 -3.679624 -1.7180188
15 -1.9314549 1.0065976
96 -1.4216946 3.8304913
64 -3.6526246 -1.5685916
43 -2.0227773 0.87163484
224 -3.6678293 -1.6587558
60 -2.0105252 0.8405451
278 -1.3796308 3.9676971
119 -1.3794202 3.4568744
196 -1.392632 3.9365888
148 -3.4516318 -1.4949881
187 -3.6140678 -1.5311009
0 -1.3476595 3.416762
109 -4.1530137 -2.1158965
67 -1.2966884 3.7076652
93 -1.4188756 3.2173905
51 -3.4533472 -1.494878
61 -2.091788 0.64901483
288 -3.5225303 -1.4896446
91 -1.9625537 1.068037
107 -1.9889303 0.94096607
290 -1.4182518 3.087343
230 -1.3903054 3.34997
241 -1.9567668 0.9501026
1 -3.4908693 -1.477145
6 -1.9469244 0.92634
95 -4.126217 -2.018101
11 -2.1347337 0.6071116
246 -1.396862 4.015619
63 -2.052748 0.6889289
251 -1.4086317 3.8865256
254 -3.8436198 -1.7411687
144 -1.4344517 3.8266895
171 -2.0632598 0.7734947
21 -1.3731909 3.4282188
265 -1.4028814 3.5635452
113 -2.0624864 0.7335348
36 -1.4186105 3.7752862
71 -1.9150816 0.9917172
87 -1.9748967 0.8458776
88 -1.3795059 3.880885
152 -3.601189 -1.5631045
227 -1.4096617 3.6656725
173 -2.030236 0.828779
221 -3.8143463 -1.7273012
285 -1.4199092 3.8991277
10 -1.4665244 4.025972
73 -1.9911847 0.8323785
164 -3.9061844 -1.7620894
38 -1.3568971 3.5879648
49 -1.9783314 0.98847145
280 -2.0600019 0.7149679
70 -1.4585112 3.8270764
234 -1.9637864 1.0258577
175 -1.9814087 0.9264723
162 -1.963959 1.0020859
249 -3.707641 -1.6456027
98 -3.1526842 -1.1555649
106 -1.4128458 3.515918
101 -1.9791263 0.75406045
217 -1.4016463 3.978283
271 -1.3664675 3.8439095
248 -3.887743 -1.8762994
245 -3.4843812 -1.420593
168 -3.7956502 -1.6569144
