30 2
10 5.400633 -0.8297632
22 3.5138204 2.0822208
16 3.5561311 2.1175892
21 2.8511376 5.1453686
7 3.3507025 2.5764701
14 3.5372446 2.1775136
1 2.7848375 5.641265
25 6.450883 -1.7153075
15 3.7222936 1.8422078
28 6.1248083 -1.6500641
6 6.4401207 -1.8963577
19 5.680033 -1.1361114
11 2.7829223 6.200012
13 5.6225557 -1.061113
8 6.403575 -1.6806484
23 7.0448365 -2.3876247
18 3.6368039 1.673005
3 2.8768346 4.6693387
4 3.8105557 1.5133078
20 3.960795 1.1925838
17 3.7004788 1.9242727
12 2.8964741 6.7677617
26 3.3588793 2.5970247
9 2.8728788 5.10981
24 2.8984978 5.061892
27 2.8464663 6.4441276
0 2.8786752 5.117296
2 2.937635 7.00315
29 7.272819 -2.3604195
5 6.664592 -1.9400185
