30 2
7 4.433757 2.795293
2 -1.4172361 5.97283
29 4.951231 2.9145331
4 -1.5265976 5.904651
14 -1.7929757 6.1891975
20 -0.958999 5.3832965
1 5.8977365 2.6245012
5 2.182968 3.6312237
3 1.9312884 3.9224186
0 1.1572479 4.0572467
6 5.4737587 2.724324
24 2.1408482 3.7969317
12 5.502791 2.8004284
10 4.763002 2.8816783
21 2.9190607 3.5044975
25 5.6977015 2.7011614
16 1.4755421 4.0926642
11 1.6748666 3.90542
26 5.5807695 2.6387875
19 -1.8951855 6.432539
8 -0.9716396 5.4819455
17 -1.2048519 5.7249045
23 -1.8734725 6.437787
27 2.3430898 3.6678653
18 -0.69895834 5.259563
15 6.1746187 2.6144934
13 2.9966054 3.432323
22 4.553014 2.873566
28 -1.2527603 5.63026
9 1.4328451 4.1303053
