30 2
8 6.385284 -2.1382866
4 3.8219216 1.5240479
16 3.6983788 1.9609855
7 3.4512315 2.462011
10 5.462549 -1.1012836
14 3.6096003 2.2303524
21 3.0709622 5.0492435
22 3.6453872 1.7440811
15 3.9011574 1.4986985
6 6.34708 -2.0916808
26 3.4660196 2.533951
28 6.09173 -1.8568549
25 6.304504 -2.0042553
13 5.453137 -1.1454918
23 7.0840144 -2.6837883
1 2.974312 5.5474052
18 3.7023048 1.5623648
17 3.7729719 1.6975325
19 5.6008277 -1.2595906
20 4.070939 0.9076419
9 3.113324 5.117546
27 3.0367818 6.306848
12 3.0456927 6.6428046
0 3.0925872 4.7657776
2 3.0982685 6.8174458
5 6.40454 -2.1960502
3 3.1511576 4.6175833
11 3.0527463 6.119166
24 3.040019 4.9742885
29 7.079603 -2.729048
