30 2
7 4.1920934 3.207629
4 -1.9335078 5.7826347
18 -1.1723634 5.1261144
25 5.4087973 3.139049
29 4.8952436 3.265885
2 -1.7544793 5.8324275
14 -2.0310898 6.0220494
5 1.8050635 3.8287814
24 1.8405116 3.959735
10 4.39246 3.2721379
0 0.9044347 4.193066
11 1.3837328 4.028372
12 5.329961 3.0970922
22 4.3581276 3.1608322
1 5.7182994 2.9368794
3 1.6546993 3.9619915
26 5.423831 2.9883995
6 5.284702 2.9481266
20 -1.2742335 5.3245873
19 -2.5036716 6.316516
21 2.591105 3.6593897
8 -1.1701134 5.191824
23 -2.4781165 6.3278522
16 1.2202709 4.281439
15 5.9278946 3.1303718
17 -1.6093717 5.6444764
28 -1.5656462 5.4770327
27 2.1597948 3.7817862
9 1.0712109 4.1905484
13 2.5264368 3.639993
