30 2
10 5.340955 -1.3692858
22 3.6799223 1.6914852
21 3.4657047 4.757182
14 3.7783961 1.9306816
25 6.18337 -2.5600014
7 3.597782 2.0977662
13 5.4031267 -1.4907297
1 3.4386797 5.2392244
26 3.6068227 2.1994944
16 3.8797917 1.667729
15 3.9645596 1.220809
20 4.0598803 0.848719
19 5.313127 -1.5001061
0 3.4390142 4.7747436
6 6.249555 -2.6568873
11 3.526091 6.087946
27 3.4297445 6.1724677
2 3.6733308 6.548029
3 3.4151087 4.3860545
18 3.7993202 1.2547649
28 5.99016 -2.2844343
4 3.8924685 1.0556891
8 6.1343966 -2.4090135
12 3.6603572 6.4817357
29 7.0172772 -3.1888745
17 3.9437964 1.296066
9 3.4279704 4.7354856
24 3.4336586 4.6949368
5 6.3882084 -2.7646546
23 6.835449 -3.3255327
