30 2
22 3.6991642 1.715203
25 6.234693 -2.1004024
23 6.963042 -3.0378895
10 5.401838 -1.2606771
16 3.7219307 1.849807
21 3.198024 5.035836
15 3.9007576 1.4267403
1 3.2004037 5.496273
4 3.9498024 1.155088
7 3.5199916 2.2436087
28 6.0726533 -1.8914049
0 3.1986094 4.8644285
11 3.1719978 5.9348793
26 3.5651157 2.1884952
29 7.02906 -2.914327
6 6.2764373 -2.3671057
8 6.1119237 -2.0747836
19 5.622882 -1.5364124
12 3.4037337 6.5370383
14 3.767386 1.9112015
17 3.8971925 1.3770444
20 4.0750637 0.82023835
18 3.8412633 1.3776294
27 3.2200918 6.2976637
9 3.2309866 4.846994
2 3.36212 6.610481
24 3.1630282 5.0407257
13 5.426478 -1.3538039
3 3.210201 4.616955
5 6.5006466 -2.490904
