30 2
29 4.712299 3.2651873
7 4.1599555 3.316099
2 -1.8018166 5.8070555
20 -1.2257835 5.23718
6 5.1741605 3.085618
25 5.418534 3.141323
3 1.5393077 3.9791636
17 -1.708516 5.6280146
14 -2.2515528 5.9678717
11 1.4167938 4.008288
21 2.5720944 3.7150724
5 1.7621597 3.8206477
0 0.87395537 4.197269
12 5.3001623 3.248951
4 -1.9954371 5.819233
10 4.366388 3.2606988
24 1.7726209 3.9404414
22 4.3883476 3.133932
1 5.730536 3.1594872
8 -1.3235538 5.2626376
23 -2.544711 6.197343
18 -1.2144881 5.1866407
13 2.4982083 3.7334583
26 5.3499403 3.0543623
15 6.036301 3.1961389
16 1.0838753 4.217333
19 -2.5271444 6.3214784
28 -1.6290619 5.4485793
27 2.0247152 3.8024993
9 1.0273782 4.198223
