300 2
165 -3.5854497 -1.4018143
158 -1.3232906 3.8127592
63 -1.9825003 0.75792366
243 -1.7995173 1.2432451
128 -2.052228 0.8016334
246 -1.2797388 3.8016694
205 -1.2967367 3.1581228
86 -3.4282186 -1.387571
7 -1.2971351 3.3248188
129 -1.9228774 1.0045965
131 -3.60871 -1.5274316
115 -1.3223885 3.794397
287 -3.9279478 -1.6876355
199 -1.9471056 1.0456979
104 -1.8536174 1.1807559
123 -1.2905313 3.8555071
5 -1.948865 0.98197067
240 -2.1658957 0.47989702
11 -2.0743186 0.7079434
159 -1.3536668 3.7216916
197 -1.2288407 3.885458
190 -1.9907311 0.8723892
238 -1.289222 3.7467954
176 -1.3204191 3.6710088
30 -1.3322232 3.4905548
263 -2.0447385 0.7030019
198 -3.1599624 -1.1036832
83 -1.9930909 0.8509087
228 -1.9174486 1.1074805
162 -1.9317474 1.0594832
111 -3.3389087 -1.2600447
77 -1.3092512 3.297291
223 -3.8934622 -1.7031835
195 -1.2949327 3.3930805
76 -1.3205568 3.9548273
16 -3.7347693 -1.6744089
58 -3.5912776 -1.4904459
82 -3.4591393 -1.3058593
167 -1.288381 3.644705
45 -1.3487548 3.6964643
108 -1.9694489 0.9872657
117 -2.0588226 0.75472677
71 -1.9961915 0.9797998
72 -3.301239 -1.098494
282 -2.0884793 0.64212817
174 -2.0650556 0.7207551
258 -2.108418 0.64097285
291 -2.0089083 0.86430436
6 -2.1109397 0.59851307
279 -2.1289365 0.6454777
18 -2.0446334 0.82049227
53 -1.2757102 3.4731822
290 -1.364028 3.18073
276 -2.03278 0.73491436
293 -2.0874233 0.74978966
36 -1.3358103 3.7903554
295 -3.382993 -1.2927172
164 -3.859266 -1.679334
109 -3.8214755 -1.65084
168 -3.5920591 -1.3967534
8 -2.0492878 0.9063977
20 -1.3167944 3.5416052
99 -1.3096757 3.73003
88 -1.2826592 3.762568
253 -1.9024099 1.046562
151 -2.0204542 0.75405884
252 -2.1034184 0.603602
255 -1.9484975 0.94147503
107 -2.0396147 0.7613994
225 -1.2774289 3.9600449
193 -3.6648006 -1.5472909
135 -3.415769 -1.2597691
194 -2.062631 0.7468044
177 -2.0689456 0.7610243
275 -1.9268341 0.9464667
75 -3.439249 -1.2815293
147 -2.1146538 0.6815702
90 -3.5734076 -1.4955758
251 -1.2446005 3.6675866
126 -1.9453511 1.0093405
173 -2.063326 0.74942213
31 -1.2305676 3.7501266
24 -1.3689702 3.6342397
28 -3.8412879 -1.6873335
33 -1.9210325 1.0581801
218 -1.9651313 0.9720319
105 -3.2889018 -1.1904392
233 -2.1121137 0.6494157
125 -1.2541618 3.431434
4 -1.2939551 3.2740564
9 -1.9341689 0.97863877
40 -3.671355 -1.6052303
27 -3.6436722 -1.5730082
56 -2.006436 0.6592488
39 -1.9991935 0.82468826
283 -1.3545784 3.9706795
213 -2.0500827 0.8201923
41 -1.3430136 3.9648583
47 -1.317053 2.8753438
48 -3.888924 -1.6991323
130 -1.2981751 3.9735057
185 -3.7656043 -1.6497064
242 -2.0462859 0.79243743
119 -1.310418 3.4277952
270 -3.8400676 -1.7194815
188 -2.086033 0.71185833
212 -1.3078966 3.4048865
273 -3.4337451 -1.3038332
3 -1.3038573 3.7706637
145 -3.6793258 -1.687038
10 -1.3207719 4.3055916
15 -1.9118259 1.062844
32 -3.550836 -1.412524
61 -2.0393076 0.7636608
157 -3.5221083 -1.3899764
237 -1.3360342 3.4234781
166 -1.3301625 4.2199035
189 -1.3135018 3.2759216
170 -1.9677308 0.9128622
247 -1.3283559 3.5059242
219 -3.645223 -1.5791006
266 -2.059614 0.7442867
50 -3.237973 -1.142381
13 -2.0627387 0.8251846
100 -1.3755753 3.847853
101 -2.0026505 0.91370505
236 -1.290374 2.9816594
231 -1.9620025 0.9687612
179 -1.2969891 3.84448
200 -1.2497679 3.8494468
203 -4.013433 -1.901811
207 -1.3061149 4.098765
226 -1.3359308 3.7114894
65 -3.6757894 -1.5888917
38 -1.2628814 3.8636956
44 -3.2188907 -1.1269017
215 -1.4141921 3.402332
51 -3.850655 -1.5948696
54 -3.7147088 -1.5914906
94 -1.9200616 0.99701506
113 -1.8751545 1.1136674
122 -1.3594321 4.093765
299 -1.2308481 3.581114
136 -4.151851 -1.8872746
146 -3.8382392 -1.586712
248 -3.764863 -1.632832
260 -4.092866 -1.9065746
1 -3.556491 -1.503518
2 -3.6964352 -1.5062515
141 -3.7999902 -1.6031102
60 -1.9736063 0.92761135
234 -1.9087414 1.001821
211 -1.9852917 0.8745472
191 -1.3301176 3.6290221
261 -3.8445282 -1.8029368
95 -4.1619563 -2.0243678
89 -1.8272059 1.3046694
121 -2.1196165 0.5805483
221 -3.8945816 -1.5700729
224 -3.9162514 -1.7541828
289 -3.6213193 -1.4409854
152 -3.675648 -1.4876121
201 -2.0416298 0.7218273
14 -3.5118153 -1.4031484
102 -2.022557 0.7735013
227 -1.2563878 3.734135
22 -1.3037465 3.6647193
206 -3.484352 -1.3634318
124 -1.3728452 3.720223
196 -1.2911505 3.9310262
37 -3.6974149 -1.551921
235 -1.3567542 3.4542036
106 -1.2798082 3.5581625
52 -1.9623849 0.8247345
139 -3.9370952 -1.7256753
80 -1.3187935 3.873543
169 -1.2637346 3.869309
103 -1.3281388 3.473173
272 -1.307338 3.13393
271 -1.3160517 4.1298966
155 -4.033704 -1.8258446
144 -1.2900937 4.014849
85 -3.6444495 -1.5642685
150 -2.1255217 0.626595
298 -2.0083036 0.8227107
116 -1.3382579 3.5319304
81 -1.3177022 3.764897
84 -1.2891415 3.7073164
137 -1.3703921 3.2244523
269 -3.2604833 -1.1054597
149 -1.9330698 0.95660645
208 -3.6898544 -1.5368619
262 -2.0949585 0.77820724
0 -1.3050973 3.9283514
220 -3.583908 -1.5011739
182 -3.4203355 -1.3090509
87 -1.978903 0.8736448
67 -1.2931477 3.8944173
68 -1.2459266 3.6631823
69 -1.3259007 3.7668366
73 -1.9814965 0.8633197
78 -1.2345752 3.605623
241 -1.9413954 1.0793087
154 -3.9384613 -1.8111991
172 -3.644984 -1.5866864
296 -3.6989567 -1.5135943
217 -1.2861431 3.9562066
239 -1.2708399 3.5947526
140 -1.9904021 0.89040905
12 -1.9690515 0.8009295
118 -1.3201119 4.2238274
19 -1.2878435 3.6483216
232 -3.7709603 -1.6680068
57 -1.9344995 0.96876514
230 -1.3264025 3.04115
281 -2.1033578 0.6147285
74 -3.3757622 -1.4175339
175 -1.9026104 1.0336982
181 -3.5765784 -1.4522083
256 -2.066267 0.67105335
259 -3.2760115 -1.1428325
277 -2.0411134 0.84589076
49 -2.029245 0.874925
148 -3.7180688 -1.6011562
34 -1.8713639 1.190392
55 -2.0095546 0.848676
209 -3.3193276 -1.1858661
257 -1.2931497 4.3501506
91 -1.9208658 1.2180654
120 -3.6790047 -1.637098
132 -1.2986093 3.807962
204 -3.8970516 -1.7292361
294 -3.6856678 -1.5172952
274 -2.0132341 0.76463455
267 -3.2904997 -1.12772
284 -3.5559566 -1.4367888
133 -3.6147048 -1.522152
23 -1.9477502 0.85287243
43 -1.9897343 0.9377165
46 -1.365834 4.357226
210 -1.3157746 3.8955379
183 -1.9708219 0.9305834
187 -3.4838858 -1.3617465
96 -1.2944392 3.7821097
114 -2.1211488 0.7078802
17 -1.2858882 3.9821348
21 -1.3519521 3.8701544
29 -3.3852782 -1.2994338
222 -3.55452 -1.4347968
163 -2.0321696 0.8219157
153 -3.3065825 -1.2029495
297 -1.2974895 3.8744764
216 -3.7589946 -1.5968273
59 -3.8873718 -1.6380011
286 -1.3237374 3.617021
112 -3.5878873 -1.3995093
171 -1.9128484 1.1930593
178 -3.3061752 -1.1765602
285 -1.3304883 3.6907046
66 -1.2511947 4.362039
79 -3.7903132 -1.7561474
156 -1.3037137 3.7364736
97 -2.09461 0.73686856
98 -3.5780911 -1.4488128
161 -1.9030496 1.0679566
250 -3.5481555 -1.4484519
278 -1.3443366 3.786316
280 -2.1795475 0.5453884
64 -3.5472512 -1.4694767
62 -3.5217946 -1.3680364
70 -1.2925553 3.8531775
143 -1.261308 3.592048
254 -3.5629134 -1.4692723
264 -3.847521 -1.6627214
268 -1.3315969 4.2222404
142 -1.2932756 4.0795207
292 -3.473099 -1.3991961
265 -1.2896328 3.2617161
42 -1.2935363 3.8290837
127 -2.0257552 0.77919894
192 -3.4765668 -1.2715994
202 -4.3065963 -2.1186514
26 -1.3571376 3.1157076
249 -3.8851755 -1.7215073
35 -2.1817117 0.563615
244 -2.0169573 0.77028406
288 -3.7030344 -1.6079626
160 -3.8780324 -1.6516951
184 -3.9354799 -1.7410796
186 -1.9993901 1.0023779
229 -1.8876761 1.1750917
214 -1.7816718 1.2749898
110 -3.2377713 -1.1123222
25 -3.5275002 -1.492199
134 -1.9299114 0.8881129
245 -3.6742113 -1.5168935
138 -1.3364923 3.6001046
93 -1.3459643 3.5319283
92 -1.3386443 4.238673
180 -2.0385883 0.8435553
