30 2
7 3.797841 3.783017
4 -2.7684271 5.440071
18 -1.9521955 4.9995303
5 1.156977 4.049399
14 -3.0237508 5.5225987
0 0.2521436 4.2165146
6 4.8506074 3.832549
25 4.846435 4.0064597
29 4.030112 3.9203105
15 5.0911303 3.9902284
2 -2.7458456 5.5314484
24 1.3808229 4.238082
20 -2.1629105 5.1136713
1 5.316774 3.9288638
10 3.8888836 3.8742309
3 1.0609809 4.184065
12 4.7317643 3.8648052
23 -3.3656657 5.7069035
21 1.8967186 4.1285434
13 2.1930354 4.0455236
11 0.7326962 4.180601
26 5.0194006 3.790557
28 -2.421849 5.1566505
22 3.7963498 3.8152404
19 -3.4052818 5.776633
8 -1.987927 4.886583
16 0.37614754 4.393524
9 0.46840608 4.347562
17 -2.518871 5.391262
27 1.2668537 4.0929246
