300 2
251 -1.4106815 3.6939425
18 -1.9561725 0.84565425
213 -2.0651486 0.64299375
198 -3.1077123 -1.1150782
12 -1.9944131 0.8675279
282 -2.0903754 0.6866
191 -1.3942088 3.7831922
190 -1.9467545 0.8872757
128 -2.0897632 0.673076
211 -2.0089335 0.6808064
165 -3.482306 -1.4809288
195 -1.3997686 3.091922
295 -3.3298907 -1.3515075
79 -3.6020787 -1.5978831
101 -2.0553744 0.771179
288 -3.6549268 -1.8158345
8 -2.112301 0.52681565
41 -1.4827017 4.058706
94 -2.0244386 0.7816936
141 -3.4880772 -1.5198423
222 -3.5572999 -1.6025832
80 -1.4242026 3.6228652
103 -1.4182477 3.8937438
169 -1.3933264 3.726946
138 -1.3895761 3.8135817
205 -1.4445713 3.6093554
130 -1.4711738 3.7692814
289 -3.8433528 -1.7810569
83 -2.1115823 0.6831748
145 -3.5938473 -1.683777
298 -2.0511487 0.74304587
181 -3.418415 -1.3465441
9 -2.136913 0.62554985
209 -3.3983705 -1.4018657
61 -2.1169357 0.55442154
269 -3.3325791 -1.3677497
241 -1.9673308 0.9399586
174 -2.1283982 0.5527938
275 -2.003084 0.86487645
217 -1.3691132 3.8923197
242 -2.011638 0.8897529
76 -1.4708904 4.1905665
5 -1.9101119 1.160564
15 -1.9711537 0.8245568
16 -3.680365 -1.7314318
21 -1.4323975 3.6269798
67 -1.4727299 3.7697935
149 -1.9447482 0.94080746
158 -1.4612502 3.7562008
230 -1.3852074 3.4367752
89 -1.9421823 1.0376414
199 -1.9721142 0.9736726
136 -3.8851125 -1.8934939
243 -1.9653084 0.90466803
3 -1.4073266 3.911766
284 -3.6911082 -1.6214558
26 -1.3912182 3.4345598
225 -1.3724364 3.4168208
69 -1.368694 3.305341
108 -2.0592768 0.6472196
155 -3.758193 -1.7019254
160 -3.7568243 -1.8078697
265 -1.3739585 3.3419545
187 -3.5575218 -1.5834899
274 -1.9257308 1.0376204
226 -1.3915086 3.7421925
125 -1.387123 3.2244825
23 -2.0201166 0.8877798
32 -3.314105 -1.2789764
46 -1.3628591 4.1330338
93 -1.4040924 3.8679717
255 -1.890012 1.0098758
273 -3.5204022 -1.4466604
176 -1.3602685 3.5453136
210 -1.3668674 3.8668196
13 -2.0150313 0.78754276
272 -1.4213439 3.234606
276 -1.9859167 0.7814478
116 -1.3804712 3.688626
71 -2.0169804 0.71997553
127 -1.9320109 0.89777297
281 -2.1167312 0.6486197
203 -3.53478 -1.5800097
263 -2.0244663 0.81686074
152 -3.6467865 -1.6448832
259 -3.5447483 -1.603583
188 -2.1363306 0.5720749
33 -2.0506368 0.9264563
107 -2.0011175 0.94619334
161 -2.0532894 0.8402328
121 -2.0508137 0.7200878
47 -1.4057857 3.3193202
55 -2.0476 0.8267647
297 -1.4436557 3.5979228
1 -3.4856055 -1.5321543
77 -1.3839785 3.1768253
64 -3.4051003 -1.3842057
68 -1.4090027 3.4113646
140 -2.1730025 0.55037403
153 -3.4896562 -1.5116825
63 -2.0487266 0.70642424
6 -2.108545 0.6287055
30 -1.3790382 3.8106074
113 -1.9799008 0.9196321
296 -3.5219934 -1.5911889
111 -3.701886 -1.7357178
287 -3.7905629 -1.8778799
252 -2.1095083 0.6469998
290 -1.4809676 3.4675844
2 -3.6012187 -1.559945
100 -1.4172001 4.176546
72 -3.2017074 -1.1844563
293 -1.9994527 0.72620964
171 -2.0026288 0.9948488
167 -1.3752455 3.9818928
91 -1.9907976 1.0580825
277 -1.8893449 1.0069765
134 -1.9079064 1.0828961
204 -3.5353103 -1.6655164
194 -2.0167375 0.7946047
271 -1.4477066 3.9303515
7 -1.3867605 3.2195787
218 -1.8638458 0.95904714
37 -3.4376583 -1.4780583
280 -2.0572464 0.7186553
36 -1.4469545 3.5294392
42 -1.4497195 3.831186
48 -4.107141 -2.1565585
201 -1.9626167 0.9433369
53 -1.4514595 3.7137923
56 -2.0756621 0.66181123
57 -2.1295056 0.6383383
162 -1.9463191 1.0729535
58 -3.724919 -1.7758516
163 -2.0546122 0.7308586
221 -3.7556462 -1.7845557
159 -1.412102 3.856408
208 -3.582339 -1.5632143
219 -3.7815757 -1.7388366
131 -3.6399267 -1.5995268
97 -2.1384523 0.6201106
10 -1.3952373 3.9949923
22 -1.4251256 3.646846
200 -1.4122651 3.9253523
52 -2.0039835 0.88761526
231 -2.0206597 0.81292605
115 -1.41385 3.8045201
45 -1.4566041 3.0107236
59 -3.5303283 -1.5346254
98 -3.083806 -1.0413622
114 -2.0659552 0.6759254
73 -2.0284493 0.7388189
81 -1.4224907 4.0183315
109 -4.104356 -2.00525
129 -2.020992 0.8832212
206 -3.6131434 -1.6883359
215 -1.2925686 3.3640673
197 -1.4071808 3.6271849
285 -1.395027 4.0785565
227 -1.402118 3.4239423
35 -2.1507583 0.5072581
40 -3.5460467 -1.4988629
156 -1.3884233 3.336466
50 -3.350543 -1.3821393
151 -1.9027009 0.8482256
283 -1.3917507 3.6922994
70 -1.3415998 3.7174404
262 -2.089621 0.6243314
143 -1.4137135 3.5667074
104 -1.9341394 0.90561616
147 -2.0343757 0.7633695
228 -2.0200672 0.79686797
196 -1.3868829 3.8455334
123 -1.3987205 3.8087544
24 -1.4680681 3.59113
31 -1.3985792 3.755219
270 -3.60156 -1.5767075
192 -3.3799407 -1.4193926
105 -3.2963157 -1.3616985
180 -2.1098425 0.68764526
189 -1.4494045 3.3026593
168 -3.8282793 -1.8121833
235 -1.3987453 3.792958
248 -3.8481174 -1.8784684
150 -2.193113 0.5109349
238 -1.451421 3.943504
17 -1.3557804 4.0121937
20 -1.4491959 3.5720925
27 -3.7511423 -1.8345202
28 -3.515447 -1.5121325
65 -3.4631019 -1.4766542
173 -2.0161912 0.9069172
240 -2.1890063 0.525914
157 -3.6271925 -1.6518338
224 -3.804421 -1.7772564
233 -2.1605961 0.5800665
25 -3.599372 -1.5088803
54 -3.7489026 -1.7585034
87 -1.9820726 0.9003723
146 -4.115958 -2.067471
96 -1.4749444 3.5245278
66 -1.3878213 4.0790296
132 -1.4245937 3.3976908
133 -3.3370588 -1.3758713
185 -3.7587564 -1.7586875
256 -2.1304083 0.55681336
237 -1.4055306 3.588512
294 -3.5276525 -1.5495512
0 -1.3404231 3.7855442
212 -1.4518539 3.9309654
11 -2.1598554 0.5432015
207 -1.4588122 3.9252203
236 -1.4174414 3.0572152
124 -1.428748 4.049083
90 -3.6829374 -1.5992522
43 -1.9284544 1.0148212
291 -2.0496936 0.75984687
78 -1.3723203 3.8027704
246 -1.419129 3.9195552
250 -3.5068715 -1.5450523
135 -3.3383331 -1.3341246
148 -3.563792 -1.5990673
184 -3.854941 -1.8247766
232 -3.698717 -1.636819
254 -3.7323108 -1.6831288
4 -1.358388 3.531044
95 -3.7952242 -1.8459997
214 -2.0237916 0.9271619
75 -3.3999224 -1.5717964
220 -3.8567543 -1.7358407
137 -1.3982884 3.9023829
286 -1.4208527 3.8254144
186 -2.1179566 0.7376534
260 -3.9815125 -1.9418188
19 -1.4125051 3.3878753
299 -1.4098347 3.8015707
60 -2.102316 0.70031106
106 -1.3956634 3.4394948
142 -1.4134983 4.2477465
14 -3.6710958 -1.615854
264 -3.9834735 -1.8728501
39 -1.9415145 0.9650932
172 -3.5380745 -1.6056789
177 -2.025619 0.8628502
279 -2.1793206 0.43100512
267 -3.3882625 -1.3103787
112 -3.6377392 -1.7092896
178 -3.176974 -1.1725641
258 -2.0322583 0.73132324
257 -1.4140334 4.0009613
202 -4.4015846 -2.3303797
29 -3.7140872 -1.7553489
86 -3.6202395 -1.6035233
268 -1.4969119 4.0976753
62 -3.508218 -1.4272083
102 -2.0441062 0.73888755
117 -2.0081365 0.8679048
126 -1.9339249 1.0535263
223 -3.9508057 -2.006925
166 -1.3839366 3.864415
239 -1.4126406 3.31184
249 -3.8224242 -1.8272625
170 -2.0057678 0.8618703
247 -1.445153 3.709637
229 -1.796452 1.4389156
234 -1.9022542 0.9885806
139 -3.8897703 -1.808527
154 -3.762636 -1.7175311
110 -3.21441 -1.2569035
216 -3.8267462 -1.7769542
245 -3.5987213 -1.546686
92 -1.4969116 4.079993
34 -2.0587518 0.9221206
38 -1.3890536 3.8328707
44 -3.244984 -1.3835752
49 -1.9578568 0.9746691
261 -3.7874572 -1.8076627
179 -1.430426 3.762783
118 -1.4076487 4.3133373
164 -3.823872 -1.8174168
182 -3.4747715 -1.5273855
253 -1.9670868 0.92316335
175 -2.010326 0.83525354
292 -3.6190255 -1.6132449
82 -3.570863 -1.6567814
144 -1.4506332 3.4009256
119 -1.4110724 3.4580824
99 -1.5169247 3.8381689
244 -2.1282074 0.7000692
51 -3.4765058 -1.4645855
84 -1.4040942 3.5932965
88 -1.4757907 3.6432552
266 -2.0485775 0.87743217
122 -1.3600538 4.213195
193 -3.4181516 -1.4813894
183 -1.9717133 0.9918381
74 -3.2988584 -1.3609607
278 -1.31442 3.569518
85 -3.7414231 -1.7343683
120 -3.575753 -1.6266901
