30 2
16 3.862941 1.4661205
22 3.8806334 1.3601141
1 3.7531757 5.028909
19 5.4297657 -2.1370912
4 4.000525 0.87932837
17 4.053699 0.9360746
15 4.0566096 1.0197856
27 3.92359 5.8771877
28 5.776939 -2.7894228
21 3.8032627 4.4437904
13 5.22761 -1.795189
12 4.02373 6.2459574
25 5.9786253 -2.903155
14 3.8485708 1.6701328
3 3.7398512 4.3387895
23 6.636079 -3.7405603
6 6.021446 -3.0090902
8 6.0075183 -2.8792872
11 3.971047 5.7636766
10 5.258568 -1.8524951
18 3.9020724 1.0986829
26 3.8131654 1.8946531
7 3.775494 1.9486201
20 4.1253996 0.5257308
0 3.7189136 4.2782083
5 6.230538 -3.1524065
9 3.7634115 4.5043707
29 6.611041 -3.6411731
24 3.7882974 4.568645
2 3.9746122 6.239733
