30 2
1 5.6050286 3.5087187
7 4.1067533 3.5559993
3 1.3880694 4.0353436
29 4.520496 3.6658933
14 -2.5845318 5.8371277
2 -2.2203112 5.680218
20 -1.6640891 5.2537184
5 1.5069269 3.9388304
25 5.1639204 3.5436358
22 4.231094 3.4197648
18 -1.5632043 5.0798807
26 5.2300525 3.380832
0 0.57692224 4.238243
11 1.0854429 4.1094127
24 1.3579718 4.1170664
10 4.1662803 3.5282886
6 4.859748 3.4375734
12 5.0088 3.4632304
16 0.8047121 4.350197
4 -2.4907634 5.7612276
27 1.6414331 3.903194
13 2.3035905 3.7993696
8 -1.6242725 5.077769
21 2.373297 3.833358
15 5.644754 3.5519707
19 -3.0500402 6.192807
9 0.7416346 4.2378078
28 -1.6710248 5.224906
23 -2.8116758 5.891124
17 -2.1613474 5.565945
