30 2
22 3.7293296 1.645828
21 3.3786373 4.7022653
10 5.2951636 -1.4373498
4 3.98361 0.94139004
8 6.1050315 -2.5073907
12 3.5695767 6.414568
1 3.3972309 5.2193866
17 3.980134 1.2843316
7 3.59292 2.1480799
26 3.5930192 2.1914592
11 3.5772245 6.0972633
3 3.357386 4.4315243
16 3.845907 1.6483285
25 6.228082 -2.463279
23 6.868105 -3.3082926
14 3.7735884 1.9496123
19 5.3148828 -1.5445027
28 5.9118977 -2.3671536
15 3.9248292 1.2902366
24 3.437004 4.649727
13 5.3413825 -1.4954437
5 6.401628 -2.7010195
20 4.081475 0.79415643
27 3.5042918 6.173033
0 3.5164943 4.7044177
29 6.970617 -3.2479446
2 3.6815183 6.5657115
18 3.8296773 1.2297529
9 3.4815106 4.655622
6 6.2527466 -2.6333044
