30 2
7 3.3961828 3.9888625
29 3.9239538 4.184445
14 -3.3033352 5.434575
4 -3.1226587 5.2227035
10 3.8005428 4.0432997
1 5.0033197 4.2633457
5 0.94193304 4.0553503
3 0.77745813 4.2009664
6 4.453884 4.069318
20 -2.2490506 4.945948
25 4.8977127 4.2623234
15 4.960962 4.2987866
2 -3.0425494 5.387642
23 -3.6173348 5.6496644
0 -0.018487124 4.25965
24 0.9449243 4.2107987
17 -2.8796966 5.292222
19 -3.7075887 5.571344
11 0.560965 4.1823277
18 -2.2741756 4.836401
8 -2.4670315 4.8792357
28 -2.5646515 5.0312443
16 0.22196826 4.397071
12 4.777597 4.223824
21 1.6860071 4.193432
22 3.5332494 3.981453
13 1.812101 4.0711956
26 4.611347 4.083028
27 1.1633487 4.148594
9 0.21861097 4.343676
