30 2
7 3.8775566 3.767151
29 4.025871 3.9039502
4 -2.8128593 5.431612
2 -2.5657473 5.5594907
5 1.1212574 4.040881
14 -3.0726511 5.64114
24 1.4132364 4.1291633
18 -2.0244327 5.0346675
12 4.710099 3.907645
3 1.0686 4.1992793
21 2.091554 4.108709
0 0.36957666 4.195613
10 3.9318388 3.8699727
1 5.2911763 3.93724
23 -3.1872463 5.77882
19 -3.3616147 5.841584
11 0.82907677 4.14452
25 4.8925023 3.889783
22 3.8560028 3.732518
8 -1.9547282 4.9300375
20 -2.1218214 5.052066
15 5.1678414 3.9303064
16 0.48058745 4.4067583
26 5.01077 3.7681432
28 -2.3842678 5.2155156
6 4.9382176 3.7939682
13 2.2672687 3.9363854
17 -2.5113888 5.404434
27 1.3028011 4.0732474
9 0.40742165 4.344076
