300 2
45 -1.3846507 3.4204423
149 -2.0371273 0.7591773
119 -1.3986974 3.5605776
52 -1.9334401 0.921462
290 -1.3863728 3.4212818
134 -2.0106525 0.77778226
72 -3.4714766 -1.4244761
164 -3.942131 -2.0046356
235 -1.4572556 3.9725742
55 -1.9754531 0.8606137
206 -3.5271516 -1.6652014
256 -2.232969 0.413639
117 -2.0181267 0.76170737
105 -3.2709959 -1.3153815
236 -1.4635955 3.018537
116 -1.3671335 3.6185951
205 -1.4313365 3.6612318
135 -3.150571 -1.2495004
273 -3.4299414 -1.4777923
240 -2.1393669 0.5787111
3 -1.4229438 3.8200395
18 -2.0313826 0.790637
27 -3.6233528 -1.638118
81 -1.4536477 3.9400895
211 -2.0116675 0.7792043
127 -2.0179625 0.77598816
257 -1.4428533 3.8991756
33 -1.9703126 0.8560608
34 -1.9775218 1.0059557
54 -3.6859896 -1.7688767
47 -1.3855209 3.5866137
96 -1.3607285 3.6143706
104 -2.0545034 0.5947019
120 -3.6347482 -1.6295996
201 -2.0536735 0.70585656
263 -2.0486987 0.7763439
229 -1.8571694 1.3651333
70 -1.4012135 3.4734645
94 -2.065624 0.668622
276 -2.1134038 0.58658
19 -1.3816006 3.428861
11 -2.1102128 0.56325734
114 -2.1856694 0.5337415
59 -3.4707415 -1.4211911
86 -3.3797867 -1.4468765
221 -3.6915886 -1.6670002
293 -1.9731681 0.91797817
7 -1.4222516 3.4103017
113 -2.00419 0.8857133
148 -3.7372608 -1.7699957
175 -2.0173965 0.89954555
286 -1.3822906 3.7712479
73 -2.0461962 0.7694274
284 -3.5956588 -1.572522
259 -3.5014763 -1.4368745
267 -3.3288078 -1.3749177
181 -3.3649623 -1.4744337
209 -3.5619187 -1.5382583
241 -2.0290015 0.84387904
190 -1.9516156 1.0246717
282 -2.0275536 0.77609766
24 -1.3999076 3.7307086
13 -2.0429146 0.79668987
56 -2.0582879 0.64718026
58 -3.9497912 -1.9818286
77 -1.4056293 3.115713
115 -1.4227555 3.959497
23 -2.0062077 0.84927905
61 -2.1008296 0.64502925
9 -1.9620539 0.8580622
22 -1.3792521 3.7727466
31 -1.430119 3.73387
82 -3.3664691 -1.3245857
53 -1.4486116 3.5748699
207 -1.4445343 3.661884
249 -3.7429845 -1.7574425
110 -3.2352388 -1.2643493
294 -3.5263958 -1.5372
5 -1.8747798 1.1225541
15 -1.9873966 0.8722708
20 -1.4206104 3.4207244
29 -3.636084 -1.661239
51 -3.599269 -1.6366612
243 -1.9821754 0.863442
231 -1.834345 1.0394771
124 -1.4182943 4.1343527
275 -2.0443506 0.8134587
204 -3.6300905 -1.631026
150 -2.2188215 0.37847698
92 -1.4491677 4.4026937
133 -3.3533926 -1.2767141
185 -3.8484898 -1.8629588
258 -2.0921023 0.6439693
6 -2.1039937 0.66544586
151 -1.9783223 0.8016861
28 -3.5528295 -1.5258695
167 -1.3472472 3.7157614
63 -1.9541786 1.0348403
140 -2.172041 0.47407365
226 -1.4041755 3.7763379
280 -2.0087447 0.82117754
108 -1.9900138 0.74612695
228 -1.9432416 0.9130015
160 -3.7873611 -1.7741873
296 -3.591373 -1.652302
83 -1.9828789 0.7480941
253 -2.0134366 0.80640775
292 -3.505973 -1.5148542
168 -3.7982519 -1.8047976
106 -1.3491896 3.4183962
25 -3.6766427 -1.7278385
297 -1.3543893 3.8801844
159 -1.4173118 3.6354787
299 -1.3570379 4.082415
274 -1.9696226 0.91387284
99 -1.453262 3.7170389
213 -2.1449735 0.6551814
131 -3.4226294 -1.3974243
155 -3.9118588 -1.9125421
252 -2.0655553 0.56070256
8 -2.0437114 0.68799275
215 -1.3972203 3.5188806
157 -3.6223416 -1.6574234
30 -1.3428137 3.4286997
288 -3.6893125 -1.7301214
88 -1.4612374 3.666047
41 -1.4100915 3.9447446
198 -3.2159662 -1.26719
223 -4.0912085 -2.0263097
191 -1.4743443 3.9371994
210 -1.4496205 3.5759938
202 -4.2226267 -2.3577397
147 -2.0511374 0.8247812
156 -1.3785224 3.433577
246 -1.420615 3.9989595
188 -2.1211672 0.65306777
195 -1.3882945 3.3661783
262 -2.0296662 0.7008338
218 -2.007781 0.80231
271 -1.4637775 4.0711455
129 -1.9892468 0.9287489
145 -3.6195295 -1.6079062
177 -2.0207212 0.7953308
43 -1.9610068 0.91873634
251 -1.4603786 3.6568005
68 -1.4278971 3.5363312
78 -1.4721203 3.6908982
128 -2.0435011 0.7872798
182 -3.584371 -1.5365741
194 -1.9866812 0.8555412
245 -3.4128475 -1.4282763
289 -3.8033943 -1.7720202
291 -2.0449653 0.73499423
64 -3.4376073 -1.5299287
35 -2.1245573 0.5477942
200 -1.4007777 3.8753624
216 -3.85891 -1.7295568
279 -2.0972972 0.6533885
238 -1.399394 3.75857
225 -1.4659126 3.380118
48 -4.066673 -2.0176213
50 -3.2800581 -1.2882481
174 -2.112877 0.65081596
80 -1.4405676 3.6838632
144 -1.389697 3.4669771
248 -3.8861723 -1.9117146
137 -1.3570355 3.8375337
153 -3.5432837 -1.5396072
287 -3.9039822 -1.9052085
0 -1.3877755 3.9125748
244 -2.023216 0.63741356
169 -1.3753524 3.6338296
36 -1.4593704 3.4181466
79 -3.554676 -1.601938
254 -3.6340652 -1.5883825
172 -3.5177784 -1.5027049
237 -1.4202821 3.4875264
261 -3.6173546 -1.6605374
42 -1.3958253 4.0818515
14 -3.695609 -1.7438897
180 -2.1004512 0.62693423
40 -3.4691734 -1.5415459
278 -1.4194727 3.5695972
49 -1.9368838 1.0909239
239 -1.4511734 3.7020018
227 -1.4488721 3.3324041
163 -2.1336749 0.66535324
199 -2.0111008 0.94854856
203 -3.665248 -1.6444862
219 -3.722252 -1.8030238
265 -1.3847247 3.26731
242 -1.9140695 1.003555
39 -2.0151854 0.7799726
152 -3.5403183 -1.5825828
162 -1.9938651 0.9246749
95 -3.7332513 -1.7859911
67 -1.4439825 3.6711857
76 -1.388701 4.1361322
196 -1.4812378 3.9740353
285 -1.3681333 4.2644076
143 -1.4024467 3.4309163
130 -1.399211 3.840105
161 -2.0740933 0.7239794
183 -1.9003531 1.078287
212 -1.4296651 3.8603406
217 -1.4442663 3.6200676
66 -1.3689739 4.072744
12 -1.9799298 0.879746
187 -3.5831213 -1.6922125
16 -3.6694636 -1.7102559
17 -1.3814678 3.7371345
26 -1.4613041 3.4033132
37 -3.618467 -1.5768298
197 -1.4169601 3.8167348
118 -1.4910499 4.409206
125 -1.4132915 3.3885834
123 -1.3895093 3.762179
126 -1.9042822 0.9079666
136 -4.027377 -1.866415
232 -3.7523384 -1.74977
270 -3.530692 -1.6028812
21 -1.400864 4.091829
272 -1.4334207 3.1902363
62 -3.4373183 -1.4335352
170 -1.8965648 0.9357218
107 -1.9138979 0.90657026
121 -2.030794 0.72586983
139 -3.8680494 -1.8819718
269 -3.3968387 -1.4761167
166 -1.33953 3.6355982
247 -1.4121796 3.7918255
268 -1.4106523 4.029789
281 -2.180469 0.46634337
298 -1.9948301 0.88226724
2 -3.4929366 -1.5311655
295 -3.4151175 -1.384076
103 -1.4398723 4.0887527
65 -3.5007129 -1.4740444
277 -1.916295 1.0333925
100 -1.4440808 3.8924134
234 -1.9863981 0.7417208
173 -2.0652652 0.8022545
186 -1.9723438 0.9646258
1 -3.6511114 -1.7163886
84 -1.4761314 3.615221
189 -1.3688383 3.4888124
46 -1.424093 4.033685
38 -1.3849666 3.6272273
44 -3.2747855 -1.2601761
90 -3.3690727 -1.3563076
97 -2.1668842 0.46493846
255 -1.9805676 0.95098275
132 -1.3134186 3.4793231
222 -3.611303 -1.5424047
214 -1.9859593 0.84929585
57 -2.122507 0.52094895
71 -2.033591 0.7429524
184 -4.027305 -1.9407718
85 -3.590882 -1.5844957
111 -3.589691 -1.5922114
101 -1.9632443 0.90543723
109 -3.858475 -1.8390175
193 -3.3710432 -1.3755215
220 -3.9489906 -1.9855453
250 -3.5980184 -1.5740198
4 -1.4321171 3.4434729
158 -1.4498861 4.0504136
69 -1.4273553 3.451095
112 -3.520521 -1.5629336
179 -1.3283433 3.6742265
93 -1.3807303 3.706029
87 -2.0313406 0.7366051
102 -2.0513513 0.68672264
233 -1.9983224 0.8588566
146 -3.8811822 -1.9902499
230 -1.3939351 3.4247203
266 -2.0348945 0.8157767
171 -2.006091 0.89503294
141 -3.3574796 -1.3288357
154 -4.054169 -1.9931884
176 -1.3387951 3.4613738
178 -3.271306 -1.3359884
10 -1.3942763 4.0506716
142 -1.4483461 4.2169137
75 -3.5424118 -1.5216044
283 -1.3976933 3.8648815
89 -2.0133603 0.7662236
122 -1.4038528 4.171464
224 -3.8157573 -1.784611
60 -2.0607219 0.7302833
98 -3.199666 -1.272709
208 -3.5031922 -1.4381869
74 -3.2462287 -1.2608345
260 -3.8487146 -1.8233113
165 -3.5174544 -1.3921566
264 -3.9650471 -1.9367145
32 -3.41298 -1.4266431
138 -1.4583466 3.7137735
192 -3.3008943 -1.3105899
91 -1.9211661 1.0908746
