30 2
29 3.905287 4.0963364
7 3.6628582 3.8210871
1 5.2299466 4.0357347
0 0.1356687 4.3312526
2 -2.795613 5.4839125
4 -2.8654914 5.3570676
20 -2.2021246 5.060133
3 0.9859468 4.1706805
11 0.74386823 4.1528096
14 -3.0155873 5.4797583
24 1.1963339 4.23426
23 -3.4397328 5.7035456
25 4.845074 4.010844
26 4.9362135 3.8958623
6 4.813271 3.9235795
19 -3.473478 5.6754656
21 1.8676685 4.110746
5 1.1190479 4.05801
28 -2.4009774 5.126239
10 3.861337 3.9219158
22 3.7384157 3.801276
18 -1.901884 4.8739963
15 5.048168 4.0039454
16 0.24188474 4.428864
13 2.1824455 4.109009
12 4.748848 3.9789417
27 1.2459317 4.170009
8 -2.3010788 4.9349446
17 -2.6200237 5.337806
9 0.47193664 4.3464336
