30 2
29 4.931165 2.9115849
7 4.4621105 2.8144367
14 -1.7768902 6.205276
0 1.1490264 4.0592947
1 5.8815985 2.6472983
3 1.9818964 3.8849473
18 -0.66013885 5.245513
5 2.16511 3.613382
25 5.669732 2.6786199
2 -1.4090711 5.939545
4 -1.568622 5.9225726
20 -0.9394491 5.390635
22 4.572934 2.848013
23 -1.8439085 6.4742346
21 2.9047647 3.503612
17 -1.1561099 5.7323003
15 6.1765103 2.654453
10 4.789854 2.882796
26 5.6104836 2.6255116
28 -1.2382275 5.6250844
9 1.4260392 4.125136
12 5.501543 2.7492468
6 5.4708185 2.6994975
16 1.4558172 4.100716
11 1.669194 3.916047
24 2.1449556 3.8266644
27 2.3403769 3.6928623
8 -0.9647218 5.4400306
13 3.0313559 3.3992493
19 -1.9035631 6.431359
