300 2
189 -1.4410783 3.322652
205 -1.3715428 3.5927153
62 -3.422574 -1.4052677
23 -2.1175902 0.6815161
188 -2.229508 0.5005638
157 -3.347271 -1.3626815
8 -2.1280556 0.6488866
47 -1.3819367 3.2049615
43 -2.0366201 0.8852494
33 -1.8111861 1.3161545
45 -1.3537519 3.1986418
56 -2.0906975 0.70127976
96 -1.43237 3.529597
143 -1.3658679 3.534913
231 -1.8679024 1.1761636
94 -2.101969 0.6040519
193 -3.5182102 -1.6106563
105 -3.2641115 -1.3481609
78 -1.362242 3.8033595
35 -2.145667 0.5554297
217 -1.4144946 3.5881653
14 -3.601698 -1.6642785
187 -3.7105007 -1.7178075
242 -1.9832642 0.93671304
213 -1.9326041 0.9740592
159 -1.385328 3.926515
282 -2.1760638 0.46946946
5 -1.8766378 1.293923
117 -2.0517516 0.72059083
65 -3.5791466 -1.6397564
274 -2.0146596 0.945348
93 -1.3284717 3.5227516
174 -2.0155506 0.7502687
233 -2.0634565 0.7063302
269 -3.2560382 -1.2425117
92 -1.3580233 4.398539
31 -1.3862561 3.9085028
247 -1.410837 3.7370431
137 -1.4094603 3.8010716
279 -2.1079507 0.70283914
208 -3.6282299 -1.6898938
114 -2.288946 0.32229844
265 -1.3543456 3.5232723
227 -1.3879336 3.4485915
267 -3.4012141 -1.3978964
288 -3.5966358 -1.6614052
144 -1.4595449 3.5568767
298 -2.016657 1.0027453
15 -1.9979415 0.874163
28 -3.2640924 -1.3070179
53 -1.3732766 3.8174138
85 -3.6690643 -1.745473
115 -1.4424849 3.9431818
150 -2.0844169 0.6581305
221 -3.8074124 -1.8196833
209 -3.5568328 -1.6463817
294 -3.6337178 -1.6944835
237 -1.4168375 3.4989004
244 -2.1185427 0.576784
34 -1.9506617 1.0568169
290 -1.3703508 3.4268155
63 -2.0747738 0.7442166
124 -1.3441256 4.0483117
252 -2.149397 0.5413528
194 -2.0005753 0.79539365
243 -1.9236077 1.0337162
271 -1.3891519 4.319261
278 -1.3675606 3.7381783
75 -3.3025732 -1.2722878
147 -2.1661732 0.49335602
11 -2.1490777 0.55124557
22 -1.4045962 3.6797295
263 -1.9419285 0.9045038
67 -1.4058704 3.605086
72 -3.3158739 -1.2925332
76 -1.3973851 4.016412
82 -3.5405924 -1.6733422
86 -3.5229893 -1.5605332
241 -2.0751894 0.80060065
130 -1.4069085 3.9928246
198 -3.320676 -1.3327144
190 -2.0044951 0.9013916
219 -3.6595926 -1.6642165
262 -2.0336149 0.812949
196 -1.4302994 3.8540044
258 -2.0886137 0.6604848
191 -1.3620294 3.9864588
250 -3.4788597 -1.4592367
3 -1.3968179 3.6420918
12 -1.9975195 0.94266295
37 -3.629808 -1.61261
135 -3.1864564 -1.2114115
59 -3.5831976 -1.5913888
101 -2.0350142 0.8080705
118 -1.4154845 4.4045835
81 -1.380233 3.8269904
89 -2.0631592 0.8846255
112 -3.4186766 -1.5669988
295 -3.2465014 -1.2736927
184 -3.9231544 -1.9011468
4 -1.4235173 3.4117203
69 -1.3766445 3.596721
29 -3.5826178 -1.5984547
17 -1.4111397 3.7848668
18 -1.9943249 0.8039958
20 -1.3998439 3.562772
234 -1.9789954 0.8873302
148 -3.5745394 -1.5631721
172 -3.3499274 -1.3872597
106 -1.4543278 3.2624872
230 -1.3629484 3.432702
116 -1.4430084 3.3701484
122 -1.3904097 4.1249747
131 -3.375868 -1.4430023
167 -1.4512813 3.660909
177 -2.0198274 0.8542271
128 -2.053313 0.7520811
125 -1.4554443 3.5322726
158 -1.3992014 3.7527432
57 -2.044653 0.6881275
49 -1.9940456 1.0725224
51 -3.618834 -1.6771911
232 -3.787951 -1.7477667
103 -1.445936 3.9562566
225 -1.3547457 3.7247667
268 -1.4289801 4.0734887
126 -1.9645398 0.95353806
154 -3.875331 -1.8870373
162 -2.0385385 0.85731095
246 -1.2964998 3.946804
2 -3.382446 -1.4393924
284 -3.6923294 -1.6680136
121 -2.087979 0.66931295
13 -2.0885513 0.7046984
297 -1.3722501 3.7406273
32 -3.323289 -1.361554
163 -2.1118186 0.7252661
48 -3.895702 -1.8396014
222 -3.3554666 -1.4233736
214 -1.9703711 0.8864399
248 -3.723826 -1.852896
132 -1.3589971 3.513732
165 -3.2906883 -1.2685816
108 -1.9338565 0.9894108
251 -1.4307929 3.6577022
220 -3.7218983 -1.7643925
182 -3.4792473 -1.5018814
255 -2.053983 0.8589932
42 -1.3758401 3.7099383
186 -2.0288193 0.99666566
160 -3.6651957 -1.7346623
173 -2.028978 0.8706737
27 -3.5521235 -1.5855118
180 -2.1808507 0.5462776
170 -2.0214164 0.7653201
240 -2.2363236 0.3940578
6 -2.0979595 0.75066996
235 -1.388655 3.5202665
280 -2.0381448 0.83892447
171 -1.9874165 0.8265978
46 -1.3503696 4.1167374
238 -1.3564926 3.8691077
273 -3.4163842 -1.4704329
88 -1.3816198 3.7773495
168 -3.5532095 -1.591221
155 -3.938027 -1.9097835
136 -3.9187179 -1.8813502
218 -2.004452 0.92990863
229 -1.8603337 1.4174201
239 -1.4719836 3.3259435
129 -1.9945673 0.8570249
77 -1.4089439 3.2023962
25 -3.8486717 -1.8403735
292 -3.510485 -1.4991318
64 -3.4896204 -1.4925226
192 -3.4031332 -1.4893892
286 -1.479054 3.966004
259 -3.4834075 -1.5025387
21 -1.3825494 3.4690578
107 -1.9485246 1.0313458
30 -1.3943032 3.7287512
145 -3.6139462 -1.6128963
293 -2.110535 0.58269364
44 -3.2861903 -1.3249131
215 -1.3368857 3.3288507
58 -3.7186627 -1.6955656
71 -2.113733 0.6171938
80 -1.3638375 3.4665816
95 -3.892172 -1.8968014
100 -1.3716216 3.8178632
120 -3.4758987 -1.4241465
179 -1.3466223 3.6823902
183 -2.088604 0.8334777
253 -1.9223737 1.0428759
296 -3.8053474 -1.7823786
206 -3.5271273 -1.5505805
161 -2.07409 0.79567534
175 -2.04205 0.76065475
123 -1.3793184 3.906726
200 -1.4036919 3.7284818
141 -3.4729285 -1.4586235
152 -3.7405846 -1.6358855
0 -1.3859483 3.814178
276 -2.123538 0.65344816
176 -1.43476 3.558819
291 -2.0473855 0.75802255
169 -1.398223 3.3295686
36 -1.4643625 3.7541099
24 -1.44385 3.644775
113 -2.0424082 0.8342268
164 -4.000854 -1.9364988
275 -2.0278804 0.82392067
60 -2.1436062 0.649272
228 -2.03448 0.9349315
195 -1.4142691 3.5044844
83 -2.0665467 0.75972956
87 -1.990828 0.77594733
134 -1.9274896 1.0614415
226 -1.360452 4.1212745
281 -2.168464 0.55787516
249 -3.9757884 -1.9270642
211 -1.9788741 0.84205544
285 -1.3719517 3.9604487
7 -1.3883046 3.4692311
127 -2.0123804 0.82045
151 -2.1985102 0.48847163
139 -3.8211868 -1.8067406
61 -2.1439786 0.48032838
66 -1.4510108 3.9045348
110 -3.4333773 -1.4337376
245 -3.5508695 -1.5081391
156 -1.4037002 3.5621088
212 -1.3183408 4.0207443
203 -3.7520514 -1.77784
216 -3.7131224 -1.7369787
99 -1.4040114 3.768515
109 -3.7852752 -1.726363
256 -2.110371 0.70648444
202 -4.3237934 -2.4469764
224 -3.698478 -1.6608838
54 -3.7012713 -1.8246001
52 -1.9768956 0.957209
257 -1.4471675 4.161225
283 -1.384888 3.9389808
277 -1.9602844 0.9479072
166 -1.4075342 3.839539
199 -2.0302067 0.940279
201 -2.035906 0.8133299
260 -3.9781923 -2.0545616
289 -3.7710893 -1.7879524
149 -1.9892473 0.8387288
38 -1.3978068 3.5230687
181 -3.2447846 -1.2563344
197 -1.3339835 3.6820107
79 -3.3811612 -1.5322992
84 -1.4511776 3.7964892
102 -2.0765965 0.77650857
111 -3.449517 -1.4232405
178 -3.309385 -1.3421167
10 -1.333463 4.114248
26 -1.4504397 3.2252698
272 -1.3933352 3.4267898
41 -1.392284 4.1952076
68 -1.4629514 3.5530684
73 -2.1399455 0.6091029
153 -3.614028 -1.6636627
119 -1.466891 3.4128222
299 -1.344785 3.7306843
138 -1.3515671 3.6592364
287 -3.9602804 -1.8929157
16 -3.6533296 -1.7034343
142 -1.3809257 4.2596207
254 -3.6886516 -1.6737535
266 -2.1334019 0.7090244
210 -1.4253043 3.4492497
40 -3.6045015 -1.7070765
70 -1.4457604 3.5928726
90 -3.3478596 -1.374331
97 -2.1927474 0.5131843
98 -3.3956506 -1.5051192
104 -2.0369282 0.7501842
140 -2.187206 0.58247364
236 -1.4269624 3.0597947
261 -3.5768685 -1.6669278
207 -1.4259689 3.7312694
74 -3.331727 -1.3063099
1 -3.6319754 -1.6234841
9 -2.0517478 0.8513171
19 -1.4243182 3.4489765
223 -3.9901628 -2.057768
91 -1.8743423 1.2295971
185 -3.8532317 -1.9172589
55 -2.0404506 0.82565236
264 -3.8377783 -1.9582845
39 -2.0895019 0.72689915
50 -3.1382692 -1.1683286
204 -3.7960498 -1.8229542
146 -3.9150703 -1.8606333
270 -3.5202134 -1.5254407
133 -3.392689 -1.3419894
