30 2
7 3.4052055 4.0366855
2 -3.052445 5.3861923
14 -3.2989922 5.4244223
25 4.8490114 4.2191257
3 0.8088408 4.194151
20 -2.3589394 4.87417
1 5.0549264 4.2432933
6 4.4423776 4.022235
0 0.01807944 4.254323
29 3.8984385 4.2270374
10 3.7913635 4.026147
18 -2.2188463 4.823286
23 -3.6051471 5.6083674
22 3.5465114 3.9913957
15 4.9673553 4.2748647
5 0.98309946 4.0979095
19 -3.688213 5.6035013
8 -2.3981125 4.876024
28 -2.5587566 5.0293384
21 1.6991905 4.20781
16 0.22822395 4.4058895
11 0.54879963 4.192516
4 -3.0942426 5.266332
24 0.920202 4.2140737
17 -2.865655 5.3299675
9 0.24137692 4.3588285
27 1.1112179 4.1361146
13 1.809963 4.1120076
26 4.6504254 4.0892973
12 4.7664905 4.2135
