300 2
174 -2.1568367 0.51276267
292 -3.6028998 -1.5587347
274 -1.9681128 0.92191315
22 -1.4143395 3.747027
107 -1.9185859 0.9469509
9 -2.0366457 0.64841026
238 -1.3641793 3.6931386
149 -2.0259488 0.81662685
94 -1.9822725 0.7956402
252 -1.9691948 0.7995337
263 -1.9887093 0.89078796
58 -3.7965052 -1.7764847
165 -3.544794 -1.5360568
8 -2.1023848 0.5782441
11 -2.0935416 0.62917244
294 -3.6395872 -1.6585772
124 -1.4590436 4.136615
3 -1.4400094 3.9253435
147 -2.0818658 0.5784082
56 -1.9710338 0.8371246
234 -1.9786359 1.0049566
154 -3.8748827 -1.8779222
40 -3.691964 -1.6988475
46 -1.4274415 4.334512
235 -1.3743044 3.6438634
297 -1.4912072 3.944849
161 -2.0237582 0.78220403
298 -1.9420998 0.9227929
31 -1.442701 3.6754262
54 -3.6691444 -1.7382526
155 -3.83194 -1.7399164
105 -3.2299252 -1.3129462
233 -2.0513048 0.6016506
16 -3.8292394 -1.8471524
76 -1.4509482 4.084759
189 -1.3946162 3.4136817
52 -2.1421666 0.50853014
103 -1.4335724 3.83439
163 -2.1906495 0.48275468
126 -2.0451221 0.70591974
184 -3.834733 -1.7287434
169 -1.3891453 3.4365778
251 -1.4061655 3.5337946
43 -1.9092422 1.0289825
18 -2.0585685 0.8432102
87 -2.0749283 0.72809684
127 -1.9977952 0.81652486
249 -3.807377 -1.7531372
130 -1.4638834 3.7955592
134 -1.9561719 0.98653597
201 -2.0064726 0.7750307
121 -2.003102 0.91318405
62 -3.7316055 -1.6688176
188 -2.2165625 0.40338698
275 -2.0516922 0.8327596
7 -1.4136122 3.6014712
151 -1.9997222 0.6982497
180 -2.0189552 0.87641466
255 -1.9552785 0.87781036
222 -3.423585 -1.4240174
150 -2.0445485 0.60789955
12 -1.9198844 0.9081362
225 -1.4153955 3.6210096
228 -1.9617027 0.8925246
41 -1.4306948 4.0606523
224 -3.857497 -1.8310313
221 -3.6301627 -1.5985007
6 -2.0809803 0.7430602
63 -1.9771032 0.8856482
20 -1.3888607 3.6754103
33 -1.9899688 0.9220175
60 -2.1568432 0.54453
200 -1.4049284 3.9711006
216 -3.7887027 -1.9246364
273 -3.5775893 -1.554745
276 -2.0357132 0.73522204
282 -2.14851 0.5645983
208 -3.7591574 -1.6721892
19 -1.3256285 3.919201
70 -1.4364319 3.9547145
199 -2.0135448 0.94744426
123 -1.4697098 3.6266925
157 -3.3149896 -1.343142
159 -1.3832067 3.702942
162 -1.8981918 1.0286767
265 -1.4227434 3.50429
99 -1.4030827 3.7248309
284 -3.4474485 -1.4578195
211 -2.0522034 0.68551224
117 -2.014006 0.795025
128 -2.053828 0.63588226
190 -1.9327918 0.879889
145 -3.6578186 -1.7184249
152 -3.6438537 -1.6487432
231 -1.9210122 0.9971317
182 -3.3761337 -1.3656514
5 -1.8565773 1.3516755
192 -3.5392144 -1.6590201
213 -2.075725 0.69143635
272 -1.4540855 3.2981458
246 -1.4208652 3.9500291
295 -3.4526572 -1.5443083
77 -1.4160117 3.1392431
95 -3.840015 -1.8263952
114 -2.1209953 0.5331855
122 -1.4629769 4.2131305
214 -2.013834 0.7755197
202 -4.2836876 -2.3013291
24 -1.4068063 3.48743
187 -3.7920954 -1.7760206
35 -2.159361 0.58591706
198 -3.3132584 -1.3080899
133 -3.4741123 -1.4500018
47 -1.3944858 3.4420023
142 -1.4232441 4.1923914
81 -1.4425961 3.5823722
140 -2.1459534 0.49219882
181 -3.2032974 -1.2604564
256 -2.0555744 0.6700642
277 -1.931133 0.96814454
116 -1.3703665 3.816377
57 -2.1011796 0.6485993
17 -1.3945863 3.941804
166 -1.4207139 3.9433706
132 -1.4157478 3.4421895
36 -1.4157754 3.6591134
137 -1.430896 3.6610656
209 -3.4710877 -1.5218006
65 -3.5274696 -1.6057802
185 -3.702386 -1.6626744
194 -1.9690143 0.92962337
109 -3.7214582 -1.8211715
205 -1.4104793 3.5527012
168 -3.507159 -1.5585107
262 -2.0262864 0.67424136
204 -3.684922 -1.6679794
219 -3.4465072 -1.4421364
278 -1.3709122 3.7377791
1 -3.6956134 -1.6579148
14 -3.575456 -1.5735826
206 -3.1243255 -1.2019869
143 -1.4177316 3.5057795
42 -1.3851563 3.7902067
191 -1.3756756 3.9335759
258 -2.0131645 0.7808273
64 -3.553074 -1.562149
104 -2.047086 0.7243932
125 -1.4989638 3.7162359
141 -3.5682986 -1.6038748
247 -1.4434491 3.8419607
15 -1.9421746 1.0307969
39 -2.079452 0.7441296
44 -2.8717308 -0.8354854
67 -1.4017295 3.6298366
237 -1.4463235 3.9017093
80 -1.4195383 3.895695
270 -3.8638177 -1.8695073
83 -2.025184 0.8694602
88 -1.4258611 3.715427
108 -1.9535493 0.8333355
139 -4.1509824 -2.0227313
178 -3.2876186 -1.2803087
212 -1.3408356 3.6901276
283 -1.4417619 4.3010406
136 -3.9851148 -1.9722813
267 -3.2859936 -1.2782451
73 -2.007614 0.8677823
290 -1.4260201 3.3752818
286 -1.3617238 4.069803
171 -2.0849512 0.80547863
129 -1.9682012 0.8931338
158 -1.4122422 3.5197585
244 -2.144678 0.5350982
195 -1.4040108 3.3357892
220 -3.6841576 -1.6412005
264 -3.8978462 -1.8397409
229 -1.7814357 1.3245518
153 -3.538616 -1.5006294
299 -1.3714473 3.6343477
48 -3.7730086 -1.7349235
53 -1.4398612 3.5732875
59 -3.8366637 -1.7899127
72 -3.1005628 -1.0990496
100 -1.4333433 3.7119427
227 -1.384475 3.3291605
183 -2.1157644 0.53993523
218 -1.9059333 1.1328516
243 -2.0098367 0.7967692
261 -3.5601258 -1.5818976
156 -1.338723 3.2412653
66 -1.4237353 3.8532212
293 -2.0141108 0.7532275
68 -1.3888372 3.5134807
236 -1.3948011 3.4418457
296 -3.832217 -1.7844338
131 -3.4575527 -1.4758619
49 -2.0629604 0.79957
50 -3.2859974 -1.1777363
113 -2.002609 0.7832034
96 -1.3647463 3.5936115
253 -2.0506945 0.65744054
111 -3.5813742 -1.6215701
203 -3.7192395 -1.7126158
288 -3.796512 -1.7391205
167 -1.4202576 3.729327
89 -1.9798864 1.0421356
32 -3.696258 -1.6803119
289 -3.7752972 -1.7083762
61 -2.1139207 0.5629305
245 -3.425292 -1.5682031
177 -2.0741394 0.69154704
241 -1.9711415 1.0264473
257 -1.3729242 3.8790793
210 -1.400543 3.558918
291 -1.9183166 1.0299021
93 -1.4005501 3.3592265
34 -1.9950184 0.9912209
207 -1.40135 3.6439211
75 -3.349764 -1.4148527
232 -3.7380884 -1.7364583
135 -3.452382 -1.4359674
242 -2.0131185 0.85255945
115 -1.3728255 3.963829
217 -1.4013716 3.5956233
259 -3.3798282 -1.4397274
78 -1.4086109 3.5483525
173 -2.009537 0.8639396
82 -3.7248683 -1.8138978
102 -1.9846419 0.91137457
215 -1.3829811 3.608606
25 -3.6327531 -1.7561709
55 -2.06603 0.71027994
38 -1.4274312 3.6110694
79 -3.7389934 -1.6940049
160 -3.9121115 -1.8457863
193 -3.6604595 -1.5760046
279 -2.064895 0.83621925
91 -2.0195897 0.86901647
164 -4.088387 -2.123125
170 -2.0424693 0.72552955
280 -2.128038 0.5893776
268 -1.3838038 4.189235
248 -3.6753862 -1.7386472
10 -1.408892 3.876323
21 -1.443189 3.429022
110 -2.9677482 -0.98882246
30 -1.3688504 3.518991
269 -3.1288087 -1.1995763
144 -1.4131922 4.0954843
98 -3.5337024 -1.6105039
230 -1.4370075 3.431908
69 -1.451851 3.4097579
92 -1.444439 4.395466
239 -1.4445488 3.5032701
176 -1.4111135 3.583059
118 -1.4216563 4.409112
226 -1.3905054 3.6999207
281 -2.0235982 0.7495483
4 -1.3847047 3.2562368
146 -3.7044551 -1.7424116
71 -2.0848634 0.6637607
28 -3.3714895 -1.3605382
29 -3.5969317 -1.4850614
287 -3.8621275 -1.7881143
84 -1.3339479 3.437502
86 -3.3921275 -1.4738487
260 -4.1239853 -2.015706
175 -2.0204468 0.956144
266 -2.0198193 0.88292396
27 -3.6190293 -1.5256308
90 -3.3885822 -1.4857941
97 -2.096885 0.62271804
148 -3.6073012 -1.59787
186 -2.0035021 0.9409331
223 -4.1460867 -2.001262
271 -1.4190168 3.8649888
240 -2.16802 0.53584754
26 -1.351886 3.261743
45 -1.3726878 3.5363326
196 -1.4051532 3.5675313
51 -3.579796 -1.5904444
2 -3.4487321 -1.5268546
119 -1.481142 3.259269
85 -3.7684958 -1.7490721
250 -3.3898718 -1.4188602
172 -3.6156836 -1.6638924
138 -1.3912039 3.8293724
37 -3.6115472 -1.7364902
197 -1.4745795 3.7174363
101 -2.006513 0.75873375
254 -3.959076 -1.952819
23 -2.1260378 0.70499784
179 -1.366127 3.667304
13 -2.0886018 0.6491079
120 -3.3137171 -1.2940807
112 -3.5949428 -1.647476
285 -1.4356217 3.9099894
74 -3.4218242 -1.2696986
0 -1.400454 3.6526804
106 -1.3953881 3.0519474
