30 2
29 4.382038 3.6385489
7 3.9899 3.5257041
3 1.4312743 4.0675445
5 1.4706744 3.957602
1 5.6485763 3.5716257
20 -1.7396436 5.209505
0 0.5906117 4.2417455
22 4.228168 3.4566505
15 5.6309967 3.5623891
4 -2.4746578 5.724346
18 -1.656235 5.11001
24 1.4408734 4.025124
6 4.8608875 3.4395478
14 -2.6964526 5.8410044
23 -2.7705445 5.858095
10 4.2523026 3.5285523
8 -1.7391647 5.162514
26 5.2106767 3.4484787
13 2.3293593 3.7436736
21 2.3179204 3.900985
28 -1.8364209 5.2430634
2 -2.3764844 5.7130427
27 1.68807 3.9581995
16 0.61170083 4.437444
11 1.0763458 4.1037717
25 5.2169123 3.566295
17 -2.1626024 5.5503116
19 -3.1224837 6.146925
12 4.9799957 3.6109288
9 0.72291267 4.257073
