30 2
29 4.835048 3.1467848
7 4.3185863 3.1186242
4 -1.8574209 5.8168616
14 -2.124721 6.147981
3 1.6072149 3.9883025
1 5.7717786 3.0656378
2 -1.7707913 5.8744316
5 1.8411983 3.8028476
20 -1.227152 5.3073173
6 5.30341 2.9859798
18 -0.9475218 5.0149975
25 5.3359447 3.0173717
0 1.0803645 4.127655
22 4.341082 3.141504
23 -2.2975013 6.2949686
15 5.923578 2.9967623
8 -1.270374 5.361314
21 2.660423 3.6747966
10 4.4980307 3.1635015
19 -2.433953 6.3892508
9 1.0681989 4.2050962
12 5.425429 3.0502446
24 1.9097406 3.9103527
13 2.5531623 3.620729
28 -1.6052417 5.466142
11 1.3742805 4.041972
26 5.42357 2.9663491
17 -1.5505372 5.5471992
16 1.2710353 4.1828256
27 2.1200864 3.7535563
