30 2
1 3.4325383 5.1412807
22 3.7234366 1.8091823
16 3.8505297 1.5582798
15 3.9256744 1.3746123
21 3.4026556 4.7729893
4 3.9562845 1.0701919
13 5.4893036 -1.6323062
25 6.21792 -2.443345
14 3.7486084 1.8113103
10 5.3742023 -1.3365122
23 6.85828 -3.196906
26 3.6379259 2.2895014
7 3.6120286 2.127098
0 3.4004629 4.6468787
28 5.9468293 -2.336507
8 6.167087 -2.417578
19 5.418503 -1.4922894
3 3.3134825 4.4996314
17 3.9427338 1.3689772
20 4.050189 0.8932464
29 6.9511356 -3.2698288
18 3.87402 1.3013556
2 3.644927 6.599861
6 6.2056704 -2.590327
27 3.508171 6.1275806
9 3.3931205 4.846317
5 6.4135914 -2.5562115
11 3.4496965 6.166268
24 3.4324677 4.8219237
12 3.5754623 6.41979
