300 2
134 -1.8959783 1.1120826
12 -2.0229094 0.8040337
107 -1.9892514 0.8561743
29 -3.4899347 -1.6020021
176 -1.3652009 3.7384179
5 -1.9154477 1.0276527
149 -2.024839 0.677375
75 -3.4456778 -1.4366355
3 -1.5250806 3.731946
198 -3.3423913 -1.3806143
276 -1.9888616 0.83505297
236 -1.430406 3.3910363
188 -2.0799186 0.6081041
170 -2.052351 0.7400236
111 -3.3457716 -1.441156
33 -1.9250721 0.8844352
291 -2.0241666 0.78126794
70 -1.4825195 3.8515391
65 -3.527947 -1.4997891
147 -2.0644853 0.69437176
88 -1.4510516 3.784193
253 -1.9714516 0.84730333
242 -1.9901875 0.8259185
237 -1.4329319 3.3622046
6 -2.1092463 0.57028115
35 -2.153927 0.53124917
63 -2.0743647 0.69486374
96 -1.4312745 3.5015516
233 -2.2142394 0.35903576
113 -2.0879788 0.683638
128 -2.080669 0.62810206
150 -2.0634704 0.7128869
243 -2.010112 0.94077086
251 -1.4182974 3.7810273
23 -1.9591165 0.9198804
277 -1.9811333 0.9018574
228 -2.0150447 0.7673368
167 -1.505766 3.6679544
158 -1.4736016 3.9073255
169 -1.4421315 3.8636703
201 -1.9685888 0.99016756
129 -1.9675171 0.9408518
31 -1.4476106 3.78204
159 -1.4609898 3.799049
41 -1.454991 4.050147
283 -1.4267249 3.6458442
165 -3.617201 -1.6789721
57 -2.1469238 0.58585304
77 -1.4244828 2.958368
269 -3.394202 -1.3703887
231 -1.8829015 1.0643073
0 -1.4240026 3.034534
108 -2.0409846 0.81835455
280 -2.0228658 0.73384875
72 -3.0723417 -1.0229007
97 -2.0986593 0.6667335
7 -1.4766498 3.3795762
8 -1.9389929 0.8983315
274 -2.0165863 0.773976
146 -3.9460397 -2.02154
263 -2.0130672 0.82433575
55 -2.0977964 0.72281045
58 -3.4458525 -1.5288465
62 -3.7785144 -1.7985809
94 -2.0161235 0.8025679
127 -2.0423827 0.6998522
272 -1.4010469 2.871527
64 -3.5149043 -1.450337
123 -1.4946913 3.9186368
132 -1.394942 3.497698
117 -2.1143587 0.620229
190 -1.944315 1.0038264
273 -3.353084 -1.49384
14 -3.373493 -1.3966253
287 -3.7416296 -1.8242553
105 -3.3165174 -1.3067133
262 -2.065642 0.7520771
60 -2.1891131 0.58397776
294 -3.73942 -1.7841681
139 -3.6389213 -1.6885065
168 -3.6285279 -1.6339917
161 -2.0254402 0.8707853
247 -1.3657134 3.1506846
101 -1.9182649 1.0527695
136 -4.0185056 -2.0533874
191 -1.4262679 3.8195393
240 -2.2198887 0.37413663
223 -4.1383367 -2.1539707
288 -3.7517111 -1.7790167
80 -1.3975204 3.619665
207 -1.5122832 3.78515
9 -2.0109293 0.7872387
11 -2.0704696 0.5813142
67 -1.479666 3.7838743
189 -1.4948766 3.7711275
56 -1.9313176 0.9137114
185 -3.6404657 -1.6609652
61 -2.1597862 0.663479
195 -1.4620439 3.2774298
164 -3.9312675 -2.0147107
187 -3.8328373 -1.8653972
275 -2.0274174 0.825909
163 -2.135341 0.5677738
248 -4.0494547 -2.0937676
255 -1.9704187 0.98489743
13 -1.994339 0.9089065
27 -3.6190753 -1.6541103
293 -2.1234663 0.6319667
99 -1.4520179 3.873579
166 -1.4443135 3.91012
206 -3.2775257 -1.295896
2 -3.7718325 -1.7230922
32 -3.4504898 -1.4863995
299 -1.4817631 3.9895768
203 -3.6865776 -1.7085471
47 -1.3459378 3.0412588
54 -3.7135923 -1.681229
226 -1.4444407 3.8088682
266 -2.0616634 0.78328395
25 -3.6500895 -1.8170633
219 -3.6174936 -1.7460127
114 -2.2462819 0.3958016
252 -2.0722058 0.6463508
193 -3.8611498 -1.8566585
140 -2.045135 0.66444
144 -1.4256434 3.5575984
213 -2.063398 0.69695544
162 -1.9471993 0.8931754
182 -3.722515 -1.7549644
270 -3.5239456 -1.5311149
295 -3.428248 -1.4300095
22 -1.3937668 4.0211973
10 -1.4223797 4.0125413
53 -1.4545496 3.5102236
69 -1.383103 3.3640375
49 -1.9869475 0.99645215
38 -1.3913844 3.616289
279 -2.2061703 0.4546791
104 -1.9359913 0.844611
267 -3.2540448 -1.3678634
118 -1.4196736 4.234559
135 -3.313328 -1.347387
225 -1.4667317 3.592495
212 -1.4974066 3.9406788
289 -3.412633 -1.4799924
224 -3.7659726 -1.8326813
52 -1.9612421 0.9646308
16 -3.602036 -1.6894879
214 -2.0419564 0.7639094
122 -1.4600971 4.0288563
181 -3.3758702 -1.499263
192 -3.4329975 -1.4970908
222 -3.747205 -1.8176072
210 -1.3582511 3.888433
124 -1.4480772 3.9376788
131 -3.6306953 -1.7025822
152 -3.4946702 -1.5057226
209 -3.4507194 -1.5297031
284 -3.7448163 -1.8310834
179 -1.4437851 3.8623843
278 -1.4693257 3.2621827
18 -1.8918759 0.98792195
20 -1.4154117 3.6732037
83 -2.0869794 0.720729
265 -1.4072846 3.4118319
151 -2.094392 0.6318757
39 -2.0712066 0.760525
45 -1.4278054 3.7399383
106 -1.4177403 3.3677745
59 -3.4855304 -1.4312834
199 -1.9639963 0.9779903
89 -1.8556722 1.175721
196 -1.468535 3.682857
143 -1.384621 3.575256
120 -3.419548 -1.4150974
148 -3.7822776 -1.8776629
235 -1.5407777 3.8446953
258 -2.1331556 0.6155003
28 -3.41777 -1.4975986
92 -1.4284829 4.3994465
40 -3.6559927 -1.7117165
21 -1.4119415 3.4782314
36 -1.4515363 3.749382
76 -1.4224566 3.72088
81 -1.4541559 3.6595218
241 -2.0276375 0.7569364
282 -2.1907268 0.50088215
197 -1.459041 3.837163
46 -1.5486 3.9272199
175 -2.0881999 0.6723859
142 -1.4223995 4.052409
90 -3.3696182 -1.4240091
37 -3.6061513 -1.6699456
71 -1.9864823 0.88926244
79 -3.5458534 -1.6124662
130 -1.4260395 3.8459318
86 -3.466752 -1.5786103
87 -2.0287008 0.8099171
126 -2.0282733 0.89399207
261 -3.3217251 -1.3121089
200 -1.3634346 3.8794417
138 -1.402498 3.7245412
232 -3.8144774 -1.8023412
184 -3.8076382 -1.8902273
194 -2.026193 0.8211594
221 -3.558036 -1.5197898
292 -3.4901376 -1.4600317
268 -1.4868813 3.9661963
229 -1.8999897 1.1339351
24 -1.4529827 3.6316493
286 -1.446817 4.1374054
30 -1.4244187 3.700238
227 -1.4105767 3.2434547
171 -2.003415 0.95913786
50 -2.7868679 -0.8041604
110 -3.0166943 -1.0426608
95 -3.7895374 -1.8131663
100 -1.5133669 4.002905
137 -1.4185642 3.7468183
141 -3.7034335 -1.7507156
160 -3.6576107 -1.6444398
249 -4.0058208 -1.9993999
250 -3.8421838 -1.8501751
215 -1.4792346 3.5940316
121 -2.1952527 0.54722536
17 -1.472787 4.0055723
254 -3.8028827 -1.8998177
208 -3.699747 -1.7120476
133 -3.2645078 -1.2803432
43 -1.9441103 0.99541676
177 -2.0695324 0.7653608
93 -1.4249878 3.9823859
78 -1.474756 3.9279754
153 -3.6640475 -1.7993336
290 -1.3739169 3.4061754
174 -2.1123822 0.56749415
246 -1.3653295 3.9319868
205 -1.4740219 3.1371396
298 -2.0306585 0.8177951
238 -1.4156622 3.6964352
244 -2.0775862 0.5907779
4 -1.483779 3.9419744
216 -3.672635 -1.7100034
42 -1.4154567 3.8580534
156 -1.494502 3.7813237
180 -2.1093104 0.6207074
102 -1.9980359 0.87876695
204 -3.5947368 -1.6632816
230 -1.4242224 3.1094801
112 -3.5437706 -1.6434145
239 -1.450804 3.2634702
44 -3.307673 -1.3270525
26 -1.3789569 3.2326581
297 -1.4171804 3.6323347
186 -2.0025954 0.76960427
82 -3.5278566 -1.5519415
68 -1.4564425 3.6062288
119 -1.449463 3.5017283
103 -1.4490188 3.5710914
202 -3.9775405 -2.046646
154 -3.9726565 -2.0105987
155 -3.695072 -1.735989
256 -2.0898929 0.6077011
220 -3.5148435 -1.5708281
1 -3.473286 -1.4986688
234 -1.9498454 1.0183169
271 -1.4840271 4.2090554
260 -3.99588 -1.9734274
125 -1.416622 3.2636733
257 -1.4169483 3.985904
172 -3.6680086 -1.7276114
173 -2.0820017 0.8089812
116 -1.4631139 3.7642071
66 -1.4084679 3.9075255
285 -1.4607736 3.9777591
145 -3.6219134 -1.6073017
85 -3.601222 -1.6333355
296 -3.9017482 -1.9296077
34 -1.9260701 1.0360082
73 -2.042588 0.75477046
109 -3.7247024 -1.819413
157 -3.5698292 -1.5908079
183 -2.021364 0.7542548
211 -1.9670732 0.8360783
84 -1.4602187 3.546104
115 -1.4917923 3.6972613
245 -3.6887589 -1.7816521
91 -1.8239412 1.3457453
217 -1.4301673 3.7070005
51 -3.5799596 -1.5519837
218 -1.9826031 0.9057971
281 -2.199492 0.47927913
178 -3.2271836 -1.2051057
98 -3.534182 -1.583581
259 -3.6538117 -1.7852343
19 -1.4367666 3.2936974
264 -3.596439 -1.7724756
48 -3.6842318 -1.7546823
15 -2.0197992 0.94926846
74 -3.205894 -1.2955723
