30 2
21 3.5686324 4.634386
10 5.254206 -1.5044742
15 3.9376075 1.2314839
7 3.6738107 2.0850296
25 6.1287103 -2.6952305
4 3.9714313 0.9851449
22 3.6779091 1.6080287
23 6.6727715 -3.2852292
16 3.8222802 1.6591101
0 3.4617844 4.5273714
8 6.1087313 -2.5360441
13 5.390646 -1.7570527
1 3.4504082 5.078878
19 5.3728495 -1.660315
28 5.8759403 -2.5483458
9 3.585974 4.547488
17 3.949978 1.3047315
3 3.5538292 4.3913383
26 3.6837528 2.2632167
14 3.6985903 2.038411
20 4.0657706 0.7754455
6 6.231639 -2.8473227
18 3.8117335 1.2470372
27 3.6463993 5.9359055
2 3.7767653 6.314332
11 3.634177 5.8908825
12 3.7560215 6.3360295
5 6.332064 -2.874829
29 6.7922344 -3.3781762
24 3.6064818 4.696094
