30 2
21 3.7023203 4.6366353
10 5.2617316 -1.7643075
25 6.0069923 -2.906535
22 3.8857846 1.3546463
15 4.01684 1.2255945
16 3.8870258 1.5787171
2 4.114415 6.1886992
19 5.3570833 -2.0055962
4 4.040792 0.79900634
26 3.6824694 2.1607506
11 3.8889077 5.718173
0 3.6294847 4.3687534
1 3.6931973 5.135465
13 5.152822 -1.8010288
27 3.920247 5.8813987
12 3.9704032 6.2659698
7 3.7697377 1.9247588
20 4.0599966 0.5258434
28 5.8503537 -2.6926196
14 3.810471 1.8859357
8 6.015897 -2.808019
3 3.6894753 4.3407073
9 3.7371204 4.426161
23 6.5597296 -3.5979161
17 4.072123 1.117356
6 6.059928 -3.0916138
18 3.8609173 1.0905585
29 6.79978 -3.8003078
24 3.6893115 4.4961877
5 6.0930076 -2.9904075
