300 2
8 -2.0332892 0.6878333
54 -3.9018002 -1.9546854
56 -2.0286152 0.8204408
53 -1.48775 3.3045375
66 -1.519062 4.121786
187 -3.5671184 -1.6551982
188 -2.1472337 0.52204716
23 -2.1216655 0.63501406
252 -2.0722501 0.752937
135 -3.385831 -1.4594461
63 -1.9746977 0.9698156
282 -2.0760543 0.6870311
133 -3.5413206 -1.682683
96 -1.4879571 3.4948354
298 -2.015206 0.86353505
164 -3.8691764 -2.0169978
210 -1.4698226 3.589732
225 -1.5377035 3.7942555
149 -1.9893831 0.90272665
219 -3.5065207 -1.5920188
12 -1.9414886 0.98817897
82 -3.4614992 -1.5103017
35 -2.078002 0.78405416
55 -2.0298557 0.8858414
243 -2.117801 0.5110776
103 -1.4398943 3.4892871
108 -2.0422394 0.78590065
116 -1.4742773 3.3459992
165 -3.3240342 -1.3306245
196 -1.4745045 4.1304317
235 -1.4863447 3.8231823
6 -2.0224757 0.75441515
21 -1.5337188 3.6543453
78 -1.455704 3.5718608
27 -3.7692773 -1.8597252
154 -3.8471584 -1.9787598
39 -2.009729 0.820409
216 -3.6795764 -1.8296863
120 -3.7324133 -1.8387729
189 -1.5154709 3.2207022
295 -3.3808143 -1.5148815
284 -3.220447 -1.3652309
232 -3.3396323 -1.4804108
292 -3.665219 -1.8401366
279 -2.1587136 0.56030345
291 -2.0038927 0.8594077
3 -1.4483211 3.561922
256 -2.2909517 0.31907743
280 -2.110066 0.4515844
69 -1.49786 3.4860713
64 -3.5993469 -1.7182534
76 -1.4393276 4.0226765
269 -3.2847795 -1.4783854
22 -1.4320705 3.7605221
7 -1.45925 3.1587672
106 -1.4817191 3.6663299
247 -1.5325896 3.8247397
113 -2.0412261 0.8034143
117 -2.1187193 0.5224564
140 -2.079024 0.6359564
161 -2.029987 0.6996499
88 -1.4594965 3.383445
92 -1.5451943 4.1177025
50 -3.1794395 -1.3501782
192 -3.379692 -1.5423375
102 -1.9740499 0.9023281
181 -3.4183252 -1.521371
209 -3.2789025 -1.4844179
190 -1.9920827 1.0257865
136 -3.6258767 -1.7580782
214 -2.0163658 0.79445475
250 -3.6838212 -1.7758502
198 -3.2501118 -1.3563708
176 -1.4811586 3.322405
41 -1.4852402 4.140896
203 -3.8224926 -1.865924
211 -2.093314 0.6233718
144 -1.5099806 3.5941799
236 -1.468142 2.8486667
15 -2.036393 0.85071105
71 -2.0301867 0.8631213
267 -3.4571202 -1.575011
47 -1.509292 3.4726977
52 -1.9479111 0.9683082
90 -3.4286413 -1.5914835
77 -1.5029677 2.919451
195 -1.5150641 3.289608
251 -1.4797589 3.8034472
193 -3.5042639 -1.5937575
220 -3.9568434 -2.023754
233 -2.1001427 0.5169207
262 -2.00372 0.74947697
281 -2.0121028 0.8146795
2 -3.37462 -1.5098319
134 -2.0398805 0.7872379
14 -3.416662 -1.4651319
255 -1.9937568 1.0183208
258 -2.0384178 0.61984926
46 -1.5442692 4.479293
194 -1.9962488 0.8463916
123 -1.4935573 3.7148259
162 -1.9450779 0.9790595
212 -1.4039776 3.91701
296 -3.5761259 -1.6401784
228 -2.10946 0.6127511
4 -1.5059726 3.9162912
16 -3.6340954 -1.7667816
83 -1.970635 0.9327478
28 -3.6241734 -1.722032
79 -3.5384414 -1.5807132
131 -3.5910108 -1.6784705
58 -3.6320004 -1.7620701
61 -2.064805 0.55349076
129 -1.9747584 1.0176331
178 -3.2841563 -1.4424927
105 -3.192024 -1.2837908
147 -2.0466526 0.6312525
175 -2.037992 0.7584751
277 -2.0538473 0.7902512
44 -3.2482674 -1.393676
80 -1.4603113 3.7960858
237 -1.4943513 3.2165902
42 -1.5434189 4.03513
51 -3.5492005 -1.7081579
87 -2.1353455 0.63912976
265 -1.4449432 3.3953283
278 -1.4993275 3.9390733
94 -2.0270653 0.71393305
168 -3.6314676 -1.6922038
110 -3.160318 -1.3537925
130 -1.4166622 3.739732
242 -1.9755304 0.86859053
0 -1.4713305 3.703427
11 -2.0793915 0.6904881
121 -2.1038332 0.53214663
86 -3.4139013 -1.5550095
84 -1.4977703 3.4295933
179 -1.4411982 3.5880344
59 -3.6662161 -1.8534064
160 -3.60845 -1.6482378
115 -1.5013644 3.8981845
158 -1.5228504 3.6350138
230 -1.4728451 3.420179
95 -4.040459 -2.1120825
141 -3.4765701 -1.6237661
163 -2.1010802 0.7227846
201 -2.057875 0.8178272
260 -3.7747333 -1.9854127
170 -2.0638087 0.65982765
204 -3.534604 -1.6459422
240 -2.136978 0.49428722
259 -3.3366008 -1.4840614
128 -1.9864454 0.9117601
174 -2.090009 0.6645703
172 -3.4728665 -1.5766907
183 -2.02122 0.92606926
68 -1.5161968 3.2208602
30 -1.4553834 3.6299605
231 -1.9313594 0.9582422
224 -3.557634 -1.7867105
20 -1.4723809 3.6441982
29 -3.4830053 -1.6193864
43 -1.9199183 0.91539013
45 -1.480898 3.3244092
73 -1.973991 0.78626776
75 -3.4153566 -1.5131907
139 -3.7418554 -1.8573693
294 -3.4924624 -1.6388476
276 -2.0196586 0.80570316
24 -1.5321591 3.8362913
184 -3.7413082 -1.7905558
36 -1.4320866 3.6106346
293 -2.1467967 0.53408873
208 -3.4940233 -1.6625984
271 -1.5184482 3.9761496
218 -1.9074835 1.0961696
182 -3.6531959 -1.8314027
229 -1.90142 1.0600922
150 -2.152276 0.4613069
254 -3.5020556 -1.6579459
227 -1.4455106 3.4215925
246 -1.519722 4.0288954
274 -2.0464244 0.86885774
5 -1.9612505 1.0853813
177 -2.1069727 0.6166345
159 -1.5377449 3.7525198
290 -1.4744699 3.3116739
33 -1.8459533 1.230335
37 -3.5764995 -1.7426412
286 -1.4081773 3.8165147
49 -2.1104991 0.6471131
173 -2.0624974 0.83276933
81 -1.5171218 3.559831
263 -2.0994527 0.62281156
268 -1.5530379 4.137822
114 -2.122783 0.5379906
122 -1.5909535 4.0233994
155 -3.7426405 -1.7320921
239 -1.455077 3.5916762
9 -2.006378 0.8239701
19 -1.4589275 3.6613505
32 -3.330702 -1.4110878
99 -1.5518488 3.8921623
234 -1.9668044 0.9993115
152 -3.4842587 -1.5929058
197 -1.4564033 3.8308692
226 -1.5358431 3.5600507
238 -1.4746051 3.648497
275 -2.122598 0.6269972
101 -2.1163878 0.5412461
266 -2.1263828 0.6126661
222 -3.6216018 -1.7546452
13 -2.0077467 0.7337756
34 -2.0498703 0.849641
272 -1.4508399 3.3410397
205 -1.4188864 3.2558534
1 -3.6399107 -1.8040723
10 -1.5579777 4.1626816
100 -1.5410132 3.6936307
107 -2.0079076 0.87923557
38 -1.4551291 3.425924
65 -3.4038463 -1.5211959
91 -1.9520249 1.1982214
273 -3.311993 -1.3677635
89 -1.99397 0.9665692
97 -2.221227 0.37176797
109 -3.8989918 -2.0879571
138 -1.5285082 3.6303635
180 -2.030242 0.7832013
200 -1.5387461 3.9938667
299 -1.5238811 3.4015691
264 -3.765312 -1.8618808
26 -1.4180546 3.2572649
70 -1.4828895 3.6544793
118 -1.5278705 3.9657254
93 -1.4825026 3.52914
104 -2.0052392 0.9091407
111 -3.3903215 -1.5191327
153 -3.315113 -1.5499727
241 -1.9749488 0.96563715
151 -2.0242264 0.774013
17 -1.5252975 3.9203823
18 -2.0154672 0.86639416
25 -3.785355 -1.9316894
167 -1.5271964 3.605948
142 -1.4572195 3.982547
85 -3.581469 -1.810928
213 -2.108763 0.636811
124 -1.4868487 3.9234734
169 -1.4555066 3.3774858
137 -1.4578722 3.3546996
215 -1.4830222 3.4903781
125 -1.4384851 3.7380064
62 -3.5980735 -1.6953285
249 -3.8879607 -2.010842
146 -3.5711896 -1.6413598
132 -1.4969121 3.4648743
148 -3.7918458 -1.8537452
157 -3.4593737 -1.5389162
171 -2.085189 0.66059065
112 -3.497404 -1.521355
166 -1.3983035 3.8252912
206 -3.3743546 -1.514641
287 -3.460696 -1.6261202
261 -3.6509943 -1.7205478
48 -3.5734227 -1.7392396
288 -3.6055539 -1.7278496
186 -2.0803716 0.6362959
74 -3.5312667 -1.5833586
191 -1.5296863 3.8723857
119 -1.4515654 3.2745688
126 -2.062555 0.7037986
127 -2.0708497 0.829312
223 -3.9515152 -2.0913374
257 -1.4964399 4.2621007
283 -1.4395933 3.5798643
145 -3.718514 -1.9276385
40 -3.6305363 -1.6973076
245 -3.4471161 -1.6279294
143 -1.5086538 3.4132657
217 -1.4855638 3.5441515
31 -1.5020213 3.6159189
248 -3.825302 -1.847535
297 -1.4672519 3.8810096
207 -1.532298 4.067857
57 -2.1075795 0.60634387
72 -3.3978846 -1.4850354
202 -4.022354 -2.1874492
289 -3.6227174 -1.6554039
60 -2.1290455 0.6882633
98 -3.3356006 -1.5430849
221 -3.3575203 -1.5092447
270 -3.5194495 -1.7241099
244 -2.1902208 0.50259084
253 -2.162831 0.6547758
156 -1.5517418 3.359389
67 -1.4718428 3.6793435
199 -2.00436 0.9314697
185 -3.6211119 -1.7738252
285 -1.4976219 3.9975793
