30 2
10 5.4191723 -1.2667745
25 6.2330317 -2.0505846
21 3.2549784 4.9930615
23 6.972214 -2.9703593
28 6.045661 -1.9521142
14 3.735358 1.9446508
7 3.510233 2.3027098
22 3.7004132 1.797947
4 3.9417753 1.2030481
6 6.3015056 -2.398347
15 3.925586 1.3727609
1 3.1983976 5.461893
16 3.7157445 1.9488993
3 3.2868257 4.5898156
8 6.112082 -2.184049
27 3.2471142 6.23498
26 3.5065792 2.2921882
2 3.3310833 6.581229
12 3.4129124 6.563414
19 5.5655394 -1.5677545
17 3.8893774 1.4004667
5 6.478903 -2.5227623
11 3.252013 5.9053636
18 3.8373625 1.3820173
13 5.4382005 -1.4151078
0 3.1565976 4.9202805
20 4.113556 0.8045689
9 3.2585661 4.7634377
29 7.0585523 -2.9658566
24 3.156681 5.0494704
