30 2
21 3.7494228 4.594608
10 5.2049065 -1.8296053
1 3.826725 5.0494833
22 3.9133577 1.3576518
13 5.18697 -1.8438231
8 6.009615 -2.891505
4 4.032482 0.87301105
7 3.7588778 1.9045839
20 4.0714717 0.56068176
28 5.8377757 -2.7862918
25 6.080943 -2.863035
15 4.0712347 1.1070664
14 3.8785186 1.7395811
16 3.8996625 1.5509112
18 3.8725622 1.0363884
19 5.396047 -1.9599599
12 3.975569 6.2316837
17 4.0672154 1.0310738
26 3.745316 2.04998
3 3.772273 4.2799377
6 6.023088 -3.0880535
23 6.538753 -3.660878
2 3.969281 6.260803
5 6.116518 -3.044056
24 3.7187073 4.5156116
27 3.9051435 5.89038
9 3.7062957 4.5652175
11 3.9631345 5.6955166
29 6.7378893 -3.6676884
0 3.655047 4.4203997
