30 2
29 4.733941 3.2688303
14 -2.1604588 5.990476
7 4.2042975 3.2527826
10 4.4038815 3.2373383
1 5.692744 3.173032
20 -1.3093722 5.2740126
2 -1.7777181 5.7828517
3 1.5991955 3.9552615
18 -1.2845911 5.1936674
4 -2.0085819 5.8126063
12 5.3161535 3.2322736
25 5.446715 3.117912
0 0.85099614 4.171935
19 -2.535849 6.3410254
21 2.5895104 3.6641433
23 -2.546291 6.2489724
6 5.221429 3.0559351
15 6.0068293 3.1641448
24 1.7710319 3.9451935
26 5.3430133 3.013329
11 1.3536444 4.0112805
27 2.1171367 3.7506216
5 1.7373961 3.8160944
22 4.3662233 3.1710486
8 -1.2254214 5.1789174
9 0.9836633 4.226814
28 -1.598501 5.471271
13 2.4806519 3.721367
17 -1.6737887 5.6616893
16 1.1513753 4.271859
