300 2
277 -1.9738394 0.84682196
63 -2.049285 0.75299704
94 -2.045128 0.78555256
262 -2.103155 0.66860044
123 -1.3998456 3.6186812
15 -1.9824677 0.8354623
187 -3.815129 -1.722381
240 -2.1269498 0.6262335
79 -3.8609746 -1.719026
221 -3.599288 -1.618302
17 -1.3396333 3.6700358
73 -1.9723581 0.8967986
115 -1.3466492 3.969255
274 -1.879097 1.2844392
149 -1.970797 0.841849
258 -2.0676167 0.72538847
81 -1.2935092 3.9741774
243 -1.9372245 0.96852666
256 -2.113205 0.59967595
31 -1.3312938 3.5387864
61 -2.1128068 0.63235044
195 -1.3856212 3.5229301
105 -3.0566037 -1.0643218
104 -1.9844149 0.8812822
297 -1.3972543 3.9125538
129 -1.9048856 1.0664092
236 -1.4582338 3.182293
180 -2.0969 0.67310727
169 -1.3830974 3.6636903
244 -2.0865588 0.658131
34 -1.9627303 0.97515994
163 -2.1386278 0.52071023
82 -3.4452922 -1.3892838
161 -2.0250065 0.8777554
111 -3.3041928 -1.246743
238 -1.3550491 4.027966
201 -2.031727 0.7339049
6 -2.0082326 0.81890684
280 -2.0267231 0.74674493
198 -3.096809 -1.0506272
206 -3.3813477 -1.2626363
298 -1.9038357 1.1096274
46 -1.347589 4.1720285
210 -1.3739096 3.7666132
293 -2.0810277 0.6563878
214 -1.8705827 1.1878272
213 -2.0229487 0.8119274
100 -1.371369 4.1721916
32 -3.434541 -1.3343558
284 -3.559801 -1.4910687
54 -3.8479156 -1.7696344
269 -3.3678172 -1.3483568
234 -2.0248978 0.8432235
77 -1.3722188 3.2753928
83 -1.991343 0.8595197
108 -1.9602998 0.83397144
176 -1.390939 3.1096613
170 -2.0897696 0.6841583
168 -3.7268577 -1.7289886
9 -2.084946 0.61776733
117 -2.0494406 0.8103053
57 -2.182056 0.5240936
67 -1.3701457 3.8299634
114 -2.1188254 0.529652
157 -3.5489445 -1.4798061
193 -3.607569 -1.5751407
276 -2.0534854 0.8202812
246 -1.4218721 4.2249975
225 -1.3437374 3.7657397
174 -2.0412931 0.7432782
13 -1.9933975 0.8983272
14 -3.4861221 -1.5277836
289 -3.5203562 -1.4203429
23 -2.019807 0.80166984
37 -3.601609 -1.5957412
148 -3.6507852 -1.6193585
181 -3.2903392 -1.2439219
233 -2.0467813 0.6359109
283 -1.3192018 3.881683
12 -1.8574364 1.0971518
8 -2.0924478 0.6461614
147 -2.0097961 0.8543732
65 -3.6919384 -1.6976175
265 -1.4098483 3.4800298
69 -1.3852482 3.6056073
299 -1.3711247 3.6767192
188 -2.2368793 0.5232879
296 -3.9005532 -1.8351957
4 -1.3878348 3.7548063
137 -1.3637276 3.4153078
286 -1.4253992 3.8805907
70 -1.3781044 3.7328937
239 -1.4208982 3.594722
22 -1.392261 3.5777445
260 -3.926321 -1.9098641
228 -1.9769036 0.8912811
55 -2.129986 0.5290181
80 -1.3685431 3.9681206
178 -3.433171 -1.4133698
254 -3.7977066 -1.7243166
139 -3.9214027 -1.8502027
165 -3.5234232 -1.5127765
189 -1.4471105 3.504165
268 -1.3644197 4.195978
110 -3.3379705 -1.2730374
133 -3.3239338 -1.298188
47 -1.3716258 2.8914542
164 -3.9151518 -1.8755553
241 -1.9318041 1.1045259
130 -1.4143689 3.8689122
232 -3.7214074 -1.6536741
134 -2.0185912 0.88324183
231 -1.8701005 1.0502222
263 -2.099846 0.58565485
86 -3.502272 -1.5404058
2 -3.392009 -1.406722
229 -1.9258331 1.1076381
20 -1.3877014 3.6734743
279 -2.048672 0.8339606
26 -1.403834 3.3356414
39 -2.0373747 0.8451558
162 -1.9586507 0.95396817
160 -3.466507 -1.4097612
112 -3.4918237 -1.4584402
144 -1.3347589 3.5786965
127 -2.1409028 0.60795206
11 -2.0417197 0.76347095
21 -1.3856537 3.3598723
93 -1.3882977 3.8346808
90 -3.703279 -1.675841
36 -1.3429197 3.8366783
291 -2.0075243 0.76762694
158 -1.3951648 3.557197
253 -2.1014483 0.72903264
58 -3.8389933 -1.7565988
212 -1.3143557 4.04624
282 -2.0817297 0.63440585
224 -3.8410406 -1.8086549
101 -1.987194 0.9123774
122 -1.3600526 4.026907
152 -3.6746168 -1.6626966
218 -1.9140272 0.9884397
237 -1.4012411 3.5707839
3 -1.3857119 3.8364456
5 -1.8800011 1.1430116
16 -3.8608716 -1.9053221
132 -1.3291049 3.5211117
275 -2.097713 0.7026898
192 -3.4406135 -1.350084
145 -3.4649615 -1.4751015
42 -1.4659646 4.019663
59 -3.5721326 -1.5609503
209 -3.355595 -1.2333643
273 -3.4949114 -1.437428
287 -3.4375224 -1.4422588
248 -3.7873302 -1.6766837
249 -3.8222055 -1.7775862
18 -1.9493603 0.9749671
106 -1.4166102 3.4991496
252 -2.085097 0.7776791
45 -1.3956447 3.3120027
242 -1.9513366 0.9883981
251 -1.3782337 3.8358788
62 -3.8032188 -1.8317343
88 -1.3327338 3.514345
295 -3.361659 -1.3009584
109 -4.2004757 -2.1652794
140 -2.1045141 0.5455811
154 -3.9466085 -1.8862817
166 -1.3969976 3.8508322
190 -2.0264454 0.8599923
177 -2.0000741 0.8640244
294 -3.5838287 -1.5690725
290 -1.4087821 3.3035893
215 -1.3728418 3.4574895
220 -3.633596 -1.713304
235 -1.3895025 3.3076515
25 -3.6435728 -1.6325096
153 -3.2993522 -1.2759855
99 -1.3941827 3.5150886
245 -3.4956825 -1.4195178
75 -3.3265998 -1.3012437
107 -1.9999434 0.8449717
199 -1.9614403 0.9484239
292 -3.5239804 -1.5084025
98 -3.197347 -1.2206264
285 -1.3806882 3.9793394
124 -1.3680409 3.8733397
128 -1.9676774 1.0214344
135 -3.1848333 -1.1169449
151 -2.0797663 0.7211033
264 -3.739609 -1.7440226
208 -3.6558497 -1.5896205
40 -3.5238671 -1.5409514
51 -3.6213052 -1.5803939
205 -1.4097817 3.3833637
66 -1.3702476 3.6619139
247 -1.3324761 3.7268848
159 -1.3582387 3.6616344
223 -3.8869953 -1.771516
0 -1.3777548 3.2168329
7 -1.4144714 3.3443964
71 -2.0219717 0.78499776
52 -1.9799792 0.9753322
33 -1.829622 1.2209707
44 -3.3470857 -1.346518
216 -3.8351018 -1.8302772
56 -2.1198528 0.7014334
171 -1.976246 0.8566545
150 -2.2166948 0.38575533
85 -3.7018769 -1.6975892
219 -3.619653 -1.579622
102 -1.9848237 0.869277
120 -3.6108923 -1.5873795
126 -1.9619782 0.86546016
131 -3.631955 -1.5147514
138 -1.3929683 3.7477224
142 -1.2935927 4.0667095
167 -1.392502 3.920919
191 -1.4067016 3.7106555
43 -2.0734155 0.74989593
116 -1.3707961 3.763518
72 -3.1690392 -1.0510982
194 -1.9548612 0.95608395
266 -2.0128067 0.88447833
183 -2.01188 0.91377836
230 -1.395397 3.2615135
1 -3.599075 -1.6621583
68 -1.3546704 3.49955
155 -3.917045 -1.862658
28 -3.4649236 -1.4318922
35 -2.0216672 0.74733514
41 -1.3992008 4.2211604
91 -1.9211664 1.0467325
197 -1.4057752 3.9465194
272 -1.3516909 3.2787263
27 -3.519225 -1.6094515
50 -3.2738955 -1.2638438
270 -3.596508 -1.5667083
64 -3.6399188 -1.6815903
96 -1.3585845 3.643503
136 -3.7586339 -1.7297652
207 -1.3386602 3.6189167
30 -1.3360353 3.9073117
10 -1.3469292 3.8523667
19 -1.3825004 3.7313018
84 -1.3585182 3.2928898
281 -2.1319084 0.6828913
87 -2.0442734 0.75172174
89 -1.9690126 0.89585334
125 -1.3460261 3.435366
24 -1.3804972 3.5876617
60 -2.0375075 0.84565765
278 -1.3524377 3.7391124
121 -1.983068 0.87124974
156 -1.3709551 3.4973776
196 -1.3450739 3.7894602
185 -3.7596717 -1.7356786
226 -1.3488799 3.6370938
95 -3.7998362 -1.8397713
222 -3.5963893 -1.6675122
74 -3.0130565 -0.9476548
92 -1.3937745 4.2540426
173 -2.002421 0.90264356
186 -2.025899 0.8722861
267 -3.1997292 -1.196606
203 -3.8398058 -1.7545141
113 -2.0779579 0.6159337
146 -4.096298 -2.053358
175 -1.9752349 1.0026196
119 -1.3985411 2.984275
143 -1.3550563 3.5028925
202 -4.106927 -2.1404097
250 -3.4604242 -1.4035261
259 -3.5205274 -1.578938
48 -3.9303071 -1.7891855
97 -2.1253319 0.6026567
204 -3.6457074 -1.5835679
288 -3.6049829 -1.5540661
78 -1.3841367 3.9533103
255 -1.9435917 1.0348643
211 -1.9346148 0.9719127
49 -1.9937474 0.83782405
271 -1.2790794 3.9671936
38 -1.3518885 3.67455
103 -1.3849916 3.895602
172 -3.6636322 -1.6498066
76 -1.39096 3.824801
141 -3.5333774 -1.4444385
200 -1.3975708 3.8539684
118 -1.3721135 4.0566688
184 -3.9098177 -1.9037176
179 -1.3521957 3.4829843
261 -3.6545708 -1.5523798
29 -3.404864 -1.4215631
227 -1.367296 3.6504414
53 -1.3499892 3.717399
217 -1.3674678 3.904682
257 -1.3067974 4.169265
182 -3.68778 -1.6673778
