30 2
7 4.3731313 3.0878787
29 4.758228 3.0928333
2 -1.7858521 5.832945
3 1.6030692 3.9402816
24 1.9514155 3.8660495
4 -1.8464725 5.8426023
14 -2.1531153 6.196359
6 5.2739844 2.9525511
27 2.0926592 3.715952
18 -1.07972 5.0915613
11 1.3245634 4.092978
5 1.8993546 3.7401183
25 5.407547 3.04762
15 5.933472 3.0030465
0 0.98193604 4.1159005
20 -1.1870476 5.3580813
26 5.452147 2.934255
21 2.6365905 3.6558087
8 -1.2136598 5.360374
13 2.5692675 3.599183
22 4.4115696 3.086971
1 5.7505226 3.0408664
19 -2.4276755 6.3753448
23 -2.230711 6.2912765
17 -1.5518223 5.6434946
12 5.448808 3.064783
9 1.1545829 4.1564183
28 -1.3599234 5.44809
16 1.2467389 4.1865587
10 4.5598545 3.1350617
