30 2
7 4.3083525 3.03516
14 -1.9930009 6.1500025
10 4.550973 3.020726
29 4.8287635 3.037606
5 2.120389 3.6723366
3 1.8168242 3.9395225
21 2.7214153 3.554029
6 5.369841 2.812429
20 -0.9758521 5.328543
1 5.8566036 2.80228
8 -1.1107725 5.385304
4 -1.5804633 5.838184
18 -0.77301925 5.1009727
15 6.068348 2.854954
24 1.9934791 3.7680964
12 5.4787855 2.8837805
22 4.4473543 2.9581656
17 -1.4871491 5.751523
0 1.1511955 4.068986
11 1.3352667 4.0331783
23 -2.3011012 6.4656315
28 -1.2409669 5.525314
2 -1.5159017 5.875444
25 5.602437 2.904734
27 2.2960825 3.6176462
26 5.513748 2.7761364
9 1.3159045 4.165045
16 1.3774294 4.1473656
13 2.7660303 3.5764468
19 -2.1771963 6.4203124
