30 2
29 4.633617 3.4475832
3 1.6205499 3.988235
7 4.2010384 3.3923128
14 -2.437499 5.9743056
2 -2.0198634 5.6977353
4 -2.1558256 5.8115406
20 -1.3092484 5.2390714
24 1.5250301 4.025056
25 5.4341173 3.366713
23 -2.7526426 6.079051
21 2.3250253 3.8755734
5 1.599866 3.9422286
18 -1.3319521 5.103458
12 5.1213894 3.2653189
19 -2.7001998 6.2603526
11 1.0499543 4.0623627
0 0.748793 4.2471876
17 -1.9417002 5.5506763
27 1.8360871 3.9058368
6 5.0935044 3.2608948
16 0.9444439 4.298523
10 4.4260464 3.4189293
1 5.70121 3.311423
26 5.1219773 3.2343132
28 -1.6242925 5.299338
22 4.3628483 3.3573077
9 0.7908577 4.3049846
15 5.8838663 3.387586
8 -1.6284593 5.2457676
13 2.3671432 3.720266
