300 2
187 -3.6592293 -1.3968378
96 -1.1701185 4.0555882
143 -1.1503329 3.4604805
231 -1.9796883 1.0065818
1 -3.6830554 -1.3515227
6 -2.0287433 0.80783504
166 -1.2076557 3.931872
12 -1.9528488 0.9732439
169 -1.1302 3.8125932
219 -3.6418645 -1.3884561
5 -1.8603811 1.1793641
135 -3.63108 -1.3178308
176 -1.2173778 3.6828175
86 -3.5862944 -1.351981
242 -1.8186517 1.2749593
291 -1.8631028 1.2008235
55 -2.0576684 0.8305426
213 -2.0278845 0.7817783
256 -2.0142581 0.76485646
17 -1.20923 3.8714573
276 -2.0476933 0.75480187
207 -1.215973 3.665852
41 -1.1774424 4.026508
208 -3.8578064 -1.5246212
197 -1.1902711 3.8547328
286 -1.2035347 4.0790906
120 -3.55261 -1.2558879
180 -2.04449 0.74997795
15 -1.8863358 0.99863875
133 -3.4791384 -1.2761937
241 -1.998581 0.9348351
273 -3.6059139 -1.3492749
202 -4.16196 -1.858483
8 -2.0283298 0.91802686
22 -1.178114 3.7317657
220 -3.4719946 -1.2868712
252 -2.112172 0.65885407
148 -3.709844 -1.4482096
209 -3.4857607 -1.2484586
292 -3.599928 -1.3599465
243 -2.0141563 0.90675074
68 -1.1579149 3.8278198
29 -3.5593052 -1.3876889
87 -2.027826 0.8849386
225 -1.1948706 3.729325
198 -3.3509755 -1.0630424
99 -1.1610061 3.8950613
244 -2.0601788 0.7647815
61 -2.055043 0.7770664
116 -1.1965406 3.6620421
151 -1.9769639 0.9832233
79 -3.9905694 -1.6950916
111 -3.608143 -1.3166236
193 -3.809723 -1.4913906
206 -3.3079715 -1.1139002
3 -1.1678071 3.8915277
54 -3.850475 -1.548176
36 -1.1442748 3.6007845
263 -2.0908206 0.6604636
66 -1.2431556 3.9437306
81 -1.2383043 4.083938
188 -2.2075546 0.67375064
174 -2.0051742 0.8657589
117 -1.9255337 0.9780942
102 -1.9543966 1.0265529
147 -2.137318 0.73243773
297 -1.1923765 3.7292006
53 -1.2164979 3.7916424
39 -1.9846022 0.92782134
50 -3.326824 -1.1220601
62 -3.648885 -1.330772
124 -1.1952492 4.111711
104 -1.9892501 0.96883035
97 -2.1424384 0.6041446
274 -1.9274526 1.0515448
77 -1.2628582 3.3316436
183 -1.9428446 1.022902
44 -3.285486 -1.0638897
91 -1.7854309 1.45959
163 -1.9644401 0.97360444
234 -1.9241552 0.96319944
127 -1.9757698 0.83046824
246 -1.260595 3.8997097
4 -1.1582434 3.625792
215 -1.12758 3.9563906
11 -1.9718692 0.8860001
165 -3.6564524 -1.3692259
130 -1.1348534 4.1179185
268 -1.1474226 4.2470818
194 -2.0103097 0.8883324
63 -1.9165149 1.0490463
137 -1.179004 3.934281
236 -1.2341384 3.0107882
175 -1.9948413 0.9658352
272 -1.2850281 3.0839472
2 -3.7010734 -1.4249928
221 -3.628591 -1.3410697
289 -3.8928668 -1.5312254
167 -1.1781008 3.7833073
33 -1.8822877 1.0622419
32 -3.749479 -1.5916915
35 -2.1334968 0.6823142
78 -1.1917762 3.949035
60 -1.9514786 0.96047163
100 -1.1970193 3.6858106
105 -3.098625 -0.89962286
144 -1.1679493 4.1303263
155 -4.1460304 -1.6990093
211 -2.0314455 0.8347946
56 -1.947774 0.9293734
253 -1.9843237 0.8815635
21 -1.2528917 3.8004084
31 -1.2097762 3.7351449
238 -1.1532557 3.7897823
132 -1.1527699 3.602769
203 -3.9602365 -1.6772034
287 -3.8834817 -1.6161721
172 -3.7945902 -1.4428968
150 -2.0637205 0.6289161
149 -2.0039675 0.9407194
195 -1.2366978 3.4577518
283 -1.0872632 3.8146155
141 -4.139983 -1.7625428
228 -1.8985866 0.9568249
18 -1.898974 1.0805227
59 -3.6319885 -1.4125369
288 -3.70451 -1.4047393
222 -3.6406531 -1.3479601
76 -1.1952223 3.752223
199 -1.9131231 1.1529988
115 -1.2791936 3.9093153
189 -1.2585309 3.5060728
212 -1.2225976 4.064071
159 -1.1785774 3.934244
266 -1.983794 1.0630608
217 -1.1371361 3.8187091
49 -1.954381 1.078559
293 -2.0128667 0.7835211
28 -3.4808998 -1.2282541
64 -3.5588171 -1.3055913
43 -1.9683208 0.9534512
138 -1.2276651 3.5169175
83 -1.9292634 0.99934083
108 -1.9695486 0.9245606
128 -1.9822092 0.82399935
136 -4.238828 -1.8279004
205 -1.2654611 3.479379
201 -1.9321414 1.0438831
190 -1.8334773 1.1539217
114 -2.0798519 0.78269225
23 -2.0160043 0.84696746
101 -2.0930693 0.7291473
139 -3.7594628 -1.4504002
38 -1.1755747 3.498384
269 -3.0929039 -0.91725063
46 -1.1736438 4.373056
47 -1.2099489 3.3334973
69 -1.1716734 3.6932287
262 -1.9937893 0.93454176
299 -1.2002743 3.8054872
224 -3.8673449 -1.5686961
173 -2.0529382 0.800045
95 -4.0207367 -1.6551633
265 -1.2761855 3.7300994
121 -2.0524254 0.8034006
126 -2.0059962 0.84263045
146 -3.880187 -1.537157
170 -1.9489199 0.9149044
247 -1.2449318 3.5814173
192 -3.3552125 -1.0961776
270 -3.6417372 -1.3727456
233 -2.102824 0.6955728
52 -1.8758684 1.11008
16 -3.9430537 -1.6878052
284 -3.7412856 -1.4659846
258 -1.9741896 0.9487625
216 -3.790571 -1.5533916
51 -3.6107724 -1.3277817
235 -1.1611739 3.778374
80 -1.1581281 3.836538
226 -1.198751 3.8394141
160 -3.493314 -1.1846309
119 -1.1969631 3.7133641
214 -1.8799096 1.1290379
210 -1.2663858 3.6405737
0 -1.1857127 3.510512
48 -3.7641385 -1.4476851
153 -3.4333172 -1.1562353
295 -3.2624416 -1.0643969
240 -2.1438928 0.5019201
156 -1.1955906 3.5865808
129 -1.8971207 1.0844436
134 -1.9594749 0.8903091
157 -3.7312756 -1.4867196
177 -2.0381236 0.84905964
185 -3.8546076 -1.454101
200 -1.1955122 3.869199
161 -2.0296466 0.95395744
14 -3.5839503 -1.2358111
230 -1.269728 3.306268
42 -1.1566957 4.2443566
248 -3.8348856 -1.5573674
131 -3.5087607 -1.2517982
57 -2.0673451 0.79525894
282 -2.1379535 0.58416563
171 -1.9409075 1.1229483
145 -3.8226917 -1.4461105
255 -1.9528897 0.9850044
229 -1.8249917 1.2659999
264 -3.91826 -1.5646527
232 -3.9047396 -1.5458175
250 -3.891455 -1.5934322
9 -2.0033824 0.9641212
261 -3.8734353 -1.6114272
58 -3.6957226 -1.4104611
158 -1.2211798 3.7865193
82 -3.7215688 -1.371385
178 -3.2131906 -1.0716026
257 -1.1910514 4.480925
271 -1.2266029 4.116588
125 -1.1703504 3.61149
7 -1.1267351 3.524925
267 -3.4652972 -1.2585285
109 -4.0304914 -1.8044028
73 -1.9880852 1.0399477
34 -1.8866199 1.1456912
196 -1.233157 3.9725187
40 -3.6730664 -1.4667192
65 -3.427099 -1.1388165
239 -1.1670463 3.6104872
89 -2.0040524 0.94326794
275 -2.144467 0.7122987
142 -1.1456146 4.08073
279 -2.1342027 0.6764395
152 -3.727353 -1.4531143
227 -1.2113937 3.3470614
254 -4.0906997 -1.7493435
191 -1.1635695 4.2517033
27 -3.7697914 -1.4439632
168 -3.7298524 -1.4325454
107 -1.9040394 1.108673
85 -3.790398 -1.5045238
294 -3.7111862 -1.3888972
237 -1.2412075 3.7143037
280 -2.1615536 0.5608219
278 -1.1866332 3.5999656
70 -1.1691172 3.6980724
122 -1.1476141 4.444416
112 -3.48478 -1.2656747
154 -3.9496996 -1.7156389
251 -1.1389768 4.0794644
10 -1.2082701 3.7450972
13 -1.8319058 1.2501812
94 -1.8956892 1.0367131
179 -1.1834455 3.8107204
93 -1.20843 3.6742828
19 -1.2672018 3.419918
24 -1.1834415 3.6100101
45 -1.2586067 3.1413424
182 -3.6834984 -1.4629887
123 -1.251963 3.6050832
162 -1.9596658 0.9363664
186 -2.012793 0.9693829
285 -1.1667734 3.7513676
298 -1.9313947 1.0035417
74 -3.5850112 -1.3436683
113 -1.8780497 1.0502394
118 -1.2198948 3.7721608
181 -3.2934372 -1.0933901
290 -1.200569 3.4905121
140 -1.9993153 0.7892017
164 -4.075996 -1.7160336
249 -3.9895856 -1.650408
26 -1.2971839 3.5771768
37 -3.8481474 -1.5432209
67 -1.2292508 3.4064057
88 -1.1344984 4.0603504
296 -3.8253918 -1.5593165
110 -3.222004 -1.0070359
277 -1.8828585 1.0326117
20 -1.2022494 3.5081165
71 -2.008458 0.82083803
72 -3.449186 -1.1740955
75 -3.3569014 -1.0760442
223 -4.0298476 -1.6080321
218 -1.9273041 1.0803573
281 -1.9305651 0.97509
98 -3.4515605 -1.2088916
204 -3.664853 -1.3669778
245 -3.5918531 -1.2575562
25 -3.901667 -1.569183
84 -1.1059145 3.2896788
90 -3.4231677 -1.2826564
184 -4.039389 -1.6872331
30 -1.1860936 4.0346417
106 -1.1396693 3.4084902
260 -3.9253604 -1.6601685
259 -3.4043694 -1.1839703
103 -1.1842182 3.556558
92 -1.2115262 4.348624
