30 2
21 3.2044196 4.993302
22 3.7070856 1.8199869
4 3.9177823 1.3043505
7 3.5286636 2.4265068
10 5.3514 -1.0788722
12 3.1246216 6.5553093
16 3.8109632 1.8327367
28 5.8128667 -1.8626947
1 3.0688174 5.533842
15 3.8708096 1.6601367
6 6.3366385 -2.3509269
11 3.1863453 6.01622
25 6.2113266 -2.0200386
27 3.1434712 6.288564
8 6.2297707 -2.096719
19 5.633536 -1.4789802
2 3.3416784 6.7500515
14 3.6022527 2.1622453
5 6.4921875 -2.41695
13 5.496218 -1.1610789
0 3.0739677 4.7602906
17 3.8623424 1.6421702
23 7.035712 -2.7946053
20 3.9832392 1.0201411
3 3.1251085 4.5037384
26 3.4951737 2.7096443
29 7.133384 -2.9830072
18 3.7711565 1.512524
24 3.170166 4.947707
9 3.1423104 4.837684
