30 2
7 3.4653287 3.9415667
29 3.8331554 4.170714
4 -3.1171815 5.310179
3 0.83677584 4.2002473
5 0.9755284 4.085598
2 -3.0767944 5.3724403
14 -3.2667117 5.4627213
24 0.9687407 4.2112365
21 1.7524234 4.1566176
25 4.8005543 4.2437816
10 3.7831607 4.001756
22 3.6207983 3.9408405
18 -2.1944833 4.8334603
19 -3.6772032 5.6284103
20 -2.337162 4.8978224
23 -3.5944262 5.602182
15 4.981487 4.2437725
0 0.0879518 4.2353234
6 4.4083476 4.0288434
1 5.0963607 4.2332435
11 0.5818667 4.2104144
28 -2.5705016 4.9541135
9 0.339438 4.366416
12 4.7705564 4.1614685
26 4.687792 4.036065
27 1.1950574 4.133001
8 -2.3985631 4.950572
16 0.20995478 4.427419
13 1.8451959 4.096365
17 -2.9354973 5.3134623
