30 2
21 3.2478435 4.812729
19 5.4650693 -1.502917
10 5.314319 -1.4017558
1 3.2779596 5.498522
22 3.7152543 1.6109349
25 6.1836905 -2.252841
17 4.007949 1.4229543
28 6.082262 -2.257909
4 3.9725614 1.0269266
26 3.5587254 2.3773885
13 5.5219464 -1.4531304
16 3.7394733 1.8531034
27 3.4217813 6.1661906
20 4.050976 0.9454157
14 3.6524262 2.0465574
0 3.2771826 4.620085
11 3.2994435 6.0229797
24 3.3155382 4.8638096
15 3.8916123 1.3748264
7 3.4929307 2.3387306
2 3.4697988 6.5744214
12 3.3688335 6.5595284
6 6.435158 -2.5171897
8 6.1187305 -2.180318
23 6.9904 -3.0994532
3 3.2623768 4.6128154
29 7.0823865 -3.0694838
18 3.7755294 1.2987235
9 3.3488922 4.9153123
5 6.4162087 -2.4566047
