30 2
29 4.7629886 3.079865
7 4.346242 2.979397
25 5.6450133 2.8117385
18 -0.78044885 5.1060066
3 1.8107071 3.9539943
4 -1.6150599 5.801298
21 2.7405424 3.5867448
14 -1.965911 6.158447
20 -1.0263331 5.301453
2 -1.5160574 5.796186
22 4.4203806 2.9597287
5 2.1376064 3.6345341
10 4.5463057 3.0033443
24 1.9514005 3.8049428
23 -2.231557 6.461145
0 1.1667517 4.086449
1 5.8547273 2.7986274
6 5.3611093 2.7815082
11 1.3916123 4.0163746
12 5.472034 2.9096138
28 -1.1658098 5.484892
27 2.2888253 3.6742659
16 1.3511915 4.139044
8 -1.1352655 5.4063616
19 -2.166254 6.428937
9 1.3570006 4.163664
26 5.510511 2.8007178
15 6.1118145 2.8060293
13 2.816688 3.5813515
17 -1.4162722 5.7934794
