300 2
265 -1.3057383 4.0763907
29 -3.453003 -1.2993824
88 -1.335447 3.6656318
77 -1.2018679 3.3821366
298 -2.0052693 0.89434993
281 -2.026311 0.7671852
115 -1.3208092 3.8247333
83 -2.0522304 0.74527216
93 -1.2769701 3.4890652
251 -1.2645106 3.6374643
33 -1.8417562 1.197132
238 -1.2787561 3.5786448
75 -3.4098024 -1.271263
147 -2.038049 0.6902512
242 -1.96339 0.89201206
150 -2.1484325 0.6044899
8 -2.0274553 0.74394244
11 -2.1352384 0.59707093
20 -1.2852033 3.2160618
116 -1.2688612 3.345784
209 -3.2888815 -1.2126267
232 -3.7537854 -1.5609037
279 -2.0115287 0.8990287
267 -3.2599277 -1.1360868
9 -2.014266 0.86931443
193 -3.5578144 -1.3107592
284 -3.7461138 -1.5220976
149 -1.9193063 0.9266495
151 -1.9799386 0.80605716
170 -1.9870714 0.93289155
253 -1.9515724 0.87304
136 -3.6270359 -1.5114347
5 -1.7802387 1.361195
282 -1.9983666 0.8974839
243 -1.939244 1.0128623
15 -2.0169775 0.8427953
263 -1.9518946 0.9287536
85 -3.641097 -1.4560506
234 -1.8932563 1.0656482
4 -1.2517447 3.8024514
6 -2.1071417 0.65541893
25 -3.650894 -1.4785256
32 -3.8184247 -1.6338197
68 -1.1969769 3.8769917
55 -2.0273485 0.8230119
179 -1.3398881 3.5102458
213 -1.9979403 0.83785635
101 -1.9666239 0.86572325
226 -1.3504362 3.9327834
252 -2.0269318 0.8028293
280 -1.8962544 0.9880671
127 -1.9875658 0.8046105
13 -2.0283182 0.9062724
290 -1.2882166 3.6632123
181 -3.2699883 -1.157552
142 -1.3517619 4.109124
134 -1.9873366 0.90654534
106 -1.2870986 3.7654228
18 -2.0480406 0.77595353
89 -1.8708642 1.1844903
41 -1.3125379 4.1406293
47 -1.3392183 3.7827172
180 -2.0205698 0.85379547
206 -3.5743937 -1.4413391
292 -3.871209 -1.575502
65 -3.4172049 -1.2583804
128 -1.8922635 1.0198127
107 -1.9024225 1.0287377
64 -3.8350186 -1.6955179
270 -3.7127671 -1.5145744
178 -3.2015822 -1.0353489
166 -1.3315668 3.6219223
19 -1.262798 3.7707732
60 -2.0752327 0.6428568
137 -1.3405956 3.3205338
296 -3.7635248 -1.612451
162 -1.9729265 0.96631366
212 -1.3092268 3.7024064
237 -1.2982566 3.565132
208 -3.658426 -1.4908862
194 -2.010028 0.8395868
94 -2.0307298 0.68920296
198 -3.5254495 -1.3417417
299 -1.2974409 3.6003792
256 -2.1405742 0.5628132
71 -1.9641804 0.9501193
78 -1.3404326 3.803124
105 -3.2585518 -1.1130314
132 -1.338027 3.396968
96 -1.3423051 4.0065722
203 -3.827073 -1.71165
117 -2.0381162 0.8425995
229 -1.8732035 1.2520788
157 -3.532607 -1.3886422
187 -3.3872957 -1.3291204
188 -2.021967 0.7938234
228 -1.9269309 1.1175225
248 -3.7976432 -1.6480217
278 -1.279281 3.6743686
7 -1.2721885 3.2489855
126 -1.9667437 0.9372913
57 -2.072471 0.64989525
73 -1.9289453 0.96112645
123 -1.3078257 4.0146575
86 -3.607182 -1.3889949
219 -3.4575434 -1.3760171
225 -1.2542133 3.69255
153 -3.3003607 -1.1384041
131 -3.4684355 -1.280562
152 -3.840765 -1.6644557
176 -1.2706885 3.503576
249 -3.7986033 -1.6590058
207 -1.3432685 3.8728127
259 -3.5931723 -1.337298
275 -1.9557709 0.94253415
139 -3.7842393 -1.6106354
70 -1.3107328 3.7526457
72 -3.4571335 -1.2834588
12 -1.9515983 1.0357739
56 -2.032351 0.7195219
58 -3.7896192 -1.6156281
144 -1.2772539 3.5580935
74 -3.6223662 -1.3890175
148 -3.8717432 -1.6503547
195 -1.2555448 3.3273458
235 -1.2579195 3.9578705
171 -2.0168433 0.79225296
174 -2.1739457 0.56502604
184 -3.949883 -1.8054193
114 -2.0331242 0.6687288
210 -1.2791672 3.6341915
288 -3.8004658 -1.6068811
274 -1.9571316 1.0347139
124 -1.2913716 4.2206206
173 -2.0089595 0.9231387
160 -3.691484 -1.4603312
287 -3.7922413 -1.7086943
271 -1.2796509 4.355882
239 -1.3475403 3.7052953
254 -3.7847757 -1.5944873
231 -1.8597957 1.1285763
22 -1.2596252 3.8882272
255 -1.9706541 1.0035434
276 -2.054939 0.7421817
215 -1.2367754 3.615484
224 -3.7178798 -1.5408182
37 -3.620357 -1.4582143
186 -2.069744 0.84770334
43 -1.8737228 1.1348093
38 -1.3006368 3.594773
61 -2.1535883 0.61036474
177 -1.9162275 1.01192
91 -1.8905966 1.2282027
102 -2.0278852 0.84823287
111 -3.5467324 -1.4596838
129 -2.0304704 0.8010804
141 -3.726813 -1.4571043
145 -3.9756925 -1.8218534
164 -3.9602826 -1.7988417
175 -1.94504 1.0348057
201 -1.9854172 0.87753385
268 -1.2767954 3.886868
260 -3.9383283 -1.7848252
23 -1.9677705 0.89435005
10 -1.3005465 3.68225
35 -2.1333113 0.5748404
291 -1.837861 1.1313999
27 -3.7168913 -1.5316873
28 -3.7081685 -1.4717962
104 -1.8373942 1.0704023
39 -1.8841652 1.0220993
52 -1.966788 1.003976
190 -1.8744367 1.194457
82 -3.664112 -1.4955436
99 -1.2382647 3.7981994
297 -1.3032072 3.330761
289 -3.7192867 -1.5017692
202 -4.1903987 -1.8993709
158 -1.357924 3.4558837
183 -2.057299 0.70114785
192 -3.537525 -1.4110298
14 -3.7921839 -1.5405314
24 -1.2955228 3.725009
122 -1.2587761 4.3009014
80 -1.3526089 3.952153
293 -2.1819825 0.5433983
283 -1.2681222 3.4832027
130 -1.3533391 4.110998
204 -3.7437966 -1.5427109
2 -3.5869431 -1.3551004
51 -3.7151463 -1.4807975
266 -2.0100734 0.85745454
49 -1.9204129 1.0259252
246 -1.3188429 3.7784317
63 -2.0708554 0.73840624
79 -3.4127498 -1.2555236
92 -1.3408104 4.260234
110 -3.2213135 -0.9937884
294 -3.570712 -1.4292247
264 -3.6369307 -1.483935
16 -3.746313 -1.6251893
221 -3.5795052 -1.4992679
48 -3.9980147 -1.8568875
87 -1.8461634 1.0934608
119 -1.3100635 3.4139633
155 -3.9478598 -1.6948154
108 -2.0133626 0.87460786
53 -1.307829 3.8347166
168 -3.9003675 -1.6541903
211 -1.9368819 0.89287984
241 -1.9398581 0.9520121
76 -1.2422701 3.9867318
140 -2.0410097 0.7348908
34 -1.9164952 1.1347079
36 -1.2430102 3.7418606
165 -3.5452619 -1.3497254
54 -3.6256657 -1.468134
118 -1.2955854 4.0739055
236 -1.3039767 3.1497858
223 -4.135068 -1.9407988
159 -1.261731 3.875069
189 -1.2889373 3.3899372
197 -1.3042542 3.546577
40 -3.8555243 -1.7288995
262 -2.0152664 0.8086417
161 -1.9434053 0.86725116
112 -3.5609477 -1.4261695
59 -3.6320093 -1.4886628
62 -3.605604 -1.4544274
103 -1.3468921 3.3463898
272 -1.2942942 3.2487314
182 -3.5132701 -1.3711766
200 -1.257037 3.8417308
245 -3.5429685 -1.3221633
247 -1.2830799 3.6352656
30 -1.3077834 3.4913483
67 -1.3247287 3.7976909
84 -1.303758 3.5321662
205 -1.3071312 3.6858776
109 -4.127225 -1.974648
218 -2.0054207 0.8930049
98 -3.457195 -1.2387954
156 -1.3133957 3.4500546
163 -2.0861106 0.71246165
191 -1.266395 4.064711
285 -1.2833328 4.3929973
97 -2.1521437 0.5539818
45 -1.2537469 3.6547682
66 -1.3631804 3.4568655
69 -1.2762319 3.7335892
269 -3.3448033 -1.227677
113 -1.9722177 0.96967936
121 -2.0961742 0.7840184
222 -4.053499 -1.8266268
199 -1.9839321 0.9313626
216 -3.9446404 -1.7086762
31 -1.2952732 4.135798
154 -3.8551745 -1.6713644
172 -3.535062 -1.4073726
214 -1.9246256 1.0456201
1 -3.5739417 -1.3807114
21 -1.2897234 3.607555
26 -1.3390404 3.4197474
138 -1.2901028 3.580923
185 -3.9355762 -1.7700716
0 -1.2661052 3.758083
3 -1.3235788 3.859366
17 -1.334922 4.1144934
44 -3.3722312 -1.2096177
50 -3.2460992 -1.057841
90 -3.3589385 -1.1765078
227 -1.2788653 3.767757
230 -1.3027487 3.0424316
286 -1.2786815 3.851893
295 -3.2978766 -1.2371885
95 -4.0081534 -1.8037539
143 -1.2558347 3.4592235
135 -3.3318355 -1.2593895
133 -3.4502861 -1.3364376
169 -1.2726187 3.9545152
100 -1.2606173 3.9849777
233 -2.0342364 0.710271
240 -2.2216413 0.4253892
273 -3.5809329 -1.4095442
42 -1.2900558 4.0679827
146 -3.9265287 -1.7337261
217 -1.2564089 3.8518438
167 -1.2502518 3.6896284
277 -1.8772701 1.1081898
46 -1.3097974 4.227365
261 -3.5850265 -1.4027358
81 -1.2732335 3.7881918
125 -1.2666758 3.873715
120 -3.6557195 -1.5108781
258 -2.0282497 0.8308181
244 -2.0373883 0.83916545
220 -3.6517384 -1.3684511
196 -1.281831 3.8382003
257 -1.373773 4.126798
250 -3.754289 -1.6277984
