30 2
22 3.9102137 1.3100283
25 6.0099516 -3.1221817
15 3.9688592 1.1454163
10 5.1792407 -1.9264178
21 3.9675994 4.45494
19 5.283705 -2.0191612
11 3.992337 5.4637885
20 4.024159 0.51276106
4 3.95024 0.757628
16 3.8829155 1.3074385
0 3.739408 4.1561055
28 5.81565 -2.7266264
13 5.2232413 -2.0551534
17 4.0055714 1.1288413
8 5.9035144 -2.8900926
7 3.7466586 1.8149819
26 3.794402 1.8591334
14 3.8598905 1.805956
1 3.8841681 4.867379
6 5.9409456 -3.0422223
27 4.0583296 5.819437
23 6.4607067 -3.7362487
24 3.7579546 4.4099436
5 6.117827 -3.2628922
18 3.859966 1.0589836
12 4.1732655 6.178092
2 4.124363 6.0264115
3 3.7259173 4.0343237
9 3.8336492 4.5663543
29 6.637667 -3.7395296
