30 2
21 3.354629 4.7501416
8 6.0606537 -2.2112558
10 5.3754153 -1.3890753
28 5.9978285 -2.3160644
1 3.3959277 5.3608704
22 3.7683988 1.6778369
0 3.3127563 4.7198434
19 5.490731 -1.5449113
20 4.0854974 0.9291006
13 5.6226807 -1.6477615
16 3.7803793 1.7452135
15 3.948426 1.5041533
4 3.9871225 1.2436485
11 3.4448888 6.0287876
23 6.9110913 -3.1925883
26 3.6075416 2.2130709
6 6.331193 -2.5666115
27 3.372832 6.268539
2 3.5090046 6.585121
25 6.1116166 -2.3389232
17 3.9910178 1.3959609
7 3.625698 2.2125142
14 3.7340455 2.0310385
18 3.8731403 1.284081
24 3.2845056 4.771957
29 6.981882 -3.130272
3 3.3230555 4.5060806
9 3.349585 4.8654227
5 6.41031 -2.5930235
12 3.4118097 6.5413074
