30 2
22 3.6182244 1.9075071
10 5.503363 -0.95151556
21 3.0576282 5.011933
15 3.861402 1.6251726
28 6.175881 -1.7407159
19 5.5626407 -1.0466975
0 2.9241962 4.8593736
26 3.4256358 2.5192723
17 3.8337219 1.6905559
1 2.9141512 5.6442137
7 3.4088013 2.5154605
25 6.31854 -1.8482004
8 6.4208317 -1.9808849
11 2.9704556 6.252471
16 3.6438732 1.9956493
14 3.5338964 2.360136
13 5.3983135 -0.93797
4 3.847916 1.3114303
6 6.37836 -2.1019833
20 3.9617572 0.9695866
23 7.123262 -2.5655582
3 3.0764265 4.6897316
24 2.9691074 4.9278255
18 3.6860409 1.5210031
27 2.9645452 6.403018
12 2.9607852 6.6161647
29 7.122 -2.5905018
9 3.0117543 5.0825677
2 3.0659287 6.9367566
5 6.6285067 -2.1587133
