30 2
7 4.2970805 3.0605445
5 2.0658736 3.680443
25 5.633115 2.9048388
29 4.8490534 3.1011972
6 5.2880425 2.7549815
1 5.809939 2.88165
18 -0.8316023 5.1431503
0 1.1580358 4.0293994
20 -0.9659968 5.341601
4 -1.6975396 5.8182173
2 -1.5094385 5.875116
14 -2.0618763 6.175584
12 5.3691716 2.9538987
3 1.8296832 3.9041755
10 4.5531664 3.101182
21 2.8235013 3.5697381
24 2.0879228 3.921858
19 -2.2687716 6.3521357
11 1.3930684 4.00674
26 5.435184 2.8502195
8 -1.1098797 5.380759
15 6.052808 2.8456328
22 4.382859 2.9320834
23 -2.2488346 6.4272003
16 1.4359376 4.1248326
17 -1.5475842 5.732102
9 1.3861934 4.155104
27 2.3368723 3.6048472
28 -1.2794019 5.539404
13 2.7569091 3.5615098
