300 2
189 -1.3283535 3.4766152
187 -3.6389563 -1.4957424
129 -1.9992212 0.84513193
11 -1.968845 0.8364997
8 -1.9239024 0.9482109
6 -2.0520172 0.8134108
7 -1.3180238 3.5694954
134 -1.9388424 0.9869368
254 -3.787925 -1.6483103
252 -2.0216172 0.871734
35 -2.0918822 0.6191478
58 -3.7773159 -1.652706
243 -1.9344043 0.93637055
56 -1.9486624 0.9240167
263 -2.027651 0.8539243
65 -3.428644 -1.2861114
16 -3.55179 -1.3338938
33 -1.9080845 1.033126
41 -1.3626977 3.8980825
10 -1.2667583 4.184946
190 -1.9356805 1.0117466
295 -3.1162734 -1.0090802
149 -1.9365224 0.90144455
212 -1.2271934 4.0986867
144 -1.3368988 3.8613093
127 -1.9397782 0.88427585
276 -2.0037231 0.90615654
201 -1.9925365 0.82734364
13 -1.9861938 0.9598495
18 -1.8681012 1.1689081
170 -1.9903233 0.87038773
61 -1.990999 0.8553522
102 -1.9800801 0.9097987
219 -3.5329878 -1.4633228
191 -1.3577609 3.7393017
211 -2.1258397 0.6607484
209 -3.5896635 -1.4860828
298 -2.0626435 0.68762934
198 -3.1322637 -1.029025
161 -2.0518575 0.78369915
237 -1.330511 3.549799
238 -1.2696362 3.7585478
229 -1.8144913 1.2993631
286 -1.2910696 3.893367
114 -2.086426 0.7442143
115 -1.304747 3.536071
93 -1.3007354 3.3916752
133 -3.5539513 -1.5317075
105 -3.3684914 -1.2185256
277 -1.9136038 1.092747
86 -3.3370547 -1.2209941
235 -1.3390651 3.7398655
221 -3.6863286 -1.5039334
99 -1.3129734 3.884583
140 -2.0309162 0.7855577
155 -4.0180073 -1.8862768
139 -3.7198973 -1.6348233
118 -1.3016148 4.2204337
125 -1.2282488 3.5685508
228 -1.9150045 0.9969714
130 -1.2522336 3.9386358
188 -2.2244911 0.48608702
268 -1.220235 3.8916612
257 -1.3268328 4.120277
23 -2.0743897 0.6778986
117 -1.9191419 0.90950966
55 -2.0584514 0.732462
183 -2.071714 0.7083265
62 -3.5061927 -1.3522211
113 -1.9234152 0.86211
77 -1.3370023 3.420311
87 -1.996432 0.91815263
88 -1.276107 3.4197538
92 -1.2400515 4.594237
202 -4.2644753 -2.0941644
124 -1.2980111 4.0427346
159 -1.3335941 4.006496
162 -2.0401006 0.81037736
174 -2.004508 0.82637584
181 -3.427352 -1.3529642
195 -1.3246759 3.4804544
224 -3.9390023 -1.8268071
283 -1.2839227 3.975744
213 -2.098033 0.6371686
89 -1.921397 1.0092932
107 -2.028254 0.88018453
274 -1.889297 1.1395073
233 -2.1640885 0.5772537
205 -1.2417457 3.854969
17 -1.2030115 4.010222
216 -4.056716 -1.8542045
143 -1.3226051 3.6049988
68 -1.2929807 3.3274236
9 -1.9642098 0.9174324
27 -3.6320314 -1.5629145
29 -3.7416964 -1.5690917
36 -1.2682014 3.8367763
83 -1.9313723 1.0629513
94 -2.1687753 0.57096606
220 -3.6114137 -1.4526813
136 -4.074393 -1.9381888
215 -1.3170024 3.6921072
269 -3.1367903 -1.0540853
251 -1.2636921 3.735975
273 -3.3196566 -1.198793
290 -1.2836981 3.5999508
15 -1.9301548 0.98082024
168 -3.7085047 -1.5525414
80 -1.3919498 3.6537836
265 -1.2331421 3.5371275
154 -4.00355 -1.8829608
81 -1.3277956 3.782482
158 -1.3560755 4.0713544
256 -2.1135345 0.72529876
280 -1.9599513 0.9075122
84 -1.3617485 3.86027
132 -1.3063307 3.5222507
43 -1.8729583 1.1861756
147 -2.0426238 0.7580014
37 -3.859823 -1.7297705
34 -1.939881 0.9899771
192 -3.4655137 -1.3668982
258 -2.0057645 0.8160651
45 -1.3420972 3.5194242
53 -1.2954644 3.5604582
54 -3.7304728 -1.6193792
207 -1.26462 3.3680274
175 -2.0207708 0.8698802
270 -3.7527218 -1.6617854
3 -1.2500342 4.1856327
138 -1.2768576 3.7727835
14 -3.5696027 -1.4521406
293 -1.9798281 0.92725027
152 -3.618527 -1.4742754
26 -1.2553283 3.8205376
261 -3.6890993 -1.5165926
217 -1.2832296 3.878195
128 -2.0793328 0.75475925
194 -1.8499784 1.1771724
52 -1.9826305 0.83834344
96 -1.2192725 4.011171
272 -1.3527626 2.9905803
100 -1.3417649 4.314415
103 -1.2868565 4.024808
267 -3.4680963 -1.4575815
240 -2.265015 0.4047717
246 -1.3110633 3.833672
244 -2.0890846 0.6871883
275 -2.0042605 0.869593
153 -3.2499697 -1.1154375
248 -3.9210758 -1.745671
288 -3.8226185 -1.7470728
106 -1.362285 3.6989782
50 -3.3083615 -1.1726578
25 -3.7525754 -1.628221
31 -1.2357876 3.9285932
111 -3.585267 -1.3958215
39 -2.046314 0.82727414
46 -1.3352984 4.2972383
156 -1.301065 3.4371252
278 -1.3217767 3.4877727
64 -3.7802434 -1.6433747
232 -3.6476312 -1.5633757
75 -3.5263991 -1.3292773
231 -1.9115564 1.008151
90 -3.528293 -1.3510541
121 -2.045367 0.8827503
210 -1.3310511 3.540655
166 -1.2606925 3.7400532
146 -3.7892072 -1.5486307
291 -1.9305943 0.96964383
172 -3.713415 -1.5153918
287 -4.043617 -1.82285
141 -3.7869902 -1.5130699
142 -1.3096578 4.154958
21 -1.3041425 3.6106806
97 -2.0490568 0.78408396
40 -3.701317 -1.5765147
71 -1.9779344 0.8952466
74 -3.3997884 -1.325559
197 -1.3666859 3.9265828
109 -3.884045 -1.7772031
179 -1.3252078 3.7312486
259 -3.4606917 -1.2954204
296 -3.9464529 -1.7467467
242 -1.992413 0.7944462
282 -2.097362 0.5372873
19 -1.332609 3.700854
20 -1.3677013 3.589073
24 -1.2518799 4.1153417
73 -1.9684556 1.0381893
145 -3.6810586 -1.4580184
116 -1.3277664 3.6719615
131 -3.5282297 -1.3304145
206 -3.4335032 -1.2525498
245 -3.515954 -1.3097073
1 -4.0458555 -1.7934415
164 -4.004173 -1.8495271
186 -1.9194322 0.9751585
28 -3.799737 -1.6355773
119 -1.2670637 3.7447393
266 -2.136173 0.60310316
67 -1.3191103 3.970505
69 -1.286884 3.4239318
204 -3.5376198 -1.3832886
151 -2.0120268 0.72725415
182 -3.5789576 -1.4699508
163 -2.294012 0.34602055
249 -3.753876 -1.6936628
255 -1.8361578 1.1560415
157 -3.4201016 -1.2682507
5 -1.8404001 1.3178328
148 -3.7682586 -1.6544534
234 -1.9549961 0.9476633
236 -1.3310837 3.393755
203 -3.8029962 -1.7021872
51 -3.7095456 -1.580733
57 -1.9684776 0.8790566
47 -1.3260396 3.4924006
177 -1.996223 0.9219854
223 -4.057337 -1.8686417
176 -1.314828 3.3704035
292 -3.8311322 -1.6915363
150 -2.1779659 0.51239926
185 -4.0348177 -1.8553406
247 -1.3631725 3.9003177
42 -1.3030767 3.9624312
32 -3.6785703 -1.4966481
66 -1.2738258 3.8422866
63 -2.0690577 0.74033326
122 -1.2884797 4.0208793
199 -1.952753 0.994124
260 -3.8827221 -1.6895818
193 -3.763821 -1.6052982
72 -3.5229163 -1.3532594
22 -1.2981097 3.787017
59 -3.6270156 -1.4798456
101 -2.0035713 0.77437305
126 -2.0461135 0.783286
82 -3.6762633 -1.5740018
91 -1.8386428 1.3478965
104 -1.9571128 0.92874825
180 -2.1231353 0.67133343
208 -3.7243137 -1.5009838
200 -1.3364096 3.791143
239 -1.3141987 3.5962393
2 -3.6662586 -1.4796383
281 -1.9467045 0.98957306
48 -3.919425 -1.7097392
284 -3.5838888 -1.45014
95 -4.037984 -1.8866378
98 -3.3731139 -1.251274
226 -1.363111 3.7498732
214 -1.9994333 0.7684013
299 -1.3611398 3.703267
178 -3.3196588 -1.1797794
30 -1.316855 3.9211264
38 -1.2872151 3.385704
294 -3.5721242 -1.326725
165 -3.6199853 -1.417035
78 -1.3439194 3.7978575
112 -3.400719 -1.2848206
167 -1.2522674 3.5810452
297 -1.3667423 3.7738798
289 -3.6245263 -1.395204
70 -1.2799063 3.6787946
108 -1.9134357 1.1069725
44 -3.1831217 -1.1317163
227 -1.3278716 3.323225
262 -2.0356793 0.916377
285 -1.2995551 3.7311976
184 -3.6755676 -1.4968803
12 -1.931255 1.0985433
49 -2.122613 0.68040824
76 -1.360121 3.823082
123 -1.2941933 3.6615403
60 -2.0291476 0.8105449
171 -2.0174682 0.8785281
218 -1.9674163 0.8489401
271 -1.2756175 3.9810524
85 -3.5647225 -1.423294
230 -1.3144875 3.4864771
196 -1.3097614 3.4765525
253 -2.0055027 0.86902124
169 -1.4213871 3.8479373
222 -3.4450965 -1.383148
241 -2.0001488 0.97141844
4 -1.3589866 3.4877346
135 -3.3912702 -1.322277
173 -2.038356 0.8315624
0 -1.2593932 3.49838
79 -3.702557 -1.5466521
137 -1.3067602 3.4864244
279 -1.8930414 1.0195991
225 -1.2920418 3.5078764
110 -3.3694386 -1.2300937
264 -3.6910813 -1.5824133
120 -3.4400542 -1.2645439
250 -3.7373965 -1.507832
160 -3.5157647 -1.3732841
