51 2
16 -1.8934869 -2.396663
30 -2.0123334 -2.454332
32 -2.399057 -2.195284
39 -2.6733942 -1.9798259
35 -2.457685 -2.0388339
1 -2.0398812 -2.5098898
28 -2.665574 -1.9522414
27 -2.067817 -2.4434333
29 -2.009599 -2.4658499
9 -2.0800319 -2.2866793
31 -1.8211412 -2.652483
26 -2.0574996 -2.6030836
47 -1.8899003 -2.586153
33 -1.9718512 -2.672498
13 -2.3561897 -1.99664
0 -2.2261395 -2.4684296
37 -2.283416 -2.4569836
36 -2.4470654 -1.941972
24 -2.8393307 -1.9497981
19 -2.6730442 -2.0850024
46 -2.067536 -2.3914106
44 -1.9583461 -2.41589
43 -1.7256174 -2.505901
23 -2.6991394 -2.0178375
50 -2.6000183 -1.9876448
6 -2.4367225 -2.0816371
49 -2.5386503 -1.9675237
12 -2.3001711 -1.9137096
15 -2.384929 -1.9696077
38 -2.1029024 -2.2830935
22 -2.0358467 -2.3371155
17 -1.938401 -2.4383729
21 -1.9513566 -2.282783
4 -2.5487394 -1.821632
34 -2.0454865 -2.3975399
48 -2.0405145 -2.4875484
45 -2.0907133 -2.159446
11 -2.251421 -1.9748547
14 -2.3237407 -2.0326953
40 -2.2571173 -2.1930175
41 -1.8915291 -2.489647
18 -2.039236 -2.3079038
42 -1.9441271 -2.411285
5 -2.061469 -2.266526
8 -2.1086433 -2.1943278
3 -2.0150306 -2.2923317
20 -1.7871807 -2.4959216
10 -2.425856 -1.7440089
25 -2.4235356 -1.909136
7 -2.0327535 -2.224927
2 -2.3696492 -1.9385755
