30 2
19 5.266488 -1.9980952
1 3.8656623 4.867635
16 3.9198267 1.3376236
10 5.199476 -1.9214026
22 3.9061692 1.3278685
4 4.007087 0.7570154
7 3.758471 1.869623
13 5.2679996 -2.0779417
3 3.7624998 4.08876
21 3.895358 4.3846345
8 5.8962984 -2.8742058
25 6.0023036 -3.156939
28 5.7724543 -2.9221075
15 4.0088186 1.1163065
12 4.1070414 6.216565
23 6.497579 -3.748869
20 4.0440245 0.44425303
11 4.059915 5.4573746
0 3.7217145 4.1824274
6 5.904393 -3.017778
14 3.8820214 1.7507519
9 3.8253837 4.5075054
18 3.8892996 1.0497261
24 3.8272488 4.3471823
26 3.8039007 1.7816046
17 3.9787397 1.1347513
29 6.53549 -3.7284422
2 4.1232247 6.0670996
5 6.1166406 -3.2790112
27 4.0531416 5.7688503
