30 2
16 3.7872574 1.7377703
4 3.944061 1.2011591
7 3.6177306 2.1614327
22 3.7345972 1.6665176
1 3.3486228 5.3670187
21 3.3989139 4.7322693
10 5.3634057 -1.3426497
18 3.895493 1.2910535
28 6.075252 -2.32274
13 5.5847454 -1.6703284
15 3.9109101 1.4852302
8 6.05497 -2.2267568
11 3.490047 5.9748435
12 3.448888 6.555399
19 5.476536 -1.5975028
17 3.9563274 1.4116529
5 6.4214106 -2.6095898
25 6.1340175 -2.3194015
3 3.3617623 4.5709887
26 3.5958822 2.1930995
20 4.033831 0.89072394
23 6.8599944 -3.2059898
6 6.287719 -2.5416315
2 3.5296657 6.5534835
14 3.6975079 1.9703703
24 3.3565285 4.772122
9 3.3640914 4.877742
27 3.394636 6.2650905
0 3.336918 4.75527
29 7.0461946 -3.160222
