30 2
21 3.2848315 4.9166574
23 6.967203 -2.9036243
22 3.653437 1.7368176
16 3.6586728 1.9371061
15 3.7889907 1.661246
13 5.4205503 -1.1861334
11 3.1714067 5.943695
28 5.9751945 -2.0028887
14 3.68738 1.9917536
1 3.1136496 5.4610972
8 6.166073 -2.0830812
17 3.8692355 1.5355376
4 3.8175046 1.3736277
12 3.3700776 6.534015
7 3.508638 2.3678608
18 3.767306 1.4939698
19 5.632471 -1.4883428
5 6.5084224 -2.428136
10 5.3876595 -1.2180152
27 3.2928839 6.2762074
29 7.004603 -2.9386299
2 3.4405093 6.709262
3 3.196017 4.6042585
25 6.202024 -2.1047237
6 6.3978486 -2.5030396
20 3.9310212 0.9498929
9 3.2405355 4.8537745
26 3.5020518 2.319513
0 3.2092817 4.690368
24 3.2039394 4.8994555
