30 2
7 4.257164 3.0672708
14 -2.0168202 6.159281
29 4.862868 3.0756488
3 1.710265 3.8929222
2 -1.583321 5.925953
1 5.8428597 2.9326403
24 2.020015 3.9509213
23 -2.2972822 6.4088397
4 -1.744125 5.778386
5 1.9905367 3.7361443
25 5.608271 2.9407444
6 5.2775054 2.831878
18 -0.8680234 5.1142907
11 1.3649137 4.0433364
20 -1.0946136 5.4131207
10 4.584783 3.1003497
15 5.9987764 2.8766773
8 -1.0742964 5.3165646
19 -2.267392 6.3895326
26 5.410567 2.8482344
12 5.4117055 2.9143007
21 2.7487133 3.6106381
0 1.1632116 4.083545
16 1.3629919 4.204085
22 4.44672 3.0061288
28 -1.3362327 5.4384565
13 2.704858 3.5724294
17 -1.4535033 5.7168484
27 2.2754552 3.6334136
9 1.356011 4.242016
