30 2
7 4.3889484 3.098018
1 5.7530785 3.0566797
14 -2.1520593 6.1827483
29 4.751945 3.1115296
3 1.6133653 3.9459205
11 1.3385017 4.0784764
5 1.9334846 3.7268057
21 2.6460915 3.6439369
2 -1.8005515 5.840993
15 5.9258685 3.0254571
4 -1.8536313 5.8652744
20 -1.2036579 5.3485336
22 4.4196563 3.0961661
19 -2.4397333 6.379149
24 1.9421774 3.8681264
25 5.364108 3.0649786
17 -1.5503423 5.620756
0 0.9751815 4.109112
12 5.4517684 3.068944
23 -2.2533183 6.2842116
28 -1.3815593 5.4731083
6 5.260866 2.9553308
9 1.175623 4.155832
27 2.0917158 3.7068195
18 -1.0752747 5.082708
16 1.2558032 4.1776195
8 -1.2373422 5.3711987
26 5.4496717 2.9398344
13 2.5528326 3.5956163
10 4.552512 3.1333277
