30 2
21 3.0261664 5.051514
1 2.9597068 5.598636
25 6.3028636 -1.8399653
7 3.4154499 2.493834
8 6.4536314 -2.0121632
22 3.6190686 1.8927395
15 3.8913262 1.6234264
4 3.8354568 1.4042834
13 5.5315795 -0.9990018
16 3.6547468 2.017358
0 2.9528315 4.815497
17 3.8385062 1.6838787
18 3.7167656 1.582207
12 2.9570503 6.6254845
28 6.1687202 -1.7835443
14 3.5857742 2.2757907
10 5.433904 -0.9547696
11 2.9203527 6.2793016
19 5.495034 -1.0676284
23 7.177537 -2.6009095
6 6.3962626 -2.0451708
3 3.0609846 4.6379313
9 2.948564 5.1544714
26 3.3937614 2.4802384
5 6.6017213 -2.1913888
27 2.914512 6.322536
24 2.9483757 4.919529
29 7.145013 -2.5355985
20 4.0140047 1.0794768
2 3.039775 6.913128
