30 2
7 3.7804358 3.7699249
14 -3.0871673 5.585972
29 3.916385 3.9720092
3 1.1058078 4.172111
4 -2.763018 5.3879104
5 1.1867503 4.009008
2 -2.6064684 5.634261
11 0.80841726 4.1937647
24 1.4792743 4.175239
10 3.8875837 3.8468127
22 3.8645139 3.7638154
23 -3.2661054 5.7820883
12 4.7120614 3.8160365
18 -1.9894317 5.0125146
1 5.2437696 3.964866
0 0.35116905 4.256954
26 5.071785 3.7423854
6 4.9114532 3.8070614
21 2.050207 4.126034
20 -2.1652524 5.0582385
15 5.0585823 3.935418
8 -2.00998 4.9633923
16 0.46597865 4.3787766
9 0.47986764 4.3366947
25 4.9341574 3.9447193
19 -3.4329894 5.8423014
28 -2.457384 5.193251
17 -2.4857988 5.3246374
13 2.2536383 3.9623406
27 1.3018724 4.0785384
