30 2
22 3.707513 1.6967001
15 3.8693662 1.5720419
21 3.1487703 4.856509
7 3.4895947 2.4111316
16 3.7123766 1.8036839
10 5.3976355 -1.0752861
17 3.8035908 1.7293093
4 3.8288026 1.4316494
26 3.4056616 2.7260983
8 6.302563 -1.9645864
25 6.316281 -2.026907
19 5.7012515 -1.5190381
1 3.0236735 5.506856
13 5.4083676 -1.1381788
28 6.064862 -1.8857181
20 4.004371 1.0126386
27 3.03378 6.2345905
14 3.5574389 2.2381759
0 3.00056 4.7814755
23 7.0135117 -2.749605
3 3.129383 4.6787214
29 7.1651363 -2.8438604
6 6.3862157 -2.223094
11 3.0862987 6.1448655
12 3.1080532 6.651868
18 3.7658386 1.5907242
2 3.2599778 6.8245635
24 3.1532729 4.8866787
5 6.4367895 -2.195019
9 3.0282164 4.9805803
