30 2
22 3.7483466 1.6104194
16 3.7702615 1.89472
1 3.310693 5.3577013
21 3.3327556 4.7390294
28 6.0583544 -2.2689836
10 5.3064785 -1.386906
17 3.9430196 1.4611624
4 3.9973743 1.1119348
19 5.4345913 -1.50038
20 4.033921 0.97959656
13 5.5443077 -1.5855881
15 3.9295115 1.5276076
14 3.709212 2.1235878
7 3.5420508 2.3008628
26 3.5228028 2.3950126
8 6.1122675 -2.2376654
11 3.4561186 5.935043
6 6.386955 -2.5807755
3 3.3247864 4.6007533
23 6.967172 -3.1216567
25 6.1179757 -2.3410814
27 3.3789225 6.1945972
2 3.4898803 6.5676084
0 3.2633781 4.629067
24 3.298729 4.836498
5 6.470708 -2.5622652
18 3.801237 1.3409543
29 6.9849753 -3.1156912
9 3.2866366 4.984955
12 3.429712 6.5164733
