30 2
29 4.3060308 3.6297295
7 3.9763682 3.594318
24 1.4619334 4.0542436
3 1.4984152 4.005719
4 -2.4080524 5.6465616
2 -2.3420482 5.758389
14 -2.6641808 5.8294306
5 1.5131848 3.952463
1 5.609029 3.6063676
10 4.1855164 3.5625484
28 -1.8584392 5.2512155
25 5.0859528 3.5816314
0 0.60770077 4.262718
11 1.1544789 4.1416416
6 4.888944 3.4252594
12 5.0370626 3.675347
21 2.2758143 3.8675368
20 -1.8466054 5.24301
26 5.2187486 3.4496162
18 -1.737818 5.136894
23 -2.824378 5.8541255
8 -1.8199724 5.142542
27 1.6788568 3.94918
19 -3.1525266 6.1446247
22 4.1918263 3.5145116
9 0.6842565 4.274454
15 5.5695453 3.556081
13 2.372323 3.7630963
16 0.66360927 4.328927
17 -2.1507475 5.532367
