30 2
1 2.7939987 5.631057
16 3.5606127 2.094563
8 6.3950367 -1.6505674
0 2.860289 5.1302934
10 5.42245 -0.771199
22 3.5380714 2.0111637
25 6.449875 -1.7141116
7 3.3698983 2.5239015
26 3.392585 2.5684505
21 2.8633053 5.130287
19 5.677247 -1.1399391
4 3.8358366 1.5044029
13 5.5957365 -1.0362678
14 3.535778 2.1428807
2 2.9402099 7.0227866
20 3.982046 1.1595747
12 2.9004643 6.780577
11 2.7764869 6.203487
28 6.197352 -1.5950141
27 2.837067 6.4906645
23 7.030759 -2.3404698
17 3.6596723 1.8953538
3 2.8707922 4.649105
24 2.8631556 5.079348
6 6.4693685 -1.8901416
18 3.6279156 1.6622313
29 7.2309294 -2.3988886
9 2.846613 5.105197
15 3.7775862 1.8050811
5 6.675104 -1.9778973
