30 2
15 3.8471649 1.348376
1 3.6623409 5.1372943
10 5.28074 -1.725671
25 6.124405 -2.7537746
21 3.663828 4.4642467
7 3.7015238 2.066802
14 3.713262 1.9339929
6 6.1590786 -2.8594463
16 3.8364317 1.7967703
23 6.7086253 -3.4370325
28 6.0108237 -2.7304783
26 3.596061 2.246661
22 3.7789266 1.5672729
8 6.059034 -2.6723225
19 5.5157685 -2.0570235
17 3.9148633 1.3125658
11 3.7481208 5.7449155
3 3.5633302 4.2565503
29 6.808066 -3.7161307
9 3.6959476 4.5314007
4 3.9653213 0.8317213
27 3.8186152 6.0146694
20 4.021661 0.6339781
12 3.9100296 6.2064815
13 5.295508 -1.8134995
18 3.873249 1.1195548
5 6.2151246 -2.983667
0 3.632694 4.551628
2 3.8750083 6.241925
24 3.6611795 4.769658
