30 2
29 4.300263 3.6330528
7 3.958274 3.5497594
3 1.3927796 4.0223703
2 -2.4061067 5.7436314
4 -2.3700092 5.589711
18 -1.6291116 5.0968385
14 -2.5449927 5.7587767
0 0.62957984 4.228353
5 1.4924039 3.924227
6 4.864673 3.491809
21 2.2496676 3.9174647
26 5.24456 3.426969
10 4.251954 3.597902
24 1.2790289 4.041771
1 5.537708 3.636008
15 5.519078 3.6472025
23 -2.8769047 5.8935566
22 4.1710663 3.5507216
20 -1.9033961 5.21026
11 1.0940126 4.126241
27 1.666188 4.0170956
25 4.997592 3.5517633
28 -1.9157748 5.2561226
19 -3.1520069 6.078191
17 -2.1745207 5.452759
16 0.5974989 4.346234
8 -1.9331722 5.147766
13 2.2619753 3.7997181
12 4.96941 3.6354082
9 0.6046732 4.357703
