30 2
21 3.1689622 4.8743386
8 6.246387 -2.0285583
6 6.3713565 -2.2195942
25 6.277547 -2.0658746
23 7.031889 -2.7526348
28 6.0640883 -1.9166628
16 3.7009628 1.8543295
19 5.7086296 -1.5695807
1 3.0651784 5.458263
10 5.412354 -1.0907104
12 3.1227086 6.6497912
14 3.560876 2.2648833
11 3.07662 6.1088166
4 3.8132882 1.4597586
20 3.9943423 1.0221071
7 3.5312977 2.4125352
3 3.1151185 4.643339
22 3.716377 1.7371464
2 3.2404387 6.8600383
26 3.4081545 2.739473
13 5.385018 -1.168078
27 3.1452198 6.2390685
15 3.8767507 1.5419697
0 3.017902 4.749477
17 3.8195431 1.7756658
24 3.119309 4.910642
9 3.039364 4.922609
29 7.2192483 -2.825818
5 6.47513 -2.1576686
18 3.7829354 1.564521
