30 2
7 4.2338076 3.1662793
4 -1.9060661 5.7909284
2 -1.8039408 5.8786836
18 -1.0702988 5.138684
3 1.5993564 3.9288917
5 1.7645396 3.8235607
0 0.99677134 4.170766
14 -2.1308606 6.0457673
29 4.8658304 3.2029579
25 5.37079 3.052599
10 4.413577 3.2409933
23 -2.4115472 6.3144298
20 -1.2279376 5.372234
27 2.1673584 3.7362158
24 1.8740994 3.9291968
1 5.717932 3.0374022
16 1.2747184 4.198377
15 5.943818 3.0717027
11 1.4010526 4.0819197
28 -1.5685196 5.4495535
6 5.2558227 2.9574208
8 -1.1878395 5.242015
22 4.3406215 3.1841516
12 5.359508 3.088533
19 -2.4953105 6.422094
26 5.410771 2.9321444
21 2.6568673 3.665657
13 2.515766 3.6442857
9 1.0823247 4.1776915
17 -1.5552562 5.598257
