30 2
1 3.0138433 5.553799
21 3.0589983 5.093353
7 3.3958962 2.458007
16 3.754959 1.872834
22 3.6126683 1.9042456
13 5.454088 -1.184536
19 5.5638885 -1.174122
15 3.8275318 1.5311402
25 6.3139753 -1.8761151
14 3.4929266 2.232041
3 3.0983062 4.5808663
4 3.835168 1.4161309
10 5.4751034 -1.1364369
17 3.791497 1.6718612
28 6.082521 -1.8415966
11 2.9983094 6.167441
6 6.4116344 -2.0772765
27 3.0671196 6.3924394
20 4.051444 0.9410884
23 7.073429 -2.701371
0 3.0985053 4.6743274
8 6.367983 -2.032357
29 7.114594 -2.6965756
26 3.4197302 2.5981627
12 3.060129 6.5680065
18 3.6971722 1.5492984
2 3.1182203 6.8749986
5 6.4744115 -2.1999888
9 3.1034083 5.097313
24 3.0513368 4.9693274
