300 2
12 -1.970324 0.95298517
117 -1.944638 0.9738446
170 -1.9679669 0.90006983
241 -2.0535545 0.7659477
198 -3.0989513 -1.2311127
6 -2.1438699 0.4429649
222 -3.7418597 -1.8212258
291 -1.9926655 1.0222754
27 -3.6201856 -1.7967898
66 -1.4875367 4.0905538
190 -2.005674 0.8674477
151 -1.9973515 0.7519157
139 -3.674554 -1.8096615
238 -1.4711542 3.5617535
195 -1.5188476 3.678595
25 -3.557083 -1.6994332
259 -3.2426283 -1.3349229
111 -3.4238234 -1.595107
168 -3.6868107 -1.8450065
265 -1.5114838 3.478391
149 -1.9947618 0.8416651
52 -2.0561364 0.76357687
298 -1.8965048 1.1551759
126 -1.9874667 0.9416989
213 -2.080008 0.7103384
203 -3.5391634 -1.6879127
0 -1.5086299 3.4677262
4 -1.460313 3.6679847
189 -1.4846349 3.3472393
93 -1.4725313 3.4713824
103 -1.5698047 3.8516269
45 -1.4367077 3.4150913
140 -2.0719619 0.67546403
232 -3.5412865 -1.6843075
226 -1.4356772 4.030363
16 -3.7568686 -1.8285366
20 -1.4697409 3.3929873
41 -1.5177326 4.166002
43 -2.0073726 0.822005
160 -3.4304097 -1.5790888
296 -3.7741773 -1.9156352
240 -2.126376 0.51170313
107 -2.0713181 0.73766047
15 -1.9367205 0.9464745
247 -1.5191884 3.4890866
30 -1.4550613 3.4783993
83 -2.0399086 0.9256198
115 -1.5535996 4.048882
87 -2.042844 0.7491227
278 -1.4845057 3.4848537
186 -2.0459602 0.85799
293 -2.0832794 0.7033303
255 -1.9956284 1.0033618
124 -1.5665017 4.1990933
39 -2.1519532 0.5040833
294 -3.426237 -1.6075073
252 -2.1153557 0.602767
75 -3.522894 -1.6626903
79 -3.7675254 -1.8902013
258 -2.0558708 0.7005548
132 -1.4233762 3.5157087
128 -2.080767 0.67819256
251 -1.513736 3.6846068
29 -3.5439014 -1.6429745
100 -1.5426638 3.9084768
62 -3.500585 -1.6877986
63 -1.9746097 0.896855
82 -3.5614507 -1.6556067
181 -3.411378 -1.503566
133 -3.3523767 -1.5159866
187 -3.4922097 -1.6303179
161 -2.059665 0.8047185
288 -3.625942 -1.6579438
84 -1.4749751 3.7756596
56 -2.0692446 0.6961786
239 -1.4949893 3.4577074
228 -1.9044162 1.0499904
54 -3.7166247 -1.7986301
95 -3.9773152 -2.1209304
89 -1.9399285 0.9531872
127 -2.046324 0.7325576
108 -2.0132906 0.82909805
191 -1.527669 3.8350494
237 -1.5175617 3.4895222
230 -1.4391387 3.3140907
13 -2.0111225 0.889009
19 -1.5700094 3.4097483
99 -1.5572917 3.7067728
205 -1.5145334 3.2132711
22 -1.4965179 3.520849
33 -1.9613808 0.9476547
210 -1.4867146 3.3115728
282 -2.161563 0.51695114
85 -3.6859732 -1.9125721
182 -3.5751941 -1.6649354
267 -3.1445708 -1.2458729
184 -3.5820456 -1.6535088
96 -1.5378206 3.8547752
116 -1.5055469 3.5627458
243 -2.1251254 0.5270668
231 -1.8459338 1.2296613
3 -1.544855 4.023408
8 -2.0644884 0.7367213
180 -2.1839883 0.5264492
73 -2.0243692 0.73293215
114 -2.1747162 0.33453527
276 -2.0974672 0.6275451
137 -1.4450208 3.6195798
225 -1.5484486 3.605433
242 -1.9181893 1.0041193
271 -1.5132818 3.7086744
204 -3.5474494 -1.6994367
209 -3.2256835 -1.3546824
21 -1.540704 3.6195743
48 -3.6166804 -1.8450428
42 -1.5188348 3.81467
270 -3.5644386 -1.681277
49 -1.9836024 0.75231403
59 -3.5762424 -1.7150393
67 -1.536665 3.558979
224 -3.8634357 -1.9521252
227 -1.506326 3.958089
197 -1.5476831 3.7900946
266 -2.060716 0.78419816
2 -3.4769053 -1.5375323
121 -2.0542257 0.6863441
208 -3.5687675 -1.6799437
55 -2.0898728 0.5439643
250 -3.551331 -1.7376938
77 -1.5705146 3.2246776
101 -1.9696059 0.971883
156 -1.5323353 3.3468628
244 -2.1409569 0.61453897
110 -3.027214 -1.1028444
176 -1.508815 3.1778307
162 -1.9090934 1.1183642
153 -3.3912663 -1.5566572
188 -2.1236327 0.63151443
163 -2.1082687 0.63585687
155 -3.7083716 -1.8841
199 -2.0407195 0.8780145
229 -1.9090353 1.1546652
92 -1.6253239 4.3131003
71 -2.0404491 0.733623
7 -1.4937072 3.1170123
11 -2.1833498 0.4100438
88 -1.4657041 3.5326664
36 -1.542302 3.422348
69 -1.496864 3.3774762
72 -3.2414403 -1.3925908
254 -3.7591386 -1.8823692
142 -1.5210663 4.04908
74 -3.1901612 -1.3383569
166 -1.5605174 3.6860316
91 -1.9729444 1.107638
174 -2.105689 0.5499079
130 -1.5471237 3.5979607
165 -3.4480307 -1.6103948
264 -3.9608665 -2.0998173
262 -2.0692801 0.7090051
57 -2.073477 0.51995283
10 -1.5502445 3.877407
192 -3.5108159 -1.6463594
131 -3.2670896 -1.3844953
50 -3.0697207 -1.1704849
236 -1.487942 3.2889776
86 -3.6018164 -1.7186152
129 -2.0864773 0.7867317
141 -3.5072424 -1.6075333
147 -2.1217809 0.6240885
206 -3.4002035 -1.4721944
218 -1.95344 0.9443963
235 -1.5537627 4.0884447
284 -3.3240364 -1.4710559
234 -1.9560816 0.99351734
118 -1.5167639 3.9457235
64 -3.55314 -1.648945
47 -1.5053234 3.3521714
295 -3.5424767 -1.7048178
61 -2.1493764 0.50529677
211 -2.044713 0.7585259
289 -3.7259898 -1.7999663
299 -1.547302 3.5618913
246 -1.4595566 3.505303
97 -2.2005599 0.3800015
113 -2.0515065 0.83863103
177 -2.0405579 0.9355535
207 -1.55228 3.7034738
215 -1.4827269 3.4376206
292 -3.4975762 -1.6120961
150 -2.196334 0.41455802
78 -1.4889678 3.4518666
44 -3.2685254 -1.4363118
297 -1.4833759 3.7010188
152 -3.5436113 -1.680745
157 -3.5351336 -1.5950576
275 -2.1591353 0.5711135
135 -3.5836241 -1.7008102
290 -1.4777024 3.4302042
248 -3.7528384 -1.7814263
194 -1.9465395 1.0315416
1 -3.6538298 -1.8001187
219 -3.6177902 -1.8308167
68 -1.5538753 3.5118182
256 -2.1694078 0.55019933
272 -1.4958557 3.3766627
120 -3.369305 -1.4615971
119 -1.4945996 3.5257716
274 -1.9043134 1.0986408
38 -1.5229591 3.3236542
90 -3.4548695 -1.5570385
53 -1.4624591 3.4223485
253 -1.9248153 1.077936
98 -3.3516102 -1.5665153
105 -3.0403452 -1.1055402
122 -1.5240477 3.709677
172 -3.638484 -1.7340928
178 -3.4196553 -1.5920086
277 -2.0186136 0.84576476
9 -2.1289537 0.43901882
143 -1.4839371 3.5300782
32 -3.3234093 -1.4190208
35 -2.1240575 0.59008497
279 -2.002451 0.7892445
269 -3.011774 -1.1769313
260 -3.6144912 -1.7016305
145 -3.4888685 -1.7203661
183 -2.055545 0.75221115
175 -1.993417 0.8109277
245 -3.6276052 -1.7060293
23 -2.0682411 0.7691598
94 -1.9824914 0.9431436
148 -3.5879357 -1.7169968
201 -1.9697372 0.9576316
221 -3.782111 -1.8074886
263 -2.0203571 0.74542385
58 -3.8002954 -1.9269303
65 -3.584632 -1.7588336
167 -1.4815096 3.2660978
214 -2.0359194 0.7480302
14 -3.3419688 -1.3940485
185 -3.7663352 -1.821785
34 -1.9814038 0.96346384
136 -3.7973561 -1.9474128
123 -1.4849746 3.5215793
144 -1.5298908 3.4740279
154 -3.6908212 -1.8012127
159 -1.4542185 3.40575
273 -3.4438279 -1.5327711
5 -1.8815287 1.0774117
171 -2.054841 0.69423044
40 -3.5269163 -1.6720284
46 -1.4852171 4.183816
51 -3.2765753 -1.3326316
60 -2.0940912 0.77940375
102 -1.9638026 0.984733
81 -1.4768451 3.542448
125 -1.5364215 3.5753229
164 -4.084218 -2.1668282
285 -1.5361209 3.9575005
169 -1.4452709 3.3879595
193 -3.5541716 -1.6552161
196 -1.4444984 3.85513
261 -4.0022707 -2.1976757
28 -3.640622 -1.8340774
37 -3.5021937 -1.7282969
173 -2.0102184 0.8539927
70 -1.5685264 3.3975818
179 -1.4854512 3.6937287
134 -2.019393 0.8103993
104 -2.034044 0.7638042
281 -1.9541466 0.857881
268 -1.5465639 3.9873977
287 -3.9541433 -2.0685406
17 -1.4879158 4.0030713
26 -1.5465207 3.3842742
31 -1.4525235 3.3925385
146 -3.8606043 -1.9219208
280 -2.0869358 0.73588103
80 -1.4323338 3.5563784
158 -1.5156348 3.7607362
18 -1.9164317 1.0575227
109 -4.044917 -2.2576354
257 -1.4769883 4.0795236
233 -2.1655223 0.58081234
76 -1.515942 4.028624
283 -1.4873143 3.9178655
106 -1.4413111 3.2613387
112 -3.6637282 -1.7368158
212 -1.5288246 3.7453487
217 -1.5239125 3.6606743
249 -3.7554286 -1.8720678
24 -1.4376607 3.5897253
200 -1.5392108 4.202032
223 -3.8190143 -1.9880568
220 -3.6547194 -1.738063
138 -1.4850036 3.4996874
286 -1.469027 3.8402152
216 -3.487199 -1.6497368
202 -4.093934 -2.1805913
