51 2
32 -3.8960962 -1.5431157
30 -1.2561764 -4.2024426
26 -1.203517 -4.5158424
39 -5.6870303 -0.7316857
35 -4.896686 -0.9947882
1 -1.2604356 -4.252165
29 -1.0597703 -4.5708356
28 -5.1217694 -1.0245104
9 -1.134699 -4.34762
16 -1.2004777 -4.178783
33 -1.3492315 -4.3465066
0 -2.2711825 -3.226702
47 -1.0750465 -4.568022
27 -1.3025962 -4.356318
19 -5.232212 -1.0335188
37 -1.6800067 -3.939079
31 -1.2413124 -4.263034
13 -4.423384 -1.1855108
36 -4.958231 -0.9150664
23 -5.4650636 -0.82013994
44 -1.313827 -4.274989
49 -5.281173 -0.862476
15 -4.954335 -0.8871016
22 -1.4377857 -4.0199785
45 -1.4076071 -3.8845105
4 -5.077222 -0.83071977
24 -5.4205375 -0.8396519
21 -1.404999 -4.0139546
11 -4.7541437 -0.845727
34 -1.4544708 -4.152084
18 -1.4954095 -3.9582748
46 -1.2442007 -4.289159
20 -1.4281421 -4.1480494
43 -1.2779287 -4.0706935
14 -4.9286556 -0.845817
41 -1.3963209 -4.2509885
38 -1.4572238 -4.0419006
50 -5.3422885 -0.75026274
48 -1.2509815 -4.4949765
3 -1.478944 -3.929355
6 -4.8093505 -0.89393973
8 -1.4880995 -3.9043252
10 -4.549152 -1.0062402
12 -4.747319 -0.8123097
17 -1.3620417 -4.2207723
42 -1.4092941 -4.1503043
5 -1.3628294 -4.0269594
40 -1.2693181 -4.1804004
7 -1.4298955 -4.0072393
25 -4.128016 -1.4869876
2 -4.5901766 -0.9095863
