30 2
7 4.2972574 3.0215693
5 2.1263268 3.665964
29 4.8388324 3.0342357
2 -1.510359 5.8545127
14 -1.9849962 6.148873
20 -0.9783941 5.3081856
1 5.8620872 2.8014596
3 1.802685 3.9646251
23 -2.3046381 6.4427614
25 5.650348 2.8461456
6 5.370344 2.793861
4 -1.6013473 5.8340073
18 -0.7853149 5.105449
17 -1.4575137 5.7875676
28 -1.2036842 5.4994307
10 4.5514183 2.986253
24 1.9685351 3.7788348
22 4.4405475 2.9374394
21 2.732235 3.5767388
0 1.1749372 4.0913954
11 1.3656977 4.0224857
16 1.3867267 4.167428
19 -2.2103682 6.429594
26 5.5044293 2.771139
8 -1.107512 5.383145
12 5.4892573 2.9093509
13 2.7499328 3.5784338
27 2.3097773 3.650181
15 6.068727 2.863958
9 1.3265693 4.166453
