30 2
14 -1.8422645 6.1493797
18 -0.7910256 5.2423115
29 4.8829236 3.0440202
7 4.451614 2.897919
2 -1.4424794 5.899623
3 1.8561388 3.8635669
20 -0.94536984 5.362687
1 5.882693 2.810322
10 4.630798 3.0111086
25 5.642508 2.8154256
21 2.869267 3.5591235
5 2.1640153 3.5603042
4 -1.603917 5.846056
6 5.375896 2.734898
24 1.9399732 3.783139
0 1.196941 4.0405183
23 -2.048547 6.4033628
11 1.567568 4.0449796
26 5.581517 2.732178
19 -2.1990464 6.3771243
22 4.395732 2.934552
12 5.5231614 2.8159587
9 1.2776566 4.1614766
8 -1.0799012 5.4533563
16 1.3815795 4.0768037
17 -1.3839346 5.720979
27 2.3288684 3.6735842
15 5.9974356 2.8471003
28 -1.1884696 5.476313
13 2.9310844 3.510583
