30 2
7 3.8414884 3.607668
3 1.432023 4.005767
15 5.452175 3.668308
29 4.3362436 3.7108827
20 -1.7872179 5.1610336
5 1.3883885 3.9358914
4 -2.4770436 5.59025
2 -2.4550045 5.7102003
24 1.3423653 3.9989755
1 5.4090447 3.671872
21 2.125861 3.9617555
14 -2.5912616 5.6946936
18 -1.6655563 4.9809127
8 -1.8036205 5.1117744
10 4.30934 3.631172
23 -3.0116267 5.9273486
27 1.644621 3.9633381
17 -2.222157 5.453934
22 4.115226 3.6060483
11 1.0012815 4.1844215
0 0.59782356 4.172652
6 4.90919 3.5113463
26 5.131921 3.5295122
25 4.967208 3.6600924
12 4.8936796 3.6770914
19 -3.135247 6.0445514
28 -1.9899039 5.2453384
9 0.5373598 4.3175154
16 0.5514582 4.266329
13 2.2891092 3.8719463
