30 2
7 3.8167884 1.915687
10 5.262233 -1.9941723
4 3.977925 0.7662737
21 3.8776546 4.501031
8 5.8516684 -2.9463832
1 3.8678255 4.9561353
19 5.3492537 -2.0684817
3 3.7504165 4.172695
16 3.8577747 1.4183738
26 3.7406588 2.0462315
25 5.9489307 -2.9025252
12 4.114934 6.131995
14 3.8765697 1.7353444
22 3.844411 1.3292074
28 5.781898 -2.7969372
18 3.869285 1.0041008
15 3.9198725 1.1425774
23 6.5331335 -3.7681737
17 3.9198818 1.2499205
0 3.6941934 4.1913857
13 5.307662 -2.0048883
11 3.956396 5.526401
6 6.109006 -3.0223684
27 4.01649 5.7571716
29 6.618501 -3.67408
24 3.808183 4.443787
2 4.143189 6.0300813
5 6.135895 -3.2886732
9 3.8468943 4.4710264
20 4.0488567 0.58221656
