30 2
29 4.766062 3.0301363
7 4.34807 2.9821343
3 1.8090928 3.9284136
5 2.1919339 3.5835242
2 -1.5204892 5.8627167
14 -1.9221052 6.184197
6 5.373476 2.8018968
20 -0.912384 5.2588243
4 -1.6071707 5.8989553
10 4.5476804 3.008111
24 1.9275861 3.793994
26 5.550889 2.7869368
21 2.8108919 3.602872
18 -0.82940793 5.1823716
25 5.6584544 2.7578838
27 2.313567 3.6659489
0 1.1577134 4.0841994
11 1.4461054 4.0118957
16 1.3646337 4.212234
1 5.8476863 2.8579059
15 6.0855064 2.768726
12 5.497132 2.8568034
8 -1.0992103 5.409307
23 -2.2049463 6.420651
22 4.457012 2.9622536
9 1.3499744 4.1464477
19 -2.1813717 6.3783
28 -1.241945 5.504992
17 -1.4350928 5.7458773
13 2.884968 3.556322
