300 2
295 -3.508214 -1.3624868
157 -3.499638 -1.3641897
291 -1.843024 1.1957707
55 -2.0400178 0.8218897
86 -3.3333614 -1.1926199
78 -1.2258573 4.092657
18 -1.8968599 1.1333777
105 -3.1016822 -0.91580015
35 -2.1199048 0.6853064
130 -1.283785 3.7138317
11 -1.948857 0.89198333
255 -1.9761835 0.98383707
15 -1.9409535 1.0148392
284 -3.6202636 -1.4669478
81 -1.3220017 3.9886699
82 -3.4792018 -1.3328032
256 -2.0626683 0.6914144
162 -1.8214974 1.2117023
282 -2.006307 0.90148944
275 -2.0472078 0.8426041
23 -2.0163882 0.9589439
72 -3.3123322 -1.1575831
206 -3.6934063 -1.5676275
209 -3.448156 -1.3565044
233 -2.0086715 0.88685495
183 -2.0374281 0.876613
189 -1.2805778 3.5015235
156 -1.2220768 3.4827952
224 -3.8225465 -1.6083282
253 -2.0260203 0.82455534
77 -1.2379012 3.3594115
6 -2.1139379 0.68715787
216 -3.6112702 -1.5205745
28 -3.648907 -1.4663085
229 -1.8281174 1.4414271
158 -1.2813962 3.6525633
296 -3.7444608 -1.557878
141 -3.7469652 -1.5234257
211 -2.0712051 0.7830988
273 -3.530405 -1.3475344
8 -1.8335825 1.0713468
9 -2.1213276 0.7557435
13 -2.0462694 0.90696687
75 -3.318314 -1.1806989
59 -3.595827 -1.400291
42 -1.2472192 3.9658966
170 -1.9280196 0.95462984
121 -2.080884 0.6574854
186 -1.9944899 0.9761476
251 -1.2456914 4.1335473
298 -1.903442 1.1393735
237 -1.3015248 3.3040981
277 -1.8724223 1.238744
204 -3.5288358 -1.3638828
111 -3.7537742 -1.5153781
113 -1.9691436 0.9172458
231 -1.8499604 1.1299663
2 -3.4267802 -1.3888707
244 -2.0438788 0.81328464
79 -3.8618681 -1.7285527
87 -1.9894055 0.904907
210 -1.2722638 3.7618566
43 -1.857429 1.2082484
223 -4.1715527 -2.0367098
131 -3.4956534 -1.3485413
276 -1.9338475 0.87069947
164 -3.8928058 -1.6950142
174 -2.1739857 0.548503
269 -3.2710712 -1.0026035
138 -1.2839217 3.620243
33 -1.8185663 1.1702001
152 -3.696213 -1.5942842
40 -3.6026375 -1.4369859
54 -3.7204132 -1.5157154
263 -1.892245 1.0943793
108 -2.0228164 0.8695798
123 -1.3039933 4.012373
242 -1.9620607 0.97025836
293 -2.080832 0.7755076
41 -1.2241342 3.8328552
195 -1.3156539 3.4295325
146 -3.9311342 -1.7674255
252 -2.0991452 0.71525097
213 -2.0840068 0.69011533
228 -1.9963077 0.99679065
287 -3.7783184 -1.5630795
128 -1.9709313 0.8582442
208 -3.7347965 -1.4505837
180 -1.9809018 0.8083571
103 -1.1977974 3.898192
67 -1.3629433 3.894549
266 -1.9758809 0.9585711
29 -3.5314267 -1.344737
73 -1.9693207 1.0227504
140 -2.007277 0.884348
124 -1.2364303 4.2286706
66 -1.280611 3.6098926
205 -1.3224669 3.6137297
102 -1.9956912 0.8707583
258 -1.9620444 0.9589632
117 -1.8669891 1.026662
160 -3.7714586 -1.6213425
167 -1.2940205 3.7929842
207 -1.2713941 4.076745
234 -1.9711677 0.89367306
10 -1.1958811 4.1098676
248 -3.8299766 -1.6409781
16 -3.899673 -1.6170563
96 -1.2668006 3.9376955
172 -3.9469795 -1.7102507
83 -2.0094292 0.86025137
196 -1.2757262 3.6348991
270 -3.8317292 -1.6023866
70 -1.3282815 3.7780488
240 -2.1377463 0.63641703
197 -1.2836666 3.8867517
147 -2.0063572 0.94478273
127 -1.9300869 0.9213623
219 -3.4797494 -1.3149927
260 -4.1102147 -1.8151895
143 -1.2392112 3.6572735
278 -1.285415 3.9176924
299 -1.3853455 3.6067948
178 -3.3608556 -1.2516012
5 -1.8536578 1.2149757
101 -2.060309 0.77070737
14 -3.5601068 -1.364508
166 -1.2879982 4.07043
192 -3.7612758 -1.6038914
135 -3.584245 -1.5505323
34 -1.995914 0.9346242
48 -4.0142956 -1.9052488
44 -3.1876082 -1.0771104
122 -1.2671437 4.108391
254 -3.7591794 -1.6783893
88 -1.2943289 3.645569
129 -2.0356882 0.8591658
63 -2.0111206 0.809595
169 -1.252678 3.8465884
191 -1.309813 3.8364193
84 -1.2462152 3.7571354
89 -1.9055886 1.0538797
262 -1.9980443 0.93892497
149 -1.9133784 1.0076544
132 -1.2602606 3.5487306
215 -1.2667997 3.826926
182 -3.662086 -1.5175748
294 -3.8252497 -1.5680513
241 -1.9372817 0.9845301
227 -1.2523383 3.6445394
238 -1.3270593 3.6492865
80 -1.3050323 3.6332998
76 -1.1857392 3.8665173
193 -3.7899723 -1.6323081
45 -1.2703272 3.3418317
292 -3.6660936 -1.4432575
85 -3.6263735 -1.4221787
247 -1.2753367 3.2879505
194 -2.017597 0.8381276
221 -3.738041 -1.5316602
243 -1.9626863 0.97386193
51 -3.7637897 -1.6170557
297 -1.2676662 3.6930726
92 -1.2039847 4.2611647
100 -1.2738936 3.9253178
12 -1.9532076 1.0782465
19 -1.2516633 3.5694892
116 -1.3081081 3.6167395
22 -1.262578 3.6686962
38 -1.3061472 3.6881883
175 -1.9682218 1.0666252
58 -3.9317374 -1.7445933
120 -3.6610045 -1.4370127
64 -3.3111517 -1.1542665
94 -2.0252573 0.85109526
181 -3.6104903 -1.407613
98 -3.4256682 -1.2819434
274 -1.9461366 1.0521832
217 -1.2439687 3.6496055
125 -1.2757682 3.5760098
286 -1.2195009 3.9394708
218 -1.8931695 1.0664822
56 -1.8166395 1.2329531
97 -2.172751 0.507579
230 -1.2241833 3.6449084
201 -2.0363905 0.7114572
154 -3.8069115 -1.5954602
212 -1.362295 3.3674257
264 -3.9659345 -1.813823
261 -3.6689763 -1.530434
153 -3.6609197 -1.4153302
20 -1.3187909 3.7185452
25 -3.6115062 -1.4564742
30 -1.2805043 4.032358
236 -1.2278268 3.4079938
32 -3.7980657 -1.5918818
289 -3.701307 -1.5723194
288 -3.6342533 -1.5304879
279 -2.0103278 0.9153547
187 -3.66983 -1.5366416
134 -1.9302716 0.97112757
176 -1.3423889 3.563793
168 -3.8564389 -1.670127
151 -2.043934 0.79495376
220 -3.6678033 -1.511847
173 -2.0125484 0.9430041
47 -1.2721345 3.590764
50 -3.150533 -1.0888354
53 -1.2094771 3.4747038
177 -2.0327258 0.8490633
118 -1.3096061 3.7812538
91 -1.8404948 1.360851
222 -3.8124945 -1.5904566
225 -1.2344757 3.5698764
250 -3.6857102 -1.5153862
107 -1.9003272 1.1238219
39 -1.9541347 1.0580999
115 -1.3399975 4.068155
26 -1.2610329 3.2512817
36 -1.2567414 3.7678115
290 -1.2832325 3.0047262
69 -1.3100699 3.7436366
99 -1.2496802 3.6252172
106 -1.2797204 3.6315918
119 -1.2747992 3.32066
179 -1.3393053 3.6552246
200 -1.2220763 3.9396074
93 -1.2819368 3.5254574
61 -2.177551 0.6208298
37 -3.9050303 -1.707188
142 -1.3518522 4.237057
271 -1.2439135 4.02125
3 -1.2964303 4.1177764
21 -1.3235652 3.3402264
126 -1.9544033 1.1506387
65 -3.3899822 -1.3120703
31 -1.3046048 3.744835
171 -2.0001116 0.9784204
161 -1.9635204 1.0840355
71 -1.9389737 1.0312967
185 -3.7210782 -1.5763762
202 -4.2638354 -2.050691
265 -1.2575887 3.6588664
257 -1.2870244 4.019851
198 -3.2483795 -1.1145924
188 -2.1494732 0.734049
272 -1.2194756 3.190713
246 -1.2437224 4.0666146
1 -3.795932 -1.6405268
214 -1.9193566 1.0378077
4 -1.2711117 3.5389545
24 -1.2604504 3.6731555
133 -3.4113321 -1.3016797
159 -1.2155753 3.8727539
68 -1.2281574 3.5101113
165 -3.5099201 -1.2789564
148 -3.6812427 -1.4601929
52 -1.9301802 1.0565724
190 -1.9057044 1.0490793
137 -1.2169675 3.6616848
199 -1.8750311 1.0261705
245 -3.7099345 -1.509417
235 -1.2538388 3.707913
203 -3.854075 -1.6058973
259 -3.3924248 -1.3162851
285 -1.3024666 4.0721245
0 -1.2786405 3.423361
17 -1.2191461 4.0678124
268 -1.2326992 4.0283427
27 -3.7276392 -1.4082673
267 -3.2990363 -1.0986712
74 -3.6149538 -1.398515
90 -3.5388234 -1.3720565
114 -2.0484252 0.71405876
139 -4.048035 -1.844346
57 -2.0430381 0.87146217
104 -2.070257 0.7378125
109 -4.1095624 -1.7729256
249 -3.9074006 -1.6977355
136 -3.9669716 -1.8124535
144 -1.3720362 3.835251
239 -1.189287 3.7684042
7 -1.269243 3.5251927
60 -2.1130936 0.8249817
95 -3.799488 -1.6334987
280 -2.0373166 0.8625416
283 -1.2895575 3.8973694
232 -3.7794168 -1.5943924
184 -3.7470024 -1.5830193
226 -1.2413578 3.8835099
49 -1.906544 1.104148
155 -3.883693 -1.663411
163 -2.1080358 0.6744773
150 -2.0617898 0.775749
145 -3.697769 -1.5909361
46 -1.2249088 4.018673
110 -3.3532233 -1.1909763
112 -3.6864545 -1.494126
281 -2.1172757 0.68894297
62 -3.7571094 -1.4937366
