30 2
22 3.7935092 1.650892
8 6.1501184 -2.3529644
18 3.8622668 1.3008693
16 3.8588052 1.525447
19 5.39723 -1.4635885
0 3.3825846 4.706498
7 3.6055675 2.1257253
4 3.9549553 1.1299763
28 6.02239 -2.3108175
15 3.8958912 1.4337959
10 5.4240956 -1.5058441
14 3.674866 1.8619095
1 3.3584359 5.303723
17 3.9721394 1.3652012
6 6.2948484 -2.5563598
9 3.404084 4.9060793
12 3.5312319 6.555641
3 3.4035785 4.475943
13 5.53548 -1.6020751
26 3.5991948 2.2686536
25 6.175667 -2.4236193
21 3.3935049 4.910962
29 6.9716187 -3.2085266
27 3.4329581 6.064247
11 3.4724803 5.9889407
23 6.8814244 -3.2110264
20 4.045944 0.9174588
5 6.3621783 -2.5538583
24 3.3896863 4.7822385
2 3.5791662 6.5927134
