30 2
7 3.4919114 2.3577955
21 3.290444 4.9127264
8 6.1889014 -2.1090608
1 3.097055 5.459959
28 5.931239 -2.0135217
17 3.8994603 1.5232918
10 5.3828 -1.2046156
15 3.808468 1.615612
22 3.6542397 1.7945882
19 5.65458 -1.5029066
11 3.174602 5.954262
3 3.1978233 4.5901113
14 3.678414 2.0013165
29 6.9893484 -2.9458385
6 6.414195 -2.4631765
5 6.5057583 -2.4379728
20 3.9143395 0.93388146
16 3.6527336 1.9205064
4 3.797019 1.4107567
12 3.3768752 6.518988
24 3.1888463 4.8948073
0 3.2304347 4.684539
25 6.2318153 -2.1187892
23 6.958056 -2.909275
9 3.2771947 4.8604264
13 5.4025836 -1.1675125
26 3.4992845 2.3582199
27 3.3150153 6.24703
18 3.7409163 1.4868573
2 3.420874 6.7069554
