30 2
21 3.5883963 4.6920323
17 3.9574509 1.2377238
22 3.7483275 1.6212718
1 3.5115302 5.002869
8 6.1001396 -2.664131
16 3.87676 1.6444461
10 5.296326 -1.508344
4 3.9960651 0.9798082
27 3.6855962 6.0116024
26 3.6051488 2.2929292
28 5.9378552 -2.587927
15 3.9067223 1.3035828
19 5.348416 -1.6792428
23 6.6183333 -3.3019917
25 6.1465764 -2.6859972
6 6.134531 -2.9078496
2 3.7894506 6.2558007
13 5.448315 -1.9057946
14 3.7242029 1.9600631
0 3.5576117 4.4846416
20 4.1067533 0.86352503
9 3.5680163 4.652621
3 3.5090709 4.3996844
24 3.6032543 4.670537
11 3.719541 5.868677
12 3.829765 6.249502
7 3.6654894 2.0218942
29 6.876859 -3.4320195
18 3.847382 1.2323437
5 6.3520164 -3.0253851
