30 2
7 3.868774 3.598409
2 -2.4673502 5.6721
3 1.3770471 4.1187987
5 1.405214 3.9607532
29 4.3841925 3.7810774
20 -1.8625766 5.122466
18 -1.7873594 5.075031
23 -3.0139575 5.904092
11 0.9380605 4.1871414
26 5.0311537 3.5852225
21 2.1218204 3.9514883
12 4.7594123 3.6432848
1 5.424072 3.669097
6 4.957927 3.5822322
25 4.9626045 3.6169465
24 1.2672672 4.076338
4 -2.4684472 5.5756063
22 4.059678 3.6163106
17 -2.2013946 5.441149
9 0.5464224 4.3212166
14 -2.7637937 5.703201
19 -3.102383 5.9325075
10 4.119484 3.6972103
0 0.62491643 4.2559843
16 0.5400156 4.3045874
27 1.5536339 3.9517748
15 5.506389 3.6947074
8 -1.9117712 5.1832747
13 2.2248008 3.899289
28 -2.080785 5.132919
