30 2
7 3.8344574 3.7378373
29 4.065549 3.9673376
0 0.30659565 4.2594023
2 -2.6199455 5.5629463
5 1.1174922 4.0442986
3 1.0865904 4.1444187
25 4.862539 3.953764
10 3.9874167 3.8546917
4 -2.7329783 5.473279
1 5.2948394 3.877667
14 -3.054728 5.6333075
20 -2.1080313 5.0975976
18 -1.9887791 5.0418224
6 4.9339123 3.7711651
11 0.8945355 4.1542835
15 5.140793 3.9802852
21 2.1335628 4.0844293
22 3.897717 3.6923203
24 1.4352636 4.074708
19 -3.3237364 5.8773727
8 -1.9398794 4.9659286
17 -2.5416942 5.402354
23 -3.1477623 5.766497
28 -2.412601 5.13122
13 2.2447681 3.9411032
27 1.3787761 4.085875
16 0.5300817 4.3039575
26 4.9839597 3.7798545
9 0.3907494 4.330443
12 4.7008896 3.8949187
