30 2
15 3.9045916 1.4110656
22 3.7169983 1.7852978
21 3.413043 4.7609835
28 5.9776874 -2.3477077
10 5.3429418 -1.3377619
1 3.4153502 5.193329
4 3.9997025 1.0332314
14 3.7528393 1.8235246
8 6.155873 -2.3725045
7 3.609279 2.2035508
16 3.8594358 1.5451167
26 3.6516962 2.3137069
0 3.3742454 4.6541815
12 3.6070356 6.4155507
17 3.9464614 1.3744825
25 6.257398 -2.475973
19 5.370254 -1.45091
29 6.997964 -3.278384
6 6.2123704 -2.5695117
20 4.0620327 0.93628216
27 3.5291188 6.134213
23 6.9005165 -3.2899635
3 3.3436115 4.445281
24 3.4732077 4.753235
5 6.4026523 -2.6135535
2 3.613686 6.5749483
13 5.4212494 -1.5702304
18 3.8463848 1.32036
11 3.4459994 6.1367683
9 3.4227588 4.7527146
