30 2
10 5.4903455 -1.0086036
4 3.7723703 1.5671132
7 3.3572922 2.627959
22 3.5905683 2.042011
1 2.8996265 5.6254935
25 6.372249 -1.8698251
20 3.9628472 1.1954393
19 5.5379534 -1.0226781
21 3.0223205 4.9295144
16 3.6481073 2.0976348
17 3.8142145 1.814762
8 6.525205 -2.062914
0 2.9664938 4.798412
28 6.1970644 -1.8198768
3 3.0063586 4.5186915
6 6.510839 -1.920501
15 3.7619843 1.8037932
14 3.4573958 2.3105142
29 7.182994 -2.6430106
5 6.6799297 -2.17742
23 7.0982957 -2.5486379
12 3.0217876 6.684743
11 2.9461153 6.271105
26 3.358237 2.6064472
9 3.0657141 5.027594
18 3.6880448 1.6589313
13 5.4299455 -0.97102356
24 2.9949403 4.9476995
27 2.9776862 6.434254
2 2.9294686 6.9140396
