30 2
5 1.3873786 3.9086306
7 3.8282073 3.6215715
29 4.3731275 3.7290301
3 1.4959729 4.0015016
14 -2.6605444 5.6829376
18 -1.6385651 5.001569
2 -2.5204337 5.745095
6 4.934629 3.4951766
20 -1.8497645 5.1579003
11 1.0247145 4.143364
0 0.5596899 4.1572185
1 5.4296546 3.7095087
21 2.1822302 3.9020822
17 -2.2397397 5.5077376
25 5.001554 3.6823997
9 0.5409372 4.27423
23 -3.0153842 5.96586
16 0.55352455 4.2755623
4 -2.513931 5.578844
24 1.3393166 3.9966834
15 5.451475 3.6267576
12 4.8935337 3.665046
10 4.2845263 3.6827662
28 -2.0227299 5.196263
19 -3.0623436 6.0731125
22 4.143622 3.6113021
27 1.6069931 3.956577
8 -1.8005878 5.1643434
13 2.2500758 3.8835297
26 5.0694833 3.550861
