30 2
7 4.2040453 3.2905169
14 -2.3755636 5.9613304
29 4.6376147 3.4410627
24 1.4813247 4.0244136
2 -2.0548975 5.7831664
5 1.4795363 3.8993444
3 1.5426933 4.059952
25 5.407461 3.3087995
22 4.463972 3.2939036
1 5.6948237 3.3759618
21 2.319833 3.8783774
18 -1.2294693 5.098787
10 4.3874702 3.4742856
20 -1.3796829 5.1966734
4 -2.1867943 5.7701325
0 0.6986754 4.2428284
17 -1.7233195 5.570327
6 5.1250076 3.2002301
26 5.1192803 3.2960787
16 0.98441154 4.3270535
12 5.134979 3.2900288
28 -1.5316448 5.287394
11 1.0612078 4.0441895
23 -2.6756196 6.119504
15 6.0235467 3.2929752
27 1.9479901 3.8573055
8 -1.5995746 5.2684774
9 0.7461579 4.3125186
13 2.3358827 3.694444
19 -2.7470503 6.2659125
