30 2
27 3.2596357 6.243765
13 5.50945 -1.3832254
1 3.274438 5.398468
7 3.536088 2.1959462
8 6.172111 -2.2357402
10 5.380676 -1.224946
22 3.6605365 1.8241504
4 3.9790628 1.1355748
19 5.56006 -1.6149013
25 6.2199097 -2.1863246
3 3.2872972 4.635582
16 3.6650019 1.963959
23 6.9591355 -2.9626024
18 3.7454376 1.4647263
6 6.41911 -2.373921
15 3.8960197 1.4956118
0 3.1798348 4.83597
14 3.6334333 2.1133132
21 3.2635412 4.939086
11 3.2941055 6.0373645
17 3.885928 1.354491
28 6.0567055 -2.120248
26 3.5124824 2.386083
24 3.2872145 4.895587
20 4.0194945 1.0610607
5 6.5187826 -2.5240164
12 3.3477116 6.5161757
29 7.192728 -3.084902
9 3.2044268 4.789879
2 3.404034 6.660668
