30 2
22 3.8506305 1.2890228
10 5.3224735 -1.8850616
8 5.989055 -2.8597703
14 3.8030918 1.7919365
21 3.8181043 4.4642124
17 4.0314555 1.1858542
15 4.1358204 0.98580855
19 5.3018956 -2.0865254
11 3.9380338 5.7431645
7 3.749249 1.8498607
3 3.7410946 4.2953453
1 3.7495065 5.038782
4 3.969696 0.8769974
13 5.2417874 -1.9336183
16 3.9959366 1.5115821
5 6.2315154 -3.2303083
28 5.8448453 -2.7391539
12 4.099351 6.092297
23 6.555079 -3.769877
27 3.9504216 5.8116913
20 4.056599 0.5163604
25 6.0126266 -3.0154693
0 3.7053514 4.184359
18 3.9071555 1.1090316
9 3.7583933 4.441392
29 6.551355 -3.5822895
2 4.1371264 6.1607842
6 5.991548 -3.0908966
26 3.7390172 1.9943961
24 3.7565963 4.59546
