30 2
21 3.937902 4.383961
4 3.9560647 0.7882599
10 5.1777763 -1.9426572
16 3.901347 1.2949991
7 3.741957 1.847349
22 3.9044187 1.3178254
25 5.9850817 -3.101856
28 5.824331 -2.8565643
20 4.0615544 0.49402186
8 5.891493 -2.9062116
26 3.8108988 1.8294778
19 5.3209133 -2.04857
23 6.4868674 -3.735189
12 4.1840057 6.202514
1 3.8664482 4.825704
14 3.8516665 1.7658883
0 3.7256474 4.2228413
17 3.9756932 1.1363636
2 4.128562 6.0248413
15 3.992958 1.1313257
13 5.259383 -2.1106942
27 4.030461 5.803095
6 5.899942 -2.993414
11 4.0430975 5.4695706
24 3.8012307 4.381751
29 6.596785 -3.7405014
18 3.8860803 1.0555167
5 6.1052604 -3.2507489
9 3.7996545 4.5517
3 3.736749 4.119862
