30 2
21 3.6972418 4.632347
22 3.8332658 1.3204031
8 5.969305 -2.74755
16 3.9667976 1.5715277
14 3.7828808 1.9720097
25 6.00862 -2.739721
1 3.670149 5.088719
17 4.050796 1.1503911
28 5.8376203 -2.6475809
15 3.9728007 1.308645
10 5.335026 -1.765414
27 3.8397481 5.974456
7 3.7789993 2.0066419
13 5.1883583 -1.774628
20 4.118112 0.43760976
4 3.9914515 0.8204933
12 3.9678361 6.1377344
19 5.3301687 -1.9936876
5 6.131214 -3.1084127
6 6.0600886 -3.050079
9 3.7070746 4.5798087
26 3.6790428 2.0836148
11 3.8258908 5.6287565
0 3.652547 4.522424
24 3.7572653 4.5667167
23 6.618041 -3.5658891
18 3.8889306 1.0840995
3 3.6871424 4.3040085
2 4.0124207 6.172773
29 6.8036 -3.7453926
