30 2
29 4.885565 3.0254333
7 4.56967 2.8862455
20 -0.87385285 5.3495092
14 -1.8366038 6.1836777
18 -0.75150996 5.2205873
2 -1.4294735 5.9324126
5 2.145593 3.6327643
10 4.612809 3.003836
3 1.7008902 3.8879848
4 -1.525628 5.879957
1 5.864457 2.73395
27 2.3677063 3.636406
0 1.1509578 4.1297164
25 5.7150707 2.8057654
6 5.4255776 2.7380764
22 4.412588 2.9049788
8 -1.029256 5.460499
24 1.9934348 3.7967765
28 -1.1844885 5.5556593
13 3.0286148 3.4476101
23 -1.9899068 6.4061375
15 6.122942 2.812867
17 -1.2483726 5.6989136
11 1.541863 3.9714725
21 2.7827215 3.5600579
12 5.5677357 2.7338755
16 1.384163 4.1302314
9 1.3266317 4.163057
26 5.611346 2.6363993
19 -2.1343462 6.444043
