30 2
7 4.2037234 3.244484
14 -2.0762458 5.958655
3 1.6510142 3.965242
2 -1.7875571 5.7644334
25 5.4123473 3.1383264
0 0.844634 4.196481
29 4.70458 3.2288682
1 5.677251 3.1806798
18 -1.2769842 5.2151504
11 1.3733983 3.9964797
6 5.2734427 3.0364208
20 -1.3432125 5.31672
23 -2.536976 6.2523284
10 4.422256 3.2241182
17 -1.6830478 5.6318946
15 5.9537854 3.16786
22 4.335162 3.1635883
4 -1.9655 5.81145
5 1.7679917 3.8461208
19 -2.5142577 6.3150125
21 2.510928 3.706339
12 5.3625817 3.216951
24 1.747144 3.9299817
8 -1.1467055 5.1729417
16 1.1409054 4.260541
28 -1.5881222 5.4401145
13 2.5162885 3.674517
9 1.0255208 4.244332
26 5.3993874 2.9629283
27 2.0538979 3.7833726
