30 2
22 3.6240044 1.8888508
21 2.9585664 4.9937954
19 5.6605663 -1.149535
8 6.367491 -1.8790735
16 3.6399736 1.9978139
28 6.2953725 -1.7161413
14 3.4472747 2.4713926
1 2.929411 5.6607447
26 3.3510866 2.5318406
10 5.4667616 -0.95324075
4 3.836215 1.4936098
13 5.552276 -1.0407747
0 2.9392807 4.957891
3 2.9542577 4.660904
23 7.021774 -2.4630678
15 3.7208858 1.7647532
7 3.4022276 2.4926267
27 2.948798 6.4660573
29 7.2416987 -2.4278243
25 6.3539567 -1.9491366
24 2.9957037 4.9562464
11 2.867104 6.283917
20 4.010632 1.0412807
17 3.7291758 1.8248942
2 3.0276005 6.8423557
6 6.340158 -1.899539
12 3.0190365 6.67325
18 3.6598344 1.5444345
9 2.9729574 5.066506
5 6.637909 -2.180744
