30 2
22 3.8536441 1.2952654
10 5.3118987 -1.8879137
4 3.9782934 0.8880217
16 3.9934998 1.5111791
7 3.754701 1.8392755
28 5.851366 -2.7360837
21 3.8090668 4.4722505
12 4.1098757 6.0986543
14 3.797111 1.7901548
18 3.9051723 1.1109037
13 5.2452354 -1.948535
19 5.3006086 -2.0926764
15 4.1135626 0.99467
25 5.999099 -3.0308404
8 5.9791965 -2.8424673
23 6.569175 -3.766489
0 3.7202253 4.164945
3 3.7527814 4.2739105
6 5.99558 -3.0721157
20 4.0427523 0.5356009
17 4.0342727 1.1904
9 3.7597938 4.4380736
11 3.9333868 5.7354784
26 3.7560198 1.9848795
1 3.765847 5.024812
27 3.9408047 5.812912
5 6.2111144 -3.252163
2 4.1431236 6.157365
29 6.5582004 -3.5899625
24 3.7581217 4.6060314
