30 2
22 3.708372 1.7171586
21 3.1521788 5.046104
8 6.2958837 -2.0484076
16 3.6852622 1.8907958
10 5.4756165 -1.1851658
25 6.2971797 -1.9660023
4 3.8197873 1.5165176
14 3.6150844 2.3171434
7 3.4486554 2.4919689
17 3.759327 1.8224326
1 3.054634 5.492883
28 6.1552057 -1.9670093
19 5.6150045 -1.3677667
6 6.389915 -2.1134691
26 3.423378 2.6644897
2 3.076032 6.8624525
0 3.1152701 4.78525
11 3.021145 6.1203637
27 3.108296 6.2661448
13 5.348912 -1.1673725
20 4.027695 0.8257064
18 3.702456 1.5471408
3 3.0671992 4.5859704
15 3.8091853 1.6365365
12 3.0784879 6.5928087
29 7.1581883 -2.8382735
23 7.0295014 -2.6789765
5 6.4731636 -2.0825777
9 3.0956862 5.014179
24 3.070205 4.979593
