30 2
7 4.2136774 3.236912
29 4.791762 3.2945952
3 1.6186779 3.9393725
1 5.657269 3.019406
0 0.84073406 4.2155075
10 4.365343 3.1940885
2 -1.7331334 5.8276587
18 -1.2398777 5.140214
5 1.8120131 3.8615975
25 5.39906 3.1663387
4 -1.9292072 5.817407
14 -2.0664487 6.021606
20 -1.2923292 5.3052726
8 -1.1695446 5.1745267
21 2.5496793 3.7177856
6 5.2817025 2.983846
11 1.3943912 4.0103827
17 -1.6316226 5.6540766
24 1.7842011 3.9596655
23 -2.5054772 6.2927313
13 2.567549 3.6332166
15 5.982823 3.156767
22 4.3548207 3.1708167
28 -1.638768 5.424912
9 1.0449673 4.178704
26 5.382634 2.9801319
27 2.1373854 3.785017
16 1.219974 4.3103347
19 -2.5057478 6.3212686
12 5.3810973 3.1546698
