30 2
7 4.4435806 2.8556128
29 4.924478 2.8372133
1 5.911202 2.6169984
2 -1.2639172 5.996825
20 -0.89258486 5.4034667
4 -1.4967993 5.9611063
5 2.1541643 3.694206
23 -1.8452345 6.4312634
3 1.9971726 3.8510985
10 4.878742 2.8649254
12 5.4765606 2.6898355
18 -0.663829 5.2826104
11 1.7089509 3.869689
24 2.1252017 3.7004545
15 6.1907253 2.627045
14 -1.6464258 6.218687
21 2.8874447 3.440608
0 1.2482939 4.009315
19 -1.9185699 6.492029
13 3.0327249 3.3752801
6 5.4761047 2.670763
22 4.704299 2.8011022
25 5.745132 2.6630166
9 1.4846245 4.0676794
17 -1.1748518 5.7571774
28 -1.3250551 5.666044
26 5.57513 2.621924
27 2.3594966 3.6564157
8 -0.98284626 5.4581666
16 1.528439 4.089851
