30 2
7 3.3965986 2.510142
10 5.4509506 -0.937477
21 2.9462464 5.098038
15 3.7460904 1.8940755
28 6.124853 -1.6612293
8 6.421194 -1.8442277
25 6.4344034 -1.8183534
26 3.3486898 2.6079667
14 3.5240877 2.3203185
1 2.86718 5.630753
4 3.7691045 1.4917201
16 3.5862513 2.1166081
23 6.966264 -2.4492085
17 3.6408672 1.9176754
22 3.6230927 1.9859027
13 5.5434947 -0.91170704
11 2.8566468 6.155294
27 2.8330443 6.394839
20 3.9693015 1.2030213
19 5.7163754 -1.1694721
18 3.635903 1.7541445
29 7.2978997 -2.512902
3 2.970767 4.5911455
5 6.6643715 -2.090965
6 6.422801 -2.0003133
0 2.8777504 5.019553
24 2.9049993 4.992987
12 2.957597 6.7113013
2 3.0223675 6.9512825
9 2.92248 5.010294
