30 2
7 3.620948 2.2226613
22 3.7655559 1.6455764
4 4.001882 1.2244092
17 3.9797919 1.3989373
1 3.394906 5.3765316
8 6.0728655 -2.190378
16 3.7772756 1.740202
10 5.375922 -1.3807685
14 3.743052 2.0108805
26 3.6099684 2.2007287
23 6.9018416 -3.2000248
6 6.3168087 -2.5770001
13 5.6284814 -1.6507256
21 3.3655088 4.7405314
19 5.479792 -1.5650822
15 3.9485297 1.4879588
11 3.461991 6.003814
28 6.0057855 -2.3076954
29 6.978777 -3.110027
24 3.289189 4.7735806
25 6.110141 -2.3508449
3 3.3208342 4.4951253
5 6.4140644 -2.5946972
20 4.07015 0.90975887
0 3.279161 4.7428603
2 3.4905598 6.612289
12 3.4370131 6.5316052
18 3.8759131 1.2794343
9 3.3659256 4.867773
27 3.3892648 6.262786
