30 2
7 3.735086 1.8031819
8 5.9574814 -2.7696733
28 5.8277884 -2.7995868
1 3.8149526 4.938501
13 5.236634 -1.8673469
21 3.9156246 4.463714
22 3.8503544 1.2191461
10 5.292476 -1.8904426
15 4.014246 1.037196
4 3.9746351 0.8196119
26 3.755591 2.035328
25 5.9661837 -2.9391236
16 3.943572 1.4519397
14 3.87605 1.7319801
19 5.2960825 -2.1263592
23 6.541197 -3.7705884
18 3.9209423 1.0285138
17 3.9790616 1.2693292
27 3.9927754 5.7755585
29 6.4825845 -3.7071774
2 4.1503296 6.0722947
12 4.0495353 6.0936203
24 3.731277 4.551893
11 3.9373107 5.603343
6 6.037458 -3.0990136
0 3.6648204 4.1975126
5 6.114903 -3.285606
20 4.044571 0.5322253
3 3.748563 4.3062253
9 3.8541942 4.4098043
