30 2
28 6.0465975 -2.1648092
4 4.0016785 1.1284165
10 5.4062824 -1.235067
15 3.8532639 1.6100601
25 6.243807 -2.2269785
17 3.8976316 1.3460376
7 3.5465167 2.232832
22 3.689922 1.8144805
13 5.507602 -1.4077604
26 3.4816508 2.3988078
16 3.6166098 1.9842472
8 6.1257997 -2.2573225
19 5.586989 -1.5570242
20 4.016014 1.061485
12 3.418926 6.452983
27 3.2945795 6.2254705
14 3.577414 2.150197
1 3.182075 5.416169
3 3.2921243 4.6370363
21 3.2601206 4.91966
0 3.2172582 4.8008456
11 3.296392 6.0564213
23 6.9635887 -2.9910321
5 6.467869 -2.4563916
18 3.8014228 1.4062344
2 3.4292836 6.59533
6 6.3674393 -2.4041224
29 7.1412725 -3.1274147
9 3.248523 4.800829
24 3.341558 4.821486
