30 2
16 3.6086442 2.079333
23 6.979693 -2.433922
1 2.9041777 5.6304126
22 3.6021204 2.0078857
19 5.713037 -1.1906688
14 3.5175178 2.3661883
10 5.4314094 -0.86806226
8 6.3670774 -1.834021
25 6.4396214 -1.8049613
21 2.9738638 5.0981593
11 2.89573 6.2168484
15 3.7908137 1.8768722
4 3.7736535 1.4984325
28 6.1597433 -1.698146
27 2.825694 6.375604
7 3.3576677 2.5105567
9 2.898361 5.0545735
18 3.6538396 1.7183615
13 5.513612 -1.0038923
2 2.8946495 6.9391155
26 3.3439355 2.5824234
20 3.988956 1.1588624
6 6.393012 -1.9890072
0 2.8723333 4.9659467
24 2.9506242 4.9887276
17 3.6961863 1.8563458
3 3.0133438 4.5939765
12 2.9220207 6.731338
29 7.266516 -2.5253608
5 6.689027 -2.0310237
