30 2
29 4.2316585 3.9120202
7 3.7395558 3.747067
2 -2.7062483 5.5254846
1 5.253405 3.8231616
3 1.0580924 4.127746
14 -2.983203 5.7087936
20 -2.0251052 5.1258497
6 4.9967666 3.7165768
21 2.0801919 4.028774
15 5.1927876 3.9586973
26 5.0445337 3.7369127
4 -2.6255014 5.470874
25 4.8803997 3.9482594
11 0.81593156 4.1867213
23 -3.1100874 5.7685943
22 3.965918 3.6606948
18 -1.846547 5.008229
10 4.0281525 3.8404498
28 -2.2431126 5.2014723
5 1.1312429 4.036834
24 1.3446771 4.074874
0 0.31049702 4.213182
27 1.4525882 4.067157
17 -2.5803754 5.42411
8 -1.9868675 5.060883
16 0.5248996 4.253424
9 0.5355396 4.3416753
12 4.699233 3.8528786
13 2.301842 3.872427
19 -3.260833 5.8903174
