30 2
29 4.1907635 3.9154434
7 3.771331 3.7577934
4 -2.6706583 5.4591074
20 -2.0159297 5.134753
1 5.2328777 3.8570917
14 -2.9982405 5.6540217
18 -1.8572316 5.017305
3 1.0438453 4.1088223
2 -2.7293808 5.558493
8 -1.9691033 5.019441
6 4.971678 3.728058
23 -3.1103144 5.7756467
5 1.1063867 4.035709
0 0.31460455 4.2011223
12 4.6987114 3.864424
10 3.998553 3.828109
21 2.1071057 4.083247
9 0.4674151 4.356571
19 -3.2973795 5.891953
22 3.9414701 3.6957998
11 0.87460667 4.1606855
17 -2.56963 5.38404
28 -2.3401277 5.1706295
16 0.4924697 4.2829895
26 5.020596 3.7531266
25 4.874773 3.9409287
15 5.175398 4.000725
24 1.3694819 4.0473843
27 1.4463238 4.0595374
13 2.2551007 3.9309735
