30 2
21 3.255152 5.0486226
3 3.1490064 4.6155367
25 6.258866 -2.0538669
8 6.1453476 -2.0254092
10 5.3971577 -1.0320436
20 4.0021996 0.9176675
16 3.7202456 1.7931135
28 5.952393 -1.9657345
22 3.618523 1.7674586
12 3.2102118 6.6269064
4 3.8457139 1.2606378
19 5.519469 -1.4736546
7 3.5546825 2.2574232
13 5.4472322 -1.2281823
14 3.6565723 2.0900424
1 3.1703641 5.493726
9 3.141102 4.8741307
23 7.0928845 -2.83252
6 6.432257 -2.3248138
15 3.8245935 1.4949706
26 3.4661455 2.583527
11 3.230289 6.0629663
27 3.1858075 6.1653438
17 3.8763871 1.5395899
29 7.168909 -2.91732
0 3.0888617 4.6921263
18 3.7578685 1.4565063
2 3.3783352 6.7968283
24 3.1265864 5.030155
5 6.515193 -2.4029737
