30 2
16 3.575667 2.0711398
22 3.570726 1.9490274
10 5.4496098 -0.7726811
1 2.8193307 5.6227016
25 6.4064264 -1.7243782
21 2.921096 5.102426
4 3.769162 1.5545822
15 3.8055549 1.8349701
28 6.176813 -1.6349478
3 2.860396 4.649543
13 5.573354 -0.98629105
23 7.052596 -2.3160973
14 3.5411768 2.1955106
6 6.4086146 -1.8903576
7 3.3620384 2.4796112
19 5.671913 -1.0902097
26 3.363501 2.5461974
20 3.94835 1.1760898
27 2.8564963 6.441259
0 2.8660548 5.1462264
12 2.8863556 6.7932615
8 6.4232774 -1.6470108
17 3.7162592 1.8902234
2 2.9460962 6.9537563
18 3.6215894 1.7045941
24 2.9139392 5.020951
29 7.2375875 -2.4349844
5 6.6473255 -2.0351443
9 2.8001423 5.138673
11 2.7665498 6.1838646
