30 2
7 4.2710996 3.2419086
2 -1.9247186 5.815354
29 4.7142715 3.3954453
3 1.5143023 3.9907675
1 5.6900573 3.2880702
4 -2.172976 5.842321
5 1.444971 3.885286
14 -2.4280088 5.90599
0 0.64866906 4.249207
18 -1.1847599 5.1339064
20 -1.3524978 5.2026124
24 1.6047834 3.9796429
11 1.118388 4.056317
25 5.44727 3.2782269
17 -1.8037088 5.5684605
23 -2.649628 6.105094
6 5.073754 3.1982138
27 1.91909 3.8544896
22 4.5056343 3.222428
28 -1.5149477 5.3617287
8 -1.5130502 5.2535725
16 0.98453987 4.277141
15 6.0067167 3.3465369
21 2.34182 3.8229542
10 4.3947678 3.5050602
12 5.127094 3.2685902
26 5.1823564 3.2305164
19 -2.6649363 6.219576
13 2.3091214 3.7498672
9 0.83747345 4.2812033
