51 2
32 -3.760022 -1.6129307
39 -5.0876 -0.8674445
29 -1.169213 -4.199727
26 -1.3397385 -4.152121
1 -1.4629503 -3.911436
16 -1.2970675 -3.8491356
9 -1.1218438 -4.0545263
35 -4.484303 -1.1967492
30 -1.3002392 -3.8744113
33 -1.5213538 -3.9941478
28 -4.6656756 -1.0513252
47 -1.152367 -4.1335783
31 -1.3343565 -3.995309
23 -4.8610444 -0.9561331
36 -4.463552 -1.1368167
27 -1.4890931 -3.992623
13 -3.8758368 -1.4204143
19 -4.6860595 -1.1031514
37 -1.9084544 -3.5651653
46 -1.5046554 -3.846606
50 -4.7195277 -0.99787
0 -2.2488787 -3.1626837
24 -4.893479 -1.082217
22 -1.6015946 -3.595682
49 -4.658573 -1.016138
48 -1.3636922 -4.086999
43 -1.4661281 -3.744849
4 -4.5146623 -0.96687454
38 -1.6113378 -3.713183
41 -1.5275651 -3.8931708
12 -4.2402506 -1.0716815
15 -4.440592 -1.0456499
21 -1.5284104 -3.69979
44 -1.413195 -3.8614378
45 -1.6117405 -3.502869
11 -4.264454 -1.0882384
14 -4.358007 -1.1787213
17 -1.5393296 -3.74819
18 -1.6722482 -3.6112738
42 -1.6308057 -3.79124
34 -1.505261 -3.7322817
3 -1.6277876 -3.5620904
6 -4.3469563 -1.1186017
20 -1.4943391 -3.7453387
5 -1.5518019 -3.6764977
40 -1.5873693 -3.7595217
8 -1.7252709 -3.5019927
25 -3.6820972 -1.6389413
10 -4.042598 -1.145421
2 -4.0886383 -1.1399925
7 -1.5287925 -3.5972786
