30 2
14 3.7566 1.9742751
25 6.0398026 -2.740046
16 3.8433163 1.8017037
7 3.7092853 2.0709202
1 3.5611675 5.063856
21 3.5848782 4.510607
10 5.287421 -1.6344045
22 3.7476015 1.5458288
6 6.181475 -2.8862367
15 3.937558 1.3301433
17 3.9697874 1.237203
26 3.6398413 2.2688515
4 3.9603055 0.9689184
8 6.1038036 -2.7373257
19 5.468092 -1.8358283
20 4.017577 0.79464465
27 3.8098545 5.9807234
23 6.6778617 -3.3747633
0 3.595624 4.4952226
9 3.5464067 4.6685452
5 6.3521614 -2.9130363
11 3.7058723 5.8691306
18 3.86414 1.2595546
28 6.045158 -2.6602688
2 3.9221768 6.216585
12 3.7913833 6.259059
13 5.364558 -1.7732614
29 6.852841 -3.592398
24 3.6420135 4.750796
3 3.531602 4.2479677
