30 2
4 3.8763108 1.3654639
22 3.649396 1.7940137
15 3.9125664 1.5754191
25 6.2209682 -2.0385394
7 3.5304122 2.3172557
21 3.1914659 5.025211
27 3.105406 6.2315073
8 6.1949496 -2.067874
13 5.4882417 -1.1443046
17 3.894709 1.5322075
10 5.274206 -1.0511252
20 4.0701065 0.990177
14 3.6506038 2.0822463
16 3.762633 1.8483204
1 3.030511 5.5591936
2 3.3115175 6.744503
19 5.6067305 -1.4260085
29 7.167723 -2.9119236
26 3.4796515 2.6665926
28 5.9493318 -1.9087359
23 7.064808 -2.8671045
0 3.1125104 4.729573
9 3.1182802 4.987834
6 6.367049 -2.2944484
5 6.5290136 -2.3842287
18 3.7358534 1.4432523
11 3.1573057 6.026102
3 3.1147203 4.526912
24 3.1510162 4.9404044
12 3.2066336 6.560784
