30 2
10 5.3773155 -1.8873233
14 3.8026736 1.9414579
22 3.8076112 1.6132274
28 5.88945 -2.6463275
1 3.6473033 5.0080667
27 3.7972717 6.039626
7 3.7834694 2.006085
4 4.0471654 0.8344174
19 5.3243265 -1.9674743
21 3.7097323 4.4951997
8 5.9925613 -2.7163594
16 3.8875937 1.5962204
11 3.8268914 5.698262
23 6.5917253 -3.5988357
13 5.1992383 -1.7929415
15 3.9490523 1.3384142
20 4.074445 0.52283067
0 3.6067739 4.4319515
3 3.6819587 4.24657
26 3.722873 2.090771
18 3.9855707 1.0593482
29 6.88206 -3.7332642
17 4.024681 1.231151
25 6.067979 -2.7632782
2 3.9729335 6.1770654
12 3.9120183 6.172758
5 6.1299014 -3.0347056
9 3.6795442 4.699727
6 6.1005206 -2.9435909
24 3.7381365 4.553756
