30 2
7 3.6377375 3.7675729
4 -2.8387778 5.343961
3 1.0036302 4.14245
5 1.116539 4.0453053
29 3.9388218 4.1172953
20 -2.2102966 5.0659957
0 0.17517205 4.2878017
18 -1.9279008 4.8919616
1 5.252898 4.015691
14 -3.011546 5.4963684
26 4.896139 3.8884192
2 -2.7916646 5.472036
25 4.808403 4.03462
8 -2.2544043 4.9379687
24 1.261527 4.2251415
10 3.8976822 3.9418964
6 4.7959023 3.9008186
19 -3.4613585 5.6959977
12 4.7663 3.9989164
15 5.0534334 3.9709752
23 -3.3956113 5.737908
21 1.9299263 4.112287
11 0.75875473 4.189048
16 0.25277898 4.420473
22 3.70809 3.8451474
17 -2.5957353 5.3534307
28 -2.431887 5.10262
9 0.45624033 4.320178
13 2.1912198 4.070773
27 1.2743433 4.1432447
