30 2
13 5.3641815 -1.586836
8 6.177599 -2.6089413
21 3.4588275 4.7127914
10 5.3972855 -1.4205983
16 3.7394512 1.7187711
22 3.7717655 1.5728141
28 5.8302503 -2.3402438
4 3.9613018 0.96999896
1 3.4544823 5.1576686
0 3.410989 4.7273774
27 3.510437 6.121453
19 5.3285613 -1.4997971
14 3.8027155 1.8922609
11 3.5019019 6.085038
17 3.95155 1.2164207
15 3.9566536 1.3413585
3 3.4338183 4.412787
23 6.8334117 -3.2344785
26 3.6542387 2.086159
25 6.1762776 -2.4597998
18 3.8822017 1.2223507
7 3.643701 2.0521357
20 4.0689335 0.7094406
9 3.4842567 4.750198
12 3.7063265 6.398441
29 6.925303 -3.3614142
2 3.6134193 6.5548267
24 3.4755063 4.733586
5 6.380505 -2.7107732
6 6.3023896 -2.664524
