30 2
7 4.0467157 3.4336064
29 4.5583544 3.5503087
3 1.4569758 3.9803553
10 4.3823395 3.5531318
23 -2.7196174 5.992902
21 2.4638813 3.8068445
24 1.3968025 4.0359735
2 -2.2351675 5.7817707
14 -2.5325775 5.9849663
25 5.377762 3.4910355
1 5.621057 3.471717
5 1.5059513 3.8854227
26 5.1148577 3.2982929
18 -1.3474897 5.0497804
6 4.9853263 3.3452678
8 -1.5392388 5.13565
0 0.6474243 4.24695
4 -2.3488293 5.736713
20 -1.446757 5.188116
22 4.3078165 3.3487635
16 0.81930196 4.2363176
15 5.6274295 3.5149868
17 -2.0808778 5.634675
28 -1.5568125 5.239319
11 1.158633 4.0177183
12 4.9898014 3.3834705
9 0.80532414 4.311273
19 -2.9250255 6.1687274
13 2.3987231 3.668289
27 1.7605097 3.9020095
