300 2
59 -3.6454062 -1.604199
298 -2.0871704 0.77141017
263 -2.1184783 0.6168332
76 -1.4334296 4.0092034
234 -1.8821353 1.0444814
16 -3.5988028 -1.6704178
229 -1.8293412 1.2876792
231 -1.9410948 1.0676562
158 -1.3309808 3.7810786
6 -1.9911678 0.840524
68 -1.4143344 3.466609
105 -3.2826166 -1.3126284
255 -2.074827 0.7852468
283 -1.3758568 3.6635873
295 -3.240645 -1.1713574
238 -1.4120195 3.985812
85 -3.7288373 -1.7657354
225 -1.3417425 3.6828504
147 -1.9916875 0.83724374
96 -1.3396677 3.9775443
211 -2.108515 0.5702273
10 -1.4127405 3.8528025
83 -2.013674 0.85229295
38 -1.3287195 3.792381
189 -1.351234 3.247268
276 -2.082965 0.7068032
237 -1.4007653 3.6471953
27 -3.554081 -1.4885523
152 -3.5954363 -1.4982103
133 -3.3505328 -1.3281053
114 -2.038865 0.64530617
151 -2.0310407 0.67999774
224 -3.7208154 -1.7076122
5 -1.9060571 1.1080524
8 -1.9408045 1.0197871
9 -1.9791366 0.870271
195 -1.4326742 3.585904
42 -1.3717276 3.9291854
172 -3.7418463 -1.6345869
72 -3.1564312 -1.0416158
149 -2.0127323 0.8611559
206 -3.4714215 -1.5315245
291 -1.9068354 0.98696905
129 -1.9485852 0.86563843
292 -3.567583 -1.6145858
87 -2.0576673 0.7269477
135 -3.2947586 -1.274269
18 -1.926638 1.1073067
25 -3.483842 -1.488942
64 -3.594224 -1.5781633
280 -2.0895302 0.69636565
139 -3.6885614 -1.6558882
265 -1.3777128 3.5060627
260 -4.05426 -2.0144534
174 -2.1480215 0.56736755
111 -3.6656127 -1.5958135
154 -3.6678114 -1.5632098
208 -3.5789907 -1.6117656
175 -1.962377 0.98492515
209 -3.256976 -1.2341412
144 -1.4448103 3.447564
219 -3.7087424 -1.7507356
67 -1.4332974 3.6051118
36 -1.3750638 3.8635802
180 -2.0314665 0.6864535
47 -1.3653916 3.0442832
53 -1.3962529 3.538532
60 -2.1180334 0.6212363
94 -2.1087635 0.60018075
252 -2.1720145 0.48922366
198 -3.3086228 -1.3026783
140 -2.0390136 0.76667565
35 -1.9933606 0.80059433
167 -1.3728966 3.4816732
163 -2.1150513 0.76240957
256 -2.0432878 0.73796076
275 -2.0272493 0.7301956
299 -1.3688058 3.6133676
75 -3.2031486 -1.2148536
194 -1.9758703 0.98214424
117 -1.8930043 0.9538798
34 -1.9576232 0.9593713
46 -1.402645 4.2196555
128 -2.0352733 0.79416376
190 -2.0570307 0.7409942
184 -3.8067153 -1.773006
116 -1.3973553 3.625605
134 -2.0533125 0.74736357
95 -4.121199 -2.0027676
107 -1.9511318 0.9812619
282 -2.0106819 0.80020416
124 -1.3835292 4.2085485
24 -1.4099689 3.5731182
28 -3.7065737 -1.546949
37 -3.4327157 -1.3604668
159 -1.3937489 3.5277736
52 -1.9549737 0.8955827
193 -3.6132329 -1.6224021
192 -3.420245 -1.4124538
102 -1.9746885 0.93132496
204 -3.6507273 -1.5552052
243 -1.9876217 0.8868769
277 -2.0312996 0.87731355
216 -3.9881566 -1.908051
20 -1.3627001 3.5068414
242 -2.0244312 0.7805562
239 -1.3908978 3.7701437
63 -1.9894769 0.8908474
88 -1.3747826 3.4536452
156 -1.3306712 3.2759478
287 -3.7471673 -1.7644662
253 -2.0466928 0.76916564
273 -3.6874323 -1.7425455
3 -1.3604484 3.9052587
4 -1.3429568 3.663566
19 -1.3944595 3.7394316
250 -3.681299 -1.6440306
65 -3.6720052 -1.7685848
118 -1.3160001 4.2207212
70 -1.3162138 3.911065
258 -2.0746422 0.62686336
127 -1.9686108 0.94652635
262 -2.0010648 0.86135215
203 -3.6971579 -1.6124908
7 -1.3810499 3.4593785
30 -1.3806407 3.4123082
77 -1.372403 3.2441382
58 -3.618578 -1.5743767
132 -1.3925339 3.5222921
78 -1.366821 3.9110646
214 -1.8345104 1.2124999
205 -1.3960122 3.5259144
188 -2.1110466 0.6591783
182 -3.5418603 -1.5074376
293 -2.1056273 0.6368051
150 -2.15365 0.524076
221 -3.4404297 -1.3797855
272 -1.3344902 3.2657692
73 -2.055532 0.8710273
207 -1.3802016 3.61981
57 -2.1049201 0.6736747
62 -3.7571754 -1.6592134
217 -1.3403257 4.0158796
91 -1.8766559 1.2609417
110 -3.380397 -1.2114546
233 -2.1412907 0.555131
294 -3.7940862 -1.6794473
69 -1.3759326 3.6377153
15 -1.9334204 1.0723988
196 -1.4181033 3.7119157
82 -3.433643 -1.4036156
33 -1.8753107 1.2175026
51 -3.546718 -1.5203184
226 -1.4358577 3.7797365
86 -3.556247 -1.5207137
210 -1.3458292 3.637515
108 -2.0384789 0.85173917
259 -3.6821373 -1.6621077
178 -3.2257116 -1.2049978
271 -1.3435088 4.0636663
0 -1.3890426 3.541456
2 -3.3025775 -1.3240587
21 -1.3378029 3.6367202
153 -3.6031816 -1.5688642
115 -1.4082669 3.8282137
241 -2.0808005 0.61600804
228 -1.9612114 0.9135861
113 -1.9685284 0.85529804
56 -2.1118584 0.59870404
185 -3.7131426 -1.7387199
169 -1.3220623 3.696508
137 -1.389805 3.546617
146 -4.06621 -2.001123
98 -3.3475273 -1.3320317
296 -3.8083382 -1.7876056
177 -2.0495946 0.755581
244 -2.0340672 0.7659247
267 -3.3315609 -1.3230942
41 -1.4255594 4.2581663
29 -3.3015206 -1.308914
44 -3.3079422 -1.2064762
45 -1.4195973 3.2179766
50 -3.0317173 -1.0445839
55 -2.01632 0.87615615
281 -2.0636342 0.67337215
104 -1.9802754 0.8378683
270 -3.6550019 -1.5891584
161 -1.9805751 0.9594445
170 -1.9586133 0.88281614
248 -3.898495 -1.7661878
230 -1.3519622 3.3797083
213 -1.9354855 0.9872773
290 -1.4545988 3.2540452
257 -1.3793156 4.2623825
13 -2.0203197 0.78129315
40 -3.6233947 -1.535218
286 -1.360308 3.9359002
43 -1.9342557 1.0685568
245 -3.6288266 -1.4762033
279 -2.0570953 0.7863216
89 -2.0425904 0.82656485
136 -3.858489 -1.749179
165 -3.3799899 -1.356867
227 -1.4071054 3.5253186
14 -3.505432 -1.3768473
160 -3.618052 -1.6241254
268 -1.3701911 4.154965
176 -1.4040848 3.7148602
32 -3.6210809 -1.6194589
199 -1.9411922 1.0716596
71 -1.9932085 0.85761905
79 -3.8325636 -1.7750734
92 -1.4172914 4.3557158
103 -1.3741316 3.7874155
125 -1.3875225 3.7750614
240 -2.1845598 0.40328857
100 -1.3777975 4.0051208
101 -2.0021143 0.8324923
23 -1.9495937 1.0219902
106 -1.396979 3.4536917
157 -3.3680015 -1.3416865
66 -1.3531873 3.905678
143 -1.3638859 3.5113235
80 -1.4424556 3.5079474
251 -1.3718452 3.5562081
201 -2.0379577 0.67299837
121 -2.0208304 0.8207218
126 -1.9458872 1.0257142
130 -1.3564466 3.5088773
142 -1.4376034 3.9578598
181 -3.3457084 -1.3125337
197 -1.3709382 4.040018
223 -4.007051 -2.000384
1 -3.475691 -1.3646747
90 -3.6933985 -1.6099983
119 -1.3534114 3.522592
12 -2.0714042 0.761722
215 -1.392759 3.3162541
26 -1.4649734 3.5610788
148 -3.65937 -1.6356032
48 -3.7357666 -1.6556977
74 -3.3018954 -1.3566346
84 -1.3378673 3.4478214
232 -3.620993 -1.5566171
141 -3.7007442 -1.6716133
179 -1.3311676 3.6653216
54 -3.864867 -1.7851392
138 -1.3772135 3.5722866
274 -1.991784 0.9598513
264 -3.9612002 -1.8826528
131 -3.5765998 -1.5651782
187 -3.7191174 -1.6790164
297 -1.3729546 3.6182628
247 -1.3940527 3.7645602
17 -1.328452 3.9714544
269 -3.2797947 -1.151211
123 -1.3677331 3.9104624
200 -1.3959885 3.8085287
284 -3.6880813 -1.6831372
285 -1.30465 4.0511813
145 -3.9086072 -1.8621539
261 -3.6600032 -1.6408393
173 -1.9529017 1.0245401
164 -3.8354802 -1.8512788
186 -2.0875793 0.73347706
191 -1.3478303 3.5274959
112 -3.4788115 -1.4466053
155 -3.657141 -1.6501523
162 -1.9003551 1.1772463
222 -3.6851065 -1.7162781
235 -1.4150949 3.5442116
289 -3.7792478 -1.6067538
11 -2.0344732 0.81130207
61 -2.0606277 0.6208769
31 -1.3193051 3.562972
183 -2.0654635 0.8024051
81 -1.3853917 3.9267724
93 -1.383398 3.3270783
99 -1.3838593 3.7218742
218 -1.948083 0.98155963
39 -2.080935 0.8192396
212 -1.3936974 3.9812307
288 -3.730191 -1.7079023
220 -3.6438508 -1.6093669
97 -2.1008787 0.61002904
249 -3.7286243 -1.7096262
246 -1.3915389 4.050872
122 -1.3676118 4.1654053
168 -3.6221147 -1.5108817
236 -1.3933996 3.27692
254 -3.9934597 -1.8598684
109 -4.1787066 -2.0972424
266 -2.111369 0.7371309
22 -1.3602177 3.7091484
120 -3.6143982 -1.53047
278 -1.3865623 3.743323
202 -4.1292524 -2.072853
49 -2.0968068 0.81056225
166 -1.4568284 4.0872827
171 -2.0262642 0.8694749
