30 2
8 6.0127444 -2.8063266
1 3.798982 5.0627136
21 3.7390578 4.603835
22 3.9012806 1.3479706
15 4.058422 1.0754076
10 5.2083726 -1.8668495
7 3.7634768 1.8731577
17 4.0813866 0.9785717
25 6.035619 -2.8549871
16 3.8916109 1.5594361
6 6.0414295 -3.0658941
12 3.9481733 6.2271123
4 4.0283604 0.8573727
23 6.574427 -3.6425014
19 5.3709354 -1.9553838
11 3.9320045 5.662796
14 3.8663492 1.7704841
20 4.0782676 0.531005
27 3.9296403 5.918606
18 3.877224 1.0750631
28 5.801419 -2.7507992
2 3.9578862 6.241541
29 6.7464747 -3.7054667
26 3.721418 2.0728655
13 5.2363815 -1.8332709
0 3.6592653 4.4309707
3 3.7917323 4.2856965
24 3.7300436 4.5131345
9 3.6961768 4.557861
5 6.1276035 -3.048998
