30 2
29 4.311665 3.6640584
7 3.9500527 3.5581985
14 -2.540995 5.7239246
2 -2.407148 5.7291794
24 1.2758591 4.064691
25 4.989241 3.550354
3 1.3666621 4.007254
1 5.524871 3.604414
20 -1.8857758 5.1859474
5 1.4687492 3.9305723
11 1.1080308 4.157715
21 2.2554011 3.9095464
4 -2.389231 5.589955
18 -1.6435889 5.086022
22 4.1371646 3.5530987
0 0.5962618 4.2256074
6 4.868719 3.4791512
10 4.2730064 3.619202
8 -1.8886508 5.1383963
27 1.6661885 4.0369205
15 5.5202823 3.6432686
26 5.2370057 3.4222808
16 0.55480504 4.360742
23 -2.9038918 5.8816204
19 -3.1642904 6.0831842
13 2.235369 3.830574
12 4.983995 3.619523
9 0.607039 4.327261
17 -2.1842992 5.45078
28 -1.9080719 5.243283
