300 2
73 -1.9406006 0.9583091
37 -3.7946815 -1.6484125
298 -1.9597274 1.0761167
6 -1.963183 0.9209597
167 -1.3179487 3.676789
147 -2.0339978 0.8476212
87 -1.9851447 0.86286193
242 -2.0254886 0.8220249
5 -1.8919452 1.1236354
22 -1.2954122 3.4994526
114 -2.0885487 0.70881075
295 -3.3888264 -1.3708929
287 -3.9127135 -1.8013324
225 -1.3610494 3.5331936
55 -2.0563207 0.8536794
255 -1.9358145 0.9995258
65 -3.4619315 -1.3383393
296 -3.9547796 -1.7693839
275 -2.0063605 0.9333563
272 -1.3228194 3.0417306
291 -1.921703 1.0400684
274 -1.8933353 1.0619514
239 -1.350533 3.92168
256 -2.1638546 0.53456074
106 -1.2800285 3.7039905
79 -3.6851487 -1.5592018
215 -1.320165 3.4393256
233 -2.1066535 0.6434292
111 -3.538874 -1.4252229
140 -2.0866873 0.69321644
35 -2.047422 0.7458388
38 -1.2227626 3.9941924
44 -3.3138616 -1.2369386
54 -3.8456357 -1.7877951
56 -1.9673461 0.9233731
105 -3.2311594 -1.0920478
149 -1.9449841 0.9041414
2 -3.5030456 -1.409856
49 -1.9371597 1.0907736
19 -1.3321782 3.6772642
91 -1.876099 1.2498364
277 -2.0101573 0.8383048
200 -1.2776915 3.857283
192 -3.5863354 -1.5295335
136 -4.0376325 -1.885128
109 -3.8151948 -1.7575824
241 -1.9781324 0.93761176
237 -1.2822973 3.6429822
280 -2.0103307 0.89609015
122 -1.363732 3.9561534
150 -2.1066113 0.6929931
62 -3.602719 -1.5504723
262 -2.0871332 0.6882421
75 -3.5233054 -1.4634084
263 -1.9684644 0.8610402
88 -1.2979002 3.8564477
201 -2.1304097 0.6032515
132 -1.353359 3.006271
170 -1.9694505 0.91808873
269 -3.2460132 -1.1677977
94 -1.9448881 0.95034814
234 -1.9255211 1.0796555
178 -3.2920477 -1.2070441
31 -1.3163183 3.79582
125 -1.3042228 3.5721958
185 -3.767836 -1.6965028
71 -1.909076 0.93320936
208 -3.5482607 -1.4290195
158 -1.291969 3.9598064
130 -1.3005149 4.089221
284 -3.52491 -1.4075347
107 -1.9885689 0.93345344
53 -1.343909 3.4067667
128 -1.9061716 1.0245723
80 -1.2952092 3.5025556
108 -1.9168286 0.9576189
198 -3.460147 -1.3488802
252 -2.049917 0.75957793
276 -2.157157 0.5017323
7 -1.3816801 3.3408592
20 -1.3932039 3.6506014
25 -3.647598 -1.5595238
220 -3.6754975 -1.6633806
267 -3.258478 -1.2149067
235 -1.3145429 3.73959
289 -3.703007 -1.5216601
86 -3.5139794 -1.4834858
226 -1.3096284 3.8382876
260 -4.0160623 -1.8288558
197 -1.3429612 3.8770478
210 -1.2528181 3.6743307
14 -3.7624385 -1.747536
58 -3.5165238 -1.4025599
191 -1.3559269 3.935179
9 -2.0721533 0.7621037
148 -3.7176738 -1.5636245
36 -1.339798 3.8064184
51 -3.6473489 -1.554455
253 -1.8915462 1.1016498
144 -1.3341475 3.4696326
174 -1.9582791 0.8394268
236 -1.2727612 3.4049006
110 -3.1011105 -0.9775292
117 -1.9817457 0.95580536
161 -2.0466235 0.8342251
100 -1.286799 3.6915545
64 -3.5754912 -1.4647243
270 -3.5535223 -1.3995768
99 -1.2643895 3.6033158
135 -3.3931916 -1.3342496
146 -3.7569292 -1.5244663
151 -2.0640054 0.64401406
282 -2.0102866 0.73416954
219 -3.5882473 -1.5439279
243 -1.947294 0.9672361
4 -1.3330963 3.7025042
194 -2.0184848 0.82093406
23 -2.0239277 0.76608163
30 -1.2692562 3.7563245
195 -1.2662565 3.475559
52 -2.0171413 0.7979189
273 -3.4948404 -1.3953071
218 -1.9494334 0.98033005
120 -3.5608377 -1.4654033
212 -1.2684991 4.164474
186 -2.0311694 0.8536329
231 -1.8372291 1.2188956
155 -3.7746725 -1.5845454
251 -1.3171221 3.6674333
293 -2.1095605 0.62469196
211 -2.1273332 0.54057395
297 -1.3329083 3.9197598
8 -2.0585513 0.7629998
11 -2.072875 0.67116225
32 -3.5001736 -1.5086571
50 -3.3108926 -1.1680976
157 -3.392196 -1.268772
213 -1.9377441 0.87717557
61 -2.1053333 0.6483255
76 -1.3132961 3.9110682
134 -1.9269221 1.0120505
104 -2.036573 0.7894982
180 -1.9672698 0.9713587
43 -1.9790852 1.0143776
15 -1.9546934 0.8712201
258 -1.9471917 1.026864
74 -3.370458 -1.2856905
126 -2.069745 0.75539494
188 -2.0963664 0.7345632
67 -1.2974983 3.7498004
168 -3.7045562 -1.5547813
115 -1.2807016 3.9777915
116 -1.2855906 3.5418222
244 -2.1164856 0.61984265
259 -3.4424276 -1.3732585
175 -1.9695498 0.8938081
189 -1.3425604 3.337501
183 -2.0712092 0.78836656
12 -2.0155692 0.8060953
124 -1.3048385 4.1570473
283 -1.2667992 3.9393425
28 -3.7777238 -1.6388952
254 -3.6080253 -1.4735799
41 -1.3758062 4.1040697
153 -3.3714774 -1.297174
223 -3.944727 -1.8363119
165 -3.508919 -1.362228
72 -3.3400657 -1.1686088
84 -1.3860086 3.7747324
123 -1.334897 3.8484502
193 -3.7549582 -1.684409
196 -1.2860432 3.4598322
187 -3.5268323 -1.445881
190 -1.8531195 1.1369802
248 -3.795507 -1.5931487
246 -1.3112301 4.014789
77 -1.3548326 3.391987
13 -2.043066 0.6709046
16 -3.5621767 -1.3541638
227 -1.336876 3.9026284
42 -1.3221936 3.9112966
285 -1.328443 4.1009593
203 -3.7555993 -1.6201112
292 -3.4578578 -1.4343979
142 -1.3078489 4.14068
83 -1.979775 0.83495384
181 -3.5128691 -1.4243541
224 -4.0226946 -1.8599591
152 -3.6768055 -1.5819625
121 -2.1057956 0.6976766
138 -1.2918152 3.7526202
164 -4.035892 -1.8471069
169 -1.3350263 3.781217
228 -2.0365446 0.8646104
202 -4.049206 -1.8648525
207 -1.362685 3.7753053
205 -1.3303567 3.2643502
68 -1.3067292 3.5636413
27 -3.6536543 -1.564601
163 -2.0781646 0.64468503
40 -3.8038068 -1.7023587
47 -1.3387691 3.191427
60 -1.9903834 0.84926325
96 -1.2284998 3.9146996
245 -3.4709957 -1.3284026
159 -1.3072932 3.9073062
286 -1.3038833 3.8279128
268 -1.2992262 4.134306
0 -1.3759625 3.668625
3 -1.3159027 3.6432538
78 -1.3247554 3.5393798
102 -1.9971889 0.8803756
101 -2.0025845 0.8204353
206 -3.640792 -1.5605413
18 -1.9164523 1.0241843
221 -3.7490103 -1.5884627
29 -3.5245864 -1.4679748
33 -1.9271784 0.95803833
34 -1.9679041 0.9379458
46 -1.3586483 4.2338614
131 -3.2360806 -1.1156012
232 -3.7970588 -1.6833417
294 -3.7378974 -1.6291004
209 -3.1343083 -1.0683075
90 -3.5579438 -1.4245126
182 -3.1763535 -1.0593752
160 -3.777395 -1.715615
139 -3.7396212 -1.6661317
229 -1.8266635 1.4051499
240 -2.1182199 0.54892683
154 -3.5348077 -1.5321535
21 -1.3290762 4.017305
261 -3.5430286 -1.4197079
141 -3.9590044 -1.7687974
69 -1.3101089 3.2616675
89 -2.014479 0.9632525
249 -3.8436387 -1.6582743
1 -3.7325585 -1.5542173
103 -1.3141304 3.6204817
127 -1.9950044 0.7555277
39 -2.1237059 0.71965045
93 -1.2728701 3.490836
66 -1.3123747 3.9625642
129 -1.9557477 1.0213186
95 -4.042032 -1.886405
98 -3.391538 -1.3217498
184 -4.0284333 -1.9367667
162 -1.868766 1.0981636
264 -3.7722347 -1.6631838
222 -3.7474225 -1.6950086
238 -1.3065759 4.0183864
288 -3.827141 -1.7119687
271 -1.235901 3.8766272
97 -2.0105727 0.77258795
119 -1.3165097 3.392201
17 -1.2908313 3.8920112
166 -1.3089706 4.050886
48 -3.7973752 -1.65129
85 -3.699572 -1.5349821
230 -1.2730789 3.5312045
145 -3.43524 -1.3654637
214 -1.9873877 0.9428926
281 -2.1470757 0.56991214
216 -3.9069476 -1.7803082
172 -3.93082 -1.8764266
217 -1.2760246 3.7098186
279 -2.1066976 0.72942597
45 -1.2937855 3.353741
290 -1.3006445 3.5492117
173 -1.9133978 0.97895306
199 -1.9148562 1.0758382
266 -2.084251 0.6742336
59 -3.6081367 -1.550985
63 -1.9540341 1.0082967
92 -1.3146521 4.448099
171 -1.9359555 1.0125813
265 -1.2974697 3.6146033
250 -3.8325894 -1.6792747
156 -1.3390673 3.700877
70 -1.3880765 3.5566883
57 -2.1399632 0.5922097
137 -1.3551575 3.5518332
204 -3.635938 -1.5159732
118 -1.250063 4.2316456
179 -1.2451482 3.6073759
278 -1.2770337 3.9341416
24 -1.3032067 3.923276
113 -2.0957584 0.63356227
81 -1.3576759 3.8089452
133 -3.5415874 -1.3568604
177 -1.9485861 0.9545438
247 -1.299124 3.627722
112 -3.5979295 -1.5202211
10 -1.3102174 3.7691734
257 -1.336149 3.9259827
299 -1.3165282 3.6492682
82 -3.6495433 -1.5972446
176 -1.4086727 3.4567235
26 -1.3657975 3.4461107
143 -1.3166574 3.6096628
