30 2
16 3.9294777 1.5859472
22 3.8296218 1.4448508
7 3.7634687 2.0278776
10 5.3784566 -1.7714566
17 4.040967 1.2017574
1 3.6817052 5.013654
14 3.7712698 1.94968
21 3.702575 4.5470185
8 5.9960437 -2.7629015
28 5.8407993 -2.6415668
19 5.314188 -1.9956205
23 6.586845 -3.617293
20 4.0880046 0.4542558
6 6.1151085 -2.9479504
29 6.843489 -3.698918
12 4.0025954 6.179144
13 5.198257 -1.8357323
11 3.8269787 5.6906033
18 3.9074197 1.0957267
0 3.6497173 4.437053
15 3.9885159 1.3466127
3 3.6641767 4.2624726
4 3.9942217 0.80846334
26 3.713068 2.0944796
27 3.8497436 5.9977484
25 6.017608 -2.7777185
9 3.7000222 4.6387424
2 3.9931402 6.2166677
24 3.7347672 4.5605807
5 6.134864 -3.1148138
