30 2
7 3.7587042 1.9385725
15 4.0580096 1.013009
8 6.0031185 -2.9092822
4 3.9898179 0.9116506
10 5.251921 -1.9026926
14 3.8552709 1.715137
1 3.739072 5.023992
26 3.7944834 1.9015523
21 3.8190267 4.4505424
19 5.426443 -2.1374922
22 3.9066145 1.3336906
16 3.8754625 1.4827365
28 5.83127 -2.7646754
13 5.2007976 -1.7569679
18 3.9087808 1.0656946
0 3.7219422 4.300979
27 3.8750985 5.8925533
25 5.9953594 -2.882277
29 6.576865 -3.6141427
17 4.062701 0.9549627
2 4.025733 6.2124515
6 6.0026746 -2.9889665
23 6.638589 -3.727763
12 4.0453067 6.233745
3 3.7294452 4.3474627
11 3.9662287 5.7563305
20 4.12955 0.5239099
5 6.2228646 -3.1658442
9 3.7668152 4.4986215
24 3.7649992 4.560553
