30 2
25 5.951351 -2.9320722
4 3.993046 0.8127455
7 3.785819 1.8302217
22 3.8663654 1.1996093
1 3.8097024 4.9633613
8 5.977234 -2.7982078
23 6.5469894 -3.7699902
10 5.308226 -1.8754776
21 3.877429 4.477517
15 4.007079 1.0586988
28 5.8275084 -2.8050869
19 5.3097463 -2.0846474
14 3.8871622 1.7223959
16 3.9477057 1.4719222
13 5.2254763 -1.8716522
17 3.9738965 1.2261153
26 3.779003 2.0251842
20 4.0505033 0.5278335
24 3.7246943 4.547302
9 3.8514104 4.456849
11 3.9273899 5.6097364
5 6.118412 -3.296256
18 3.9131258 1.0081679
3 3.7421286 4.343796
6 6.057113 -3.086325
12 4.0464897 6.071165
2 4.1418004 6.067918
29 6.498987 -3.7185807
27 3.99011 5.7755136
0 3.6691802 4.180465
