30 2
7 3.686762 2.0188355
23 6.6169796 -3.2899716
21 3.5925455 4.6800494
25 6.1528664 -2.7035222
22 3.7370632 1.603099
4 3.9997728 0.9832247
16 3.8726218 1.6540617
10 5.3032274 -1.5299315
17 3.9641557 1.2360446
27 3.666888 6.0162992
15 3.9220936 1.2560291
28 5.9338455 -2.5897722
1 3.5037265 4.9981346
8 6.098676 -2.6549118
26 3.613727 2.3059235
14 3.7165897 1.9829895
12 3.8264399 6.257468
20 4.113947 0.8633683
19 5.3512096 -1.6713122
2 3.7828033 6.256225
3 3.5156136 4.3764315
0 3.5629597 4.4845304
6 6.1303253 -2.9196227
5 6.372519 -2.9892886
13 5.4444156 -1.9042588
24 3.6005316 4.672551
18 3.8437576 1.2593039
29 6.867206 -3.4276388
9 3.5565882 4.6676173
11 3.7251945 5.8667307
