30 2
22 3.7390795 1.8677406
10 5.33868 -1.3843377
26 3.6347492 2.2802327
14 3.769582 1.8141881
21 3.4396486 4.8652573
15 3.8905163 1.4102162
1 3.433989 5.1321063
17 3.9425733 1.3823954
4 3.9443872 1.0760616
19 5.421239 -1.5369776
25 6.211397 -2.42237
2 3.6310105 6.5749173
6 6.197717 -2.603751
16 3.8541718 1.5640436
13 5.4824433 -1.6204163
0 3.4057262 4.6028385
8 6.1678977 -2.4374843
23 6.8699503 -3.2122283
20 4.050748 0.90463006
27 3.4968705 6.1143513
12 3.5511105 6.465638
3 3.3589716 4.484988
7 3.6226933 2.1236115
24 3.4491315 4.7530885
18 3.8450007 1.3055739
11 3.4322376 6.158231
28 5.962595 -2.3595412
9 3.4408455 4.843477
29 6.957812 -3.2157485
5 6.3793864 -2.5381396
