30 2
7 3.4404688 2.4926732
4 3.8178806 1.5359998
16 3.7039182 1.977495
22 3.633824 1.7848897
26 3.441331 2.5745225
23 7.067285 -2.67082
1 2.976247 5.508203
20 4.073003 0.90467703
10 5.4605074 -1.0784515
19 5.6065845 -1.2147269
8 6.3820558 -2.158338
28 6.1020937 -1.8814877
25 6.292386 -2.0412762
27 3.0199084 6.314758
15 3.9094675 1.4996011
21 3.0920155 5.0411854
12 3.0253708 6.634754
13 5.4529014 -1.1743083
18 3.692759 1.573819
9 3.1176596 5.0897
17 3.7932622 1.6967903
6 6.364203 -2.062744
0 3.085915 4.751084
2 3.1156213 6.806515
11 3.042658 6.126959
14 3.5942328 2.2720168
29 7.0704603 -2.7445068
5 6.404933 -2.2191825
3 3.142453 4.583461
24 3.060357 4.9597926
