30 2
29 4.695335 3.3983498
7 4.169024 3.2471437
5 1.4031745 3.9490201
10 4.4512916 3.4484897
2 -1.9172982 5.776916
25 5.557341 3.1759443
3 1.5499547 4.064433
20 -1.3826979 5.245864
18 -1.1913431 5.096258
14 -2.2571673 5.972014
24 1.6173755 4.006357
0 0.75062 4.2728953
19 -2.7019582 6.245586
6 5.144164 3.1470003
23 -2.6236837 6.115633
1 5.6908655 3.242593
11 1.2278017 4.0810046
4 -2.097417 5.8047047
26 5.2828913 3.265994
22 4.4290257 3.2358947
12 5.1557827 3.2194414
28 -1.580161 5.3734126
21 2.3679802 3.8871968
8 -1.4695024 5.2120085
15 5.9512014 3.2192504
17 -1.8125114 5.51831
9 0.91294616 4.2823358
13 2.42164 3.7121902
16 0.9941158 4.3205914
27 1.8938347 3.874894
