30 2
21 3.2608106 4.9238353
22 3.6226108 1.8145069
25 6.2006197 -2.2532923
10 5.44339 -1.3331866
2 3.409318 6.5638003
6 6.3736687 -2.3892362
23 6.9752674 -3.0191
16 3.6697788 1.9293432
4 3.97961 1.0823493
1 3.1922429 5.4797373
13 5.4888535 -1.4328457
15 3.9007804 1.5588636
0 3.1872475 4.744133
17 3.8694012 1.4438446
8 6.1866965 -2.2542415
26 3.5557108 2.353913
28 6.0872793 -2.2057748
7 3.563252 2.312958
9 3.3097546 4.8212757
20 3.9857147 1.0639833
27 3.3221805 6.174176
18 3.8186913 1.3083383
12 3.3980293 6.525462
19 5.595828 -1.5885576
29 7.1191363 -3.143101
14 3.610395 2.1304598
5 6.4008994 -2.4505072
11 3.2987895 6.003104
3 3.2941408 4.602222
24 3.2946296 4.8661404
