30 2
22 3.7770338 1.6353654
15 3.8847847 1.5301896
7 3.5804667 2.2680633
16 3.7833648 1.8474936
1 3.4313722 5.341125
21 3.3481934 4.7445097
26 3.5680594 2.244172
27 3.4162455 6.2032557
14 3.6955152 2.1112084
28 6.011322 -2.3465712
10 5.3456273 -1.3740826
13 5.6277475 -1.6347568
25 6.0963354 -2.339814
6 6.34923 -2.577337
3 3.3271759 4.5353217
19 5.495097 -1.4317757
23 6.923176 -3.2211645
11 3.4050136 6.0091295
20 4.0625477 0.9741272
8 6.0641117 -2.2000713
18 3.8460674 1.2895149
24 3.3196425 4.7749934
0 3.2384284 4.7470555
4 4.0212426 1.1985179
17 3.9620943 1.3858435
29 7.0268097 -3.1669543
9 3.3357704 4.9502516
5 6.4096675 -2.5758038
12 3.4567244 6.456963
2 3.5179563 6.5972915
