30 2
4 3.797346 1.2281567
6 6.4205303 -2.4015207
10 5.4451666 -1.0715833
22 3.596709 1.74659
16 3.68475 1.8944688
26 3.4387176 2.5310445
19 5.51068 -1.3394357
7 3.4642684 2.4201753
13 5.452008 -1.2068567
1 3.0933974 5.4652534
28 5.973152 -1.9636552
25 6.2190557 -2.1430106
21 3.2282748 4.997465
14 3.667431 2.0503995
17 3.8909016 1.5259373
0 3.167756 4.646792
8 6.1936865 -2.0761924
15 3.8488595 1.599897
27 3.2899725 6.2118664
12 3.3014095 6.5720353
29 7.0604343 -3.0271568
23 7.0692906 -2.8909426
20 3.974825 1.0127518
2 3.3838818 6.822312
11 3.164411 6.0055532
24 3.1845353 4.935826
18 3.762708 1.4801952
9 3.223826 4.791644
5 6.4535446 -2.4122386
3 3.2165263 4.485288
