30 2
22 3.601904 1.9490912
21 2.9754093 4.956847
28 6.2950754 -1.8176628
16 3.6251998 2.01179
10 5.4852943 -1.0182879
4 3.8288198 1.4948182
25 6.339268 -1.985211
8 6.4264765 -1.8230608
19 5.642395 -1.1663793
11 2.9341323 6.3056326
23 7.000808 -2.5675457
15 3.7257383 1.8205662
27 2.9748116 6.5106597
26 3.3687387 2.5618508
17 3.7501795 1.8111136
13 5.512877 -0.952978
24 3.0284739 5.007778
1 2.9133942 5.6613455
6 6.4080215 -1.8879879
7 3.3800838 2.48741
3 2.945722 4.6097054
5 6.5996747 -2.0976558
20 4.0239882 1.050424
29 7.175701 -2.5259511
2 3.0646672 6.7950344
18 3.6447978 1.5895752
14 3.475282 2.4317887
0 2.8983018 4.9228034
9 3.010021 5.031882
12 2.9554396 6.66632
