30 2
29 4.003555 3.8877373
0 0.33721155 4.1893516
25 4.935222 3.8955219
7 3.861188 3.7858877
2 -2.5815556 5.56029
4 -2.79284 5.431201
5 1.1137738 4.041587
3 1.0603733 4.1906424
20 -2.1345441 5.03454
14 -3.0862534 5.6385927
11 0.81729186 4.1200924
21 2.0633056 4.124554
18 -1.9614611 5.0433817
1 5.2926745 3.957392
24 1.4258332 4.1221824
19 -3.340995 5.8413434
23 -3.221151 5.768229
22 3.862136 3.7584078
15 5.1699367 3.9498012
10 3.9135842 3.8532925
16 0.4769498 4.407056
6 4.8995924 3.8188345
8 -1.9486022 4.9372234
28 -2.4026423 5.227811
27 1.2962707 4.0797772
13 2.2576287 3.9489233
9 0.40383667 4.3515124
12 4.734105 3.8618748
26 5.038637 3.7408109
17 -2.4974008 5.392795
