300 2
108 -1.8674104 1.2158607
7 -1.2825974 3.6175895
193 -3.7658176 -1.5481502
198 -3.062648 -0.991575
209 -3.6128001 -1.4204329
192 -3.6697671 -1.5406386
237 -1.2285217 3.709245
23 -1.9050142 1.0256946
289 -3.7931917 -1.5615826
116 -1.309587 3.5565119
123 -1.319016 3.5298755
105 -3.2450254 -1.0898701
236 -1.3453628 3.4393942
267 -3.5018952 -1.3156071
36 -1.29969 3.8687382
233 -2.0265296 0.8297233
292 -3.7297807 -1.5117486
13 -2.0597491 0.7490783
56 -2.0311656 0.84391296
249 -3.77586 -1.5738006
137 -1.2668017 3.8065453
157 -3.2342303 -1.0824637
169 -1.3221637 3.9950376
241 -1.9605216 0.8311875
283 -1.2551557 3.5577812
3 -1.3443971 3.952224
9 -1.9809319 0.9436604
160 -3.5993447 -1.5144563
27 -3.834591 -1.6180727
80 -1.3307639 4.075574
251 -1.3359139 3.7492023
274 -1.9207985 0.9892051
221 -3.6546984 -1.4866501
298 -2.0127704 0.8560682
50 -3.3384514 -1.171766
235 -1.3885907 3.4082716
31 -1.2704251 3.6282756
107 -1.9354254 0.9282647
76 -1.219895 4.176461
161 -1.9273645 0.9945101
128 -2.010399 0.7842478
132 -1.3335478 3.3348112
41 -1.2857987 3.7175784
34 -1.8583139 1.21733
219 -3.6078646 -1.3996459
150 -2.1097178 0.72064996
117 -2.0079372 0.79834986
197 -1.2420802 4.0410795
205 -1.3069794 3.3471477
5 -1.8804679 1.1760278
17 -1.337902 3.866061
143 -1.2715836 3.1315334
44 -3.1645672 -1.0412227
62 -3.8307312 -1.6527326
54 -3.853229 -1.702011
75 -3.6368046 -1.4623216
248 -4.0294647 -1.7779108
200 -1.2750431 3.632597
195 -1.2734485 3.640292
277 -1.8652861 1.1492273
238 -1.2928818 3.6707182
84 -1.26315 3.536232
114 -2.1405938 0.70050144
287 -3.866766 -1.684937
218 -1.8822914 1.0292858
138 -1.2620574 3.8480608
270 -3.7939951 -1.5634178
168 -3.6880744 -1.5290521
199 -1.9037272 1.1197798
204 -3.6650918 -1.499078
58 -3.620266 -1.4180619
8 -1.9837248 0.923485
43 -1.9004704 1.1484958
51 -3.6892605 -1.4930576
232 -3.721316 -1.6183496
290 -1.326422 3.202723
78 -1.2205391 4.0576005
125 -1.2465862 3.7016873
282 -2.1746755 0.5868991
103 -1.298672 3.4455736
118 -1.2432822 4.128158
265 -1.2413349 3.6490061
262 -2.0875127 0.75137097
255 -1.9288704 1.0914176
291 -1.9340862 1.0347699
2 -3.4667928 -1.2869813
52 -1.9309654 1.1104126
11 -2.0246997 0.7187553
234 -1.9166737 1.0680698
213 -2.1258945 0.572399
214 -1.8926609 1.014728
64 -3.7999916 -1.586955
69 -1.239368 3.4858208
102 -1.9331148 0.9082743
121 -2.0833054 0.8058565
239 -1.3249165 4.0377917
127 -2.0932415 0.5314217
1 -3.5625763 -1.3653961
6 -2.1375103 0.60054046
18 -1.9420539 0.90437084
176 -1.2811683 3.9982924
28 -3.800838 -1.5998397
261 -3.7638133 -1.5655706
153 -3.2915304 -1.2151127
146 -3.8906314 -1.7122474
63 -1.872823 1.0954981
68 -1.3341761 3.6885562
250 -3.8610392 -1.6102316
101 -2.11024 0.7694328
166 -1.200974 3.8338058
16 -3.7704327 -1.5535378
227 -1.2421442 3.6614037
47 -1.2096524 3.6129553
55 -2.0177176 0.8887811
242 -2.0540307 0.75364065
97 -2.0703747 0.7223675
81 -1.3034241 3.7440023
99 -1.2892965 3.8157763
288 -3.801256 -1.6386591
170 -1.9710321 0.92619276
196 -1.2411698 3.7823105
25 -4.014635 -1.8054149
126 -2.0759952 0.84137756
77 -1.2797682 3.254961
252 -2.115514 0.5453251
82 -3.8557081 -1.7278731
106 -1.352047 3.6693044
189 -1.3317826 3.069877
225 -1.2236402 3.9471788
259 -3.5980065 -1.5421356
149 -1.9796783 0.94195354
240 -2.2553174 0.31276795
203 -3.5904293 -1.4236518
275 -1.9836658 0.91803664
0 -1.28039 3.7606463
12 -2.008404 0.9191684
71 -2.003681 1.0206777
264 -3.8616588 -1.7084937
280 -1.9934939 0.8582316
145 -3.9638164 -1.7971407
72 -3.3752027 -1.18556
110 -3.3731186 -1.1563584
147 -1.970105 0.8627636
231 -1.9497583 1.106752
202 -3.9402437 -1.7056586
174 -1.9776084 0.9581
173 -1.9782977 0.9296618
24 -1.1994971 3.6972015
30 -1.2985568 4.028194
35 -2.0563934 0.8130887
286 -1.2853296 4.061586
201 -1.9715657 0.892639
87 -2.026892 0.92458755
83 -2.0411432 0.79943883
271 -1.2259231 4.130827
142 -1.1986756 4.0963564
245 -3.4183724 -1.2948487
276 -2.005113 0.843765
222 -3.8644745 -1.6957304
194 -1.9985443 0.8640623
228 -2.0600522 0.8305057
273 -3.4228387 -1.3314826
21 -1.3213514 3.544059
272 -1.3703659 3.0638802
38 -1.3195881 3.693631
148 -3.6629865 -1.435817
139 -3.914736 -1.6426151
66 -1.2648041 3.5729873
207 -1.3072392 4.2201295
206 -3.3603876 -1.2398037
158 -1.2076144 3.570371
258 -1.9347559 0.914082
167 -1.2691219 3.5193403
163 -2.1516347 0.64291584
46 -1.2297932 4.1143756
61 -2.036959 0.87285733
59 -3.7329373 -1.6381998
186 -2.095219 0.6964367
94 -2.0090523 0.8274684
130 -1.2504009 3.637387
135 -3.2642221 -1.1163464
191 -1.2891661 4.1450434
4 -1.2652632 3.4901252
229 -1.8705019 1.3224908
29 -3.723224 -1.5854384
37 -3.8475573 -1.6218771
281 -2.0572484 0.6827438
140 -2.0232794 0.7846423
217 -1.3098035 3.7143812
208 -3.9193442 -1.7367371
243 -1.9627066 0.8827712
216 -3.6377656 -1.4257333
42 -1.2245603 3.9101474
95 -4.0012255 -1.8619394
45 -1.3295718 3.374387
65 -3.5924942 -1.3644665
156 -1.2999945 3.4630468
268 -1.3171406 4.47872
104 -1.9699948 0.9665986
164 -4.004101 -1.7576696
184 -3.930542 -1.6540054
154 -3.9984875 -1.7302809
263 -2.0165234 0.87079155
32 -3.5639179 -1.4496244
257 -1.3356547 4.286733
48 -3.5928223 -1.3321539
53 -1.2701586 3.560844
79 -3.9210343 -1.740755
182 -3.437666 -1.2922852
295 -3.522933 -1.2568817
67 -1.3020447 3.7500887
175 -1.9601333 0.9602613
180 -2.1915162 0.5126797
120 -3.7538714 -1.5709183
131 -3.277341 -1.1318067
141 -3.862865 -1.6306791
190 -1.8481973 1.2373257
183 -1.9781772 0.85814565
210 -1.3204539 3.692693
294 -3.932601 -1.700618
212 -1.2383293 3.9368916
260 -3.947255 -1.7958268
73 -1.9451394 0.9131209
133 -3.3686225 -1.1427039
211 -1.9743571 0.87122244
215 -1.2633988 3.824601
177 -1.9509383 0.9515637
223 -3.8461418 -1.6357777
26 -1.2783763 3.6393554
49 -1.9727025 1.0015386
57 -2.0251617 0.8357432
70 -1.2814845 3.6657054
246 -1.2064464 3.9385107
109 -3.9279578 -1.6992745
96 -1.23191 3.760494
98 -3.4976108 -1.2945223
144 -1.2775654 4.019289
124 -1.3227925 4.139488
172 -3.4038599 -1.2263943
269 -3.458293 -1.2724873
181 -3.4325345 -1.3141452
254 -3.4706292 -1.289216
100 -1.305483 3.8069828
134 -1.9911107 0.836846
122 -1.3057663 4.073443
247 -1.2672831 3.464163
220 -3.6036074 -1.4190222
159 -1.3099338 3.7845652
165 -3.613412 -1.4818628
178 -3.2624307 -1.1681284
90 -3.5364077 -1.4602462
20 -1.2863789 3.291195
171 -1.9621089 0.9428197
224 -3.757996 -1.5283825
266 -1.9837629 0.93926334
60 -2.068244 0.8028062
86 -3.1981647 -1.0238774
111 -3.5561755 -1.4391311
187 -3.929204 -1.7249888
129 -1.865838 1.2326503
152 -3.7267122 -1.6234741
155 -3.6678517 -1.5675716
136 -3.8529248 -1.6210369
14 -3.509265 -1.3341271
244 -2.0082405 0.8327307
253 -1.8732082 1.1798468
112 -3.3798175 -1.3305091
293 -2.0401545 0.6700972
151 -2.0201664 0.75580823
89 -2.0208542 0.8974146
85 -3.5169983 -1.4410802
40 -3.6589656 -1.5478867
92 -1.2780448 3.9737082
296 -3.4925902 -1.3060595
119 -1.2718885 3.2251275
256 -1.9894432 0.8023425
33 -1.8957757 1.203454
88 -1.250933 3.5769763
285 -1.2625906 4.236921
284 -3.5844722 -1.4965702
278 -1.2078032 3.5529833
74 -3.3598652 -1.2107084
113 -1.9527894 0.88296133
188 -2.0329332 0.8105198
115 -1.3017963 3.8033948
22 -1.2567197 3.7130096
93 -1.3034446 3.4726326
297 -1.2952104 4.1775737
15 -2.022379 0.8991535
39 -2.0408952 0.85843426
91 -1.8427527 1.3026514
299 -1.2375308 3.4864907
230 -1.3046404 3.612763
279 -1.9990026 0.89960754
10 -1.2575588 3.75678
226 -1.2041582 3.7387977
162 -1.8227195 1.1875322
179 -1.2551863 3.4727566
19 -1.3513702 3.4330835
185 -3.8047662 -1.5287417
