300 2
270 -3.5363107 -1.6164519
72 -3.3628967 -1.3677825
127 -2.074445 0.6438401
198 -3.017252 -1.1521206
282 -2.2361825 0.44595936
194 -2.0726485 0.69935924
231 -1.9524767 1.0370611
37 -3.3664703 -1.4073117
140 -2.009272 0.7807176
233 -2.0808773 0.6446626
82 -3.4698963 -1.5782827
165 -3.5695565 -1.5128955
176 -1.4324867 3.2177148
279 -2.07081 0.71078277
274 -2.0593538 0.7522297
117 -1.9908272 0.8601712
95 -3.9473834 -2.0132294
35 -2.163437 0.47101218
7 -1.5642563 3.2439826
8 -2.0449367 0.7434044
18 -1.9925302 0.7937994
128 -2.1074874 0.57821965
23 -2.0532136 0.70418596
63 -2.0070667 0.7815029
292 -3.4856265 -1.5583613
33 -1.9411492 0.99882126
237 -1.5350788 3.2879708
265 -1.5667678 3.335831
114 -2.1386902 0.5590744
174 -2.068122 0.67596453
129 -1.9538852 0.968879
173 -2.054892 0.79524815
252 -2.0201278 0.6803811
9 -1.9711356 0.8865119
161 -2.026675 0.87003344
74 -3.2770371 -1.4366103
136 -3.6595898 -1.7393415
236 -1.5811768 2.9732907
42 -1.584267 3.5129845
89 -1.9300122 1.1168897
130 -1.5257057 3.6928797
177 -2.075695 0.7255339
105 -3.0889952 -1.0745907
85 -3.6410875 -1.8184358
255 -1.9480327 1.1015966
260 -3.6375198 -1.726934
2 -3.4024947 -1.4578767
12 -1.9750803 0.9118327
115 -1.5766515 3.696584
167 -1.5173568 3.3718195
108 -1.9684083 0.87839293
147 -2.0228028 0.7483853
205 -1.493259 3.2625763
13 -2.069685 0.7982004
36 -1.5530614 3.705547
201 -2.086497 0.6977974
94 -2.0260363 0.7860955
298 -1.9762838 1.0767019
184 -3.6257184 -1.5914235
53 -1.5174247 3.3935971
263 -2.0134695 0.7456591
64 -3.4937496 -1.517569
92 -1.5482833 3.7829792
180 -2.1334949 0.515934
150 -2.1146803 0.55614734
203 -3.8291185 -1.9108559
96 -1.5568519 3.777159
122 -1.5275996 3.8534734
20 -1.6014535 3.4417949
116 -1.5463524 3.4731307
25 -3.5745106 -1.6876155
78 -1.5351565 3.720926
183 -1.9405556 0.8928479
47 -1.5252593 3.2281528
134 -1.9470445 1.0406548
144 -1.5717235 3.5579257
244 -2.0950282 0.5812081
148 -3.6917198 -1.7719598
99 -1.5221075 3.503493
6 -2.0432918 0.6071634
232 -3.4438534 -1.4755741
28 -3.465443 -1.4937546
212 -1.5315136 3.724288
41 -1.5431015 3.661478
93 -1.50336 3.4719973
107 -2.0623841 0.77358633
151 -2.0800464 0.5708475
69 -1.5411123 3.179886
135 -3.1714184 -1.2789661
81 -1.5058832 3.7251797
90 -3.5057313 -1.5957062
288 -3.4813876 -1.4904658
188 -2.0944695 0.6117912
113 -2.0399432 0.747034
256 -2.17844 0.50505745
181 -3.1056535 -1.1669301
213 -2.1584654 0.60070574
229 -1.9070575 1.1450495
289 -3.5641644 -1.5672626
5 -1.9503016 1.1111728
225 -1.5564599 3.616267
234 -1.9360101 0.9344835
30 -1.5283654 3.3730733
38 -1.4985403 3.4636786
241 -2.1364489 0.6742757
166 -1.5050999 3.6498623
267 -3.2288244 -1.3114991
104 -2.0588167 0.7530784
132 -1.4647774 3.2837493
253 -2.0507078 0.7158939
272 -1.4929345 3.026165
3 -1.5853812 3.5678823
21 -1.6130437 2.9412465
217 -1.5918378 3.758963
16 -3.6898303 -1.7912316
32 -3.5940628 -1.6616182
43 -2.0267887 0.8905279
48 -3.6101136 -1.6955467
258 -2.0735111 0.63401276
206 -3.4262502 -1.5259159
195 -1.5084994 3.5801442
155 -3.5647287 -1.6167111
124 -1.5251997 3.546632
119 -1.5343791 3.1957233
295 -3.403043 -1.5292513
190 -1.9510912 0.932538
235 -1.5928488 3.5700684
290 -1.5093955 3.1238682
243 -1.9929491 0.8280989
271 -1.6022959 4.3222136
11 -2.0507264 0.73687285
266 -2.0758736 0.71135616
268 -1.5198084 3.7023897
22 -1.4890534 3.0559852
24 -1.5183357 3.6514974
238 -1.5384822 3.580794
269 -3.094726 -1.1565726
242 -2.0496876 0.78493065
91 -1.9444519 1.1155443
54 -3.775796 -1.7663041
79 -3.7199154 -1.9556079
283 -1.5406308 3.796609
145 -3.5073812 -1.5175838
191 -1.4767537 3.6656256
185 -3.315773 -1.4243445
196 -1.6082 3.4558065
222 -3.5279446 -1.5804734
19 -1.5455143 3.445715
29 -3.6947765 -1.721991
34 -1.9751986 1.0643831
211 -2.0874429 0.6219546
143 -1.4944346 3.4211454
56 -1.9210466 0.9443686
58 -3.591656 -1.6388253
76 -1.5403198 3.6748095
251 -1.552969 3.5631845
158 -1.5493538 3.4363666
10 -1.530478 3.9469647
187 -3.4973025 -1.7181929
86 -3.2136586 -1.429275
160 -3.6628242 -1.8307066
71 -1.9777756 0.8350978
100 -1.5929625 3.9477394
230 -1.495064 3.212518
149 -2.0550473 0.6829371
199 -2.0151737 0.8076766
226 -1.5466424 3.777058
247 -1.5117567 3.39706
254 -3.7002554 -1.7067116
210 -1.5537182 3.367469
46 -1.5920075 3.9446585
26 -1.4795607 3.4014223
120 -3.5003417 -1.6001143
168 -3.7500958 -1.7725089
101 -2.0500681 0.6052903
112 -3.5607438 -1.6884089
131 -3.3552759 -1.5065063
133 -3.0422575 -1.1096654
286 -1.4661064 3.4823966
276 -2.077173 0.66086364
125 -1.5050062 3.2395046
179 -1.5119438 3.5113688
146 -3.785979 -1.8004849
27 -3.4151995 -1.4767745
246 -1.5356041 3.5579503
50 -3.1035774 -1.1094204
59 -3.723465 -1.818475
109 -3.6836562 -1.7475206
111 -3.550156 -1.5651977
70 -1.5397949 3.596414
209 -3.3475757 -1.416367
84 -1.59667 3.5912027
169 -1.5706196 3.2400646
293 -2.035344 0.7718185
249 -3.6293573 -1.7237424
4 -1.5633643 3.4386382
248 -3.4654913 -1.5325847
49 -2.0127163 0.87747395
223 -3.7624285 -1.7478447
52 -1.9808842 0.9118634
141 -3.7692556 -1.8273859
65 -3.4499505 -1.5672544
67 -1.5387595 3.5913405
142 -1.4896514 3.730829
240 -2.247578 0.22124013
218 -1.9890109 1.0435805
1 -3.5392756 -1.5365206
281 -2.1025894 0.6555474
88 -1.5242791 3.1570392
189 -1.5375941 3.256161
299 -1.5226649 3.5723493
60 -2.0759552 0.6864953
175 -2.102972 0.6938536
66 -1.4861503 3.8857656
163 -2.1557446 0.5835098
102 -2.0239973 0.98004293
192 -3.629011 -1.7338967
118 -1.5289233 4.0632076
157 -3.4346066 -1.5306876
221 -3.5616078 -1.5325164
152 -3.5464869 -1.6457213
278 -1.514994 3.2958639
275 -2.1487968 0.6532283
296 -3.7925968 -1.8140345
103 -1.5036292 3.5432482
264 -3.892845 -1.9347829
40 -3.4188848 -1.484779
207 -1.51274 3.7798798
280 -2.1016107 0.6647039
257 -1.638528 3.896627
182 -3.5804248 -1.6131043
214 -1.9101913 1.0648447
197 -1.5390042 3.8371768
227 -1.4931333 3.392623
14 -3.4138563 -1.503134
15 -2.0222907 0.81997377
215 -1.536308 3.2776904
44 -2.991819 -1.0504524
51 -3.5090811 -1.5208876
87 -2.014413 0.8072002
162 -2.0118911 0.9298803
259 -3.3697891 -1.4654654
291 -2.0267675 0.8454629
77 -1.4800955 3.2140512
45 -1.5339397 3.1382604
154 -3.7201912 -1.7744929
171 -2.0218353 0.8451637
172 -3.4495108 -1.4877148
220 -3.5092082 -1.5271287
224 -3.3905234 -1.3800879
239 -1.5522649 3.7100425
62 -3.4522288 -1.4224082
97 -2.0624874 0.6662302
110 -3.0584767 -1.1361581
137 -1.5905662 3.7356317
153 -3.2643778 -1.3172932
245 -3.520555 -1.7059182
250 -3.5873365 -1.628364
273 -3.3192873 -1.4847232
297 -1.5359526 3.4265835
287 -4.0137653 -2.0701854
31 -1.5435401 3.5734649
219 -3.4173505 -1.5013974
75 -3.262238 -1.3507895
80 -1.5353453 3.7683659
200 -1.553555 4.0578856
57 -2.102411 0.5392934
61 -2.030462 0.6704314
83 -2.079719 0.7782239
121 -2.113548 0.6123521
123 -1.5541961 3.3439844
186 -2.075557 0.79962516
178 -3.1843698 -1.1652757
262 -2.0738206 0.62712854
17 -1.5222213 3.881138
159 -1.4885366 3.498686
277 -1.969372 0.9979019
55 -2.0914073 0.6817144
68 -1.4995093 3.433463
216 -3.5373247 -1.5635605
261 -3.5584896 -1.6290944
170 -1.9929427 0.8046137
294 -3.5199418 -1.6059009
228 -2.0835938 0.62435246
285 -1.507521 3.4876754
0 -1.5076137 3.3339238
204 -3.3247247 -1.4036218
156 -1.5401434 3.3109126
193 -3.555392 -1.6063457
208 -3.6578553 -1.7085934
73 -1.9362288 0.9958771
284 -3.2439914 -1.40509
98 -3.1235273 -1.2269143
106 -1.5350482 3.1579523
164 -3.803937 -1.8277988
39 -2.0710318 0.74676937
139 -3.6775544 -1.8416772
202 -3.893181 -2.028578
126 -1.973301 0.9917358
138 -1.5336324 3.1574163
