30 2
26 3.5804734 2.260897
16 3.7895494 1.8261336
22 3.7840867 1.6506413
1 3.3868952 5.3256764
23 6.9393826 -3.2157779
4 3.9913664 1.1623305
11 3.4338496 5.9186935
10 5.3638253 -1.3774573
21 3.3661144 4.715771
7 3.5495691 2.2915456
19 5.4874525 -1.477868
8 6.0480795 -2.2122536
13 5.5639415 -1.5816416
14 3.714686 2.088964
0 3.2603428 4.710373
25 6.1623993 -2.2863386
2 3.5045183 6.5997405
24 3.326968 4.8053203
28 6.0154448 -2.297194
20 4.0667744 0.9583241
3 3.3193367 4.60851
27 3.3613503 6.24681
29 6.9801598 -3.1548257
6 6.3476562 -2.5853264
17 3.9744132 1.439406
15 3.8703313 1.5810868
9 3.2231178 4.991594
12 3.4249735 6.474973
18 3.813646 1.3667467
5 6.441406 -2.650355
