30 2
8 5.9829526 -2.9048898
16 3.9157305 1.4221386
4 3.9875932 0.867121
10 5.279445 -1.7951747
28 5.873347 -2.839514
1 3.7937722 5.0422945
21 3.8504148 4.4026527
15 4.0484824 1.0736905
27 3.925749 5.844061
13 5.1977506 -1.903325
23 6.586967 -3.7506373
14 3.8247404 1.7661387
25 6.0074916 -2.906139
17 4.0483475 1.1499723
19 5.328298 -2.0964005
22 3.8591056 1.2827929
20 4.072225 0.5274389
6 6.010269 -3.215565
7 3.7843065 1.9094908
0 3.7328663 4.190242
3 3.6910233 4.3078556
2 4.1493845 6.164666
5 6.1869874 -3.1408365
26 3.7900918 1.9295112
9 3.7421632 4.4849906
18 3.85685 1.1829872
11 3.9537907 5.716856
12 4.0313897 6.115612
24 3.7538145 4.5796227
29 6.5967803 -3.6083193
