30 2
22 3.7046258 1.8312168
7 3.521993 2.3053305
10 5.450226 -1.2610112
26 3.5179029 2.29461
16 3.7308967 1.9214036
17 3.8905137 1.4277058
4 3.9608023 1.2044249
1 3.2019012 5.430809
6 6.29975 -2.3673832
14 3.7499194 1.9726039
25 6.206968 -2.1196675
23 6.936287 -3.0071218
21 3.2804112 5.0010414
28 6.0594506 -1.9692227
19 5.551561 -1.5655706
8 6.1430206 -2.15189
27 3.2186692 6.229635
0 3.1447704 4.927249
2 3.3663766 6.542531
11 3.2655602 5.934489
3 3.2914658 4.535864
15 3.9359574 1.4134692
18 3.8249903 1.4220498
12 3.395499 6.5728755
29 7.0649333 -3.0048335
13 5.4108553 -1.4277921
20 4.0914993 0.79740787
24 3.2077744 5.0310903
5 6.4824457 -2.5306733
9 3.2293453 4.7693143
