30 2
7 3.6511872 3.8915944
29 3.9515295 4.025873
20 -2.236894 4.985049
2 -2.8466058 5.4165883
0 0.16418408 4.308635
14 -3.1412551 5.509019
3 0.8883969 4.2473063
4 -3.004872 5.3726053
1 5.2157702 4.0990562
18 -2.0435953 4.8783236
5 1.0111212 4.1730804
21 1.8241963 4.098732
10 3.7811568 4.016736
22 3.6391456 3.8652365
6 4.675721 3.8869104
16 0.30024534 4.390195
24 1.193972 4.1163673
27 1.4013934 4.18595
23 -3.5289493 5.6913433
12 4.7712417 4.0580087
25 4.8210397 4.074205
26 4.715612 3.9112864
8 -2.2116127 4.9555273
13 1.9739972 4.04406
9 0.40996557 4.311571
17 -2.7760756 5.3835917
28 -2.3930864 5.0112095
15 5.089857 4.0844345
11 0.66075695 4.1519904
19 -3.5217772 5.6309724
