30 2
7 3.7917144 1.8813161
1 3.781356 5.074609
16 3.8847642 1.6424044
14 3.8232145 1.8326237
15 3.9974654 1.1200458
10 5.281463 -1.9015392
21 3.737374 4.5120473
27 3.8611774 5.940272
26 3.6824858 2.1321821
6 5.9918118 -3.136601
4 4.0129375 0.8029564
17 4.112609 1.0039634
19 5.305127 -1.9424703
25 6.0362997 -2.9603283
8 6.024379 -2.8602223
28 5.8148413 -2.6965113
12 3.8869047 6.2656446
20 4.079946 0.5440591
23 6.533202 -3.6294103
13 5.211133 -1.7978008
0 3.7029076 4.406513
29 6.78457 -3.6764264
22 3.9533074 1.3802749
2 4.0499377 6.1670184
18 3.9197204 1.0939816
3 3.8004372 4.3207498
11 3.8818884 5.6839213
5 6.0872626 -2.992369
24 3.702087 4.5081105
9 3.7500968 4.4666257
