30 2
10 5.3780556 -1.0680307
14 3.676331 2.0937684
11 3.2069156 6.0869217
21 3.227216 5.007915
4 3.8473017 1.2202667
15 3.8105574 1.5412389
8 6.172524 -2.0161114
13 5.447668 -1.2428548
16 3.6575959 1.8059261
17 3.8802612 1.5386926
6 6.408685 -2.3694668
7 3.5038793 2.3039732
26 3.4085238 2.562463
28 5.914571 -1.8992885
19 5.5614467 -1.4818863
20 4.005661 0.94700104
23 7.104565 -2.82053
1 3.1733077 5.498269
25 6.2376533 -2.043205
22 3.620506 1.7700902
0 3.1260204 4.656393
27 3.198969 6.1289983
5 6.5065117 -2.3899899
24 3.1366813 5.0690393
3 3.1840315 4.5603905
18 3.7530978 1.4633965
12 3.2606773 6.612652
29 7.175107 -2.9444766
2 3.3850365 6.7741933
9 3.1392186 4.8730206
