30 2
21 3.711591 4.520932
4 4.0087485 0.80256426
16 3.911394 1.6165615
13 5.235948 -1.8221451
7 3.793043 1.9839741
10 5.270585 -1.9050462
27 3.8825202 5.948794
8 6.0092354 -2.8437946
14 3.8029487 1.8420933
28 5.8545456 -2.6909184
3 3.7549233 4.309639
1 3.760917 5.088684
17 4.083059 1.0414511
25 6.031951 -2.9674082
15 3.981833 1.2059147
9 3.7238543 4.4843693
23 6.5219946 -3.6285312
26 3.7073803 2.0877254
5 6.131942 -2.9587471
6 6.0683045 -3.078402
24 3.6881616 4.514817
0 3.7155876 4.4070754
12 3.9048483 6.2747684
22 3.9302852 1.3695756
19 5.3146343 -1.9748764
20 4.0734463 0.5326099
18 3.8792458 1.1261574
29 6.7700214 -3.7167084
11 3.894878 5.667491
2 4.082611 6.129092
