300 2
252 -2.0927322 0.63674945
53 -1.3893434 3.4629729
72 -3.2775164 -1.3928035
58 -3.6885889 -1.7352481
198 -3.2342143 -1.2525418
190 -1.9536692 0.9467629
87 -1.935706 0.9383269
98 -3.503706 -1.5127532
8 -2.1149695 0.68736875
56 -2.1201684 0.58991957
140 -2.0901055 0.66287786
115 -1.4294205 3.9689546
34 -1.9648064 1.0313717
149 -1.9150523 0.96165574
174 -2.047662 0.8016035
162 -1.9786061 1.0662397
222 -3.4546404 -1.5224881
105 -3.089052 -1.0587679
206 -3.3670764 -1.3366759
196 -1.4460913 3.6519291
275 -2.111341 0.69078606
137 -1.3816193 3.604051
213 -2.0362453 0.7344239
211 -2.0273993 0.9432413
231 -1.899654 1.0486877
274 -2.0204945 0.85914356
83 -2.1333475 0.60855526
225 -1.3809676 3.764504
64 -3.5676394 -1.5807159
208 -3.390842 -1.3822047
295 -3.3636189 -1.3661305
6 -2.1124141 0.5593722
262 -1.967194 1.0008492
276 -1.8726369 1.1994779
164 -4.022879 -1.9948524
189 -1.4144111 3.1311927
16 -3.7032256 -1.6774209
17 -1.3870044 3.7325938
65 -3.422712 -1.3914325
71 -2.003622 0.89416945
76 -1.4157434 3.945058
131 -3.2992368 -1.2958586
18 -1.9735212 0.89552677
51 -3.3160126 -1.2410039
117 -1.9760754 0.7985894
135 -3.3865755 -1.3991221
147 -2.0367305 0.8264489
188 -2.0894637 0.69500804
11 -1.998389 0.8671726
141 -3.663916 -1.6954503
43 -1.9391953 0.9921806
155 -4.0189 -1.9460695
158 -1.4311162 3.641295
168 -3.881342 -1.8273898
243 -1.9894729 0.94626445
236 -1.3801035 3.3032377
7 -1.4286765 3.2543714
52 -2.0530808 0.71039957
234 -1.9790139 0.9444721
94 -2.012601 0.735784
132 -1.4416413 3.471846
27 -3.7786946 -1.6677366
36 -1.4045336 3.869114
152 -3.5346408 -1.4466403
110 -3.0352046 -1.0159131
114 -2.1146276 0.5885059
121 -2.0950453 0.70011425
97 -2.111248 0.7072139
108 -2.0046885 0.76858073
270 -3.7797232 -1.7764326
263 -2.067553 0.7019195
256 -2.1318552 0.49830306
199 -1.8628442 1.2000725
239 -1.3596896 3.8820097
167 -1.3861138 3.6537511
163 -2.1789682 0.6293677
265 -1.3834941 3.408528
233 -2.1905842 0.4202342
118 -1.3523332 4.14765
280 -2.1699638 0.5549247
9 -2.020259 0.89039695
12 -1.9849018 0.8501728
216 -3.7578638 -1.7270815
14 -3.5911052 -1.62799
128 -2.093071 0.6237312
26 -1.3646634 3.4196558
237 -1.4029076 3.611142
44 -3.2094462 -1.2533123
57 -2.1558177 0.623351
75 -3.4498951 -1.5022593
77 -1.382826 3.2156835
81 -1.378937 4.0145383
133 -3.2000422 -1.1783985
186 -2.0463505 0.9520887
194 -1.9684757 0.9942278
191 -1.4118614 3.5179763
4 -1.3894424 3.4209957
22 -1.3566647 3.82125
175 -1.9086698 1.1723595
298 -2.0196385 0.90940017
195 -1.3806047 3.5922756
46 -1.3856149 4.198101
91 -1.9481095 1.1657219
54 -3.7303472 -1.7508793
89 -1.9461129 1.0193061
59 -3.69104 -1.67551
183 -1.9515867 0.9559404
102 -2.0916646 0.82307446
278 -1.4427552 3.5096333
258 -1.9832611 0.83573806
244 -2.0527413 0.7032036
268 -1.4381742 4.3194094
197 -1.3920028 3.625322
259 -3.4648612 -1.5196545
103 -1.4259602 3.585733
146 -3.7539947 -1.736315
31 -1.3967849 3.0724695
92 -1.4121 4.1777477
130 -1.4236839 3.6870432
180 -2.0904446 0.6667622
178 -3.3787494 -1.3627317
144 -1.3205091 3.5907748
187 -3.492266 -1.5574113
219 -3.512609 -1.5484844
224 -3.932956 -1.9033897
3 -1.387164 3.523793
179 -1.3889493 3.4104767
272 -1.4255797 3.0961797
24 -1.3550761 3.8729424
95 -3.7242963 -1.7723706
32 -3.3708277 -1.4220386
129 -1.9780709 0.9702466
161 -2.0240638 0.81172466
80 -1.4209971 4.0162745
150 -2.1711092 0.6142782
229 -1.8254731 1.4963568
207 -1.3948123 3.870252
218 -1.9869376 0.9865804
0 -1.4404781 3.8422372
153 -3.5734053 -1.6071787
10 -1.432863 3.8176334
15 -1.9478085 1.0364437
20 -1.36113 3.6179624
101 -2.0982842 0.5975255
201 -2.0082057 0.81362164
125 -1.3748014 3.5012872
96 -1.3660076 3.8080218
100 -1.4560174 3.7368076
124 -1.3629396 3.9820807
251 -1.364197 4.229651
246 -1.3528168 3.9106033
269 -3.38435 -1.4618285
247 -1.4292612 3.7485118
240 -2.2066536 0.53639364
21 -1.4193517 3.8610928
254 -3.6491537 -1.5456685
41 -1.3543272 3.7574437
45 -1.415346 3.0445583
88 -1.4498063 3.7412057
86 -3.4584324 -1.5977978
151 -1.9373709 0.9230296
127 -1.9863733 0.77614975
286 -1.3883443 3.6130276
157 -3.6842482 -1.6310191
205 -1.375776 3.455526
112 -3.667002 -1.6825907
283 -1.4421394 3.5944169
292 -3.766554 -1.7555246
23 -2.0121925 0.83881056
242 -1.9787778 0.9957895
28 -3.5197742 -1.4948123
193 -3.7215757 -1.6634085
203 -3.6280441 -1.6066631
30 -1.457743 4.1393375
170 -2.067692 0.73493284
165 -3.49694 -1.4613515
84 -1.3686539 3.2785463
90 -3.4783635 -1.44873
227 -1.3272783 3.5037427
126 -1.9686309 1.0182277
230 -1.3792596 3.6853917
136 -4.124875 -2.1023884
277 -1.9135637 1.006299
241 -1.9809269 0.9203401
294 -3.4462383 -1.4151845
138 -1.4220556 3.6547859
166 -1.3412089 3.5620382
5 -1.9594612 1.1033783
217 -1.4328046 3.8650324
13 -2.085996 0.79218405
284 -3.4688404 -1.3932184
35 -2.0543606 0.7890764
156 -1.4068632 3.1387966
123 -1.4062866 4.0839744
62 -3.616834 -1.6052333
73 -1.9362704 0.89631736
104 -2.0025256 0.93446267
182 -3.4685557 -1.5441898
228 -2.023389 0.87262785
1 -3.760848 -1.7593893
154 -3.9422302 -1.8986535
192 -3.4417655 -1.3997355
33 -1.7921838 1.3907274
49 -2.0298476 0.7185364
261 -3.6095426 -1.537309
282 -2.0913723 0.6308985
238 -1.4285136 3.723962
109 -3.9730983 -1.9755459
143 -1.3845325 3.3942611
297 -1.4209607 3.8137145
210 -1.3765299 3.8184502
290 -1.3573991 3.6223867
63 -2.0470479 0.8215907
281 -2.131762 0.6344927
29 -3.649925 -1.5802121
50 -2.9196575 -0.85197175
232 -3.7890744 -1.7213435
173 -2.088674 0.7731873
248 -4.0117917 -1.8397423
253 -1.9158647 1.009345
293 -2.174374 0.46579266
212 -1.4060373 3.8881996
185 -3.444805 -1.4161122
39 -2.1307576 0.56477726
42 -1.4446441 4.0439076
159 -1.3453221 3.825139
47 -1.3562979 3.194611
184 -3.882244 -1.8719497
85 -3.5969288 -1.6078548
221 -3.6608956 -1.5858527
134 -1.8894169 1.122685
296 -3.6933022 -1.6676254
160 -3.656161 -1.6309501
250 -3.9143124 -1.8782555
70 -1.3690547 3.663134
61 -2.0538902 0.6292581
279 -2.1366735 0.5144227
177 -2.0009127 0.81128013
111 -3.453165 -1.3944197
249 -3.8664699 -1.7720296
285 -1.3758146 3.8220608
107 -1.978539 0.888043
142 -1.3840047 3.6980145
257 -1.4670274 4.1714406
2 -3.5996532 -1.5316316
25 -3.8725324 -1.8181093
40 -3.700263 -1.7159929
226 -1.4012371 3.7754042
264 -3.8840365 -1.837561
209 -3.5702732 -1.5449796
55 -2.0866284 0.7430912
235 -1.3869234 3.5695167
299 -1.3834671 3.8575206
148 -3.6988595 -1.7273722
287 -3.8072824 -1.7941083
172 -3.6081178 -1.6473445
67 -1.4307673 3.6314263
82 -3.5321717 -1.5565875
271 -1.4933215 4.2356877
291 -1.9583094 0.9343681
200 -1.3784502 3.6438384
113 -1.9985087 0.84638184
60 -2.0346208 0.9067157
99 -1.3913907 3.7249165
68 -1.3936911 3.2106228
93 -1.3784094 3.287008
169 -1.4160724 3.518136
273 -3.604013 -1.6257597
255 -1.9248878 1.058355
260 -4.1833115 -2.127305
267 -3.4127934 -1.3538882
19 -1.4251388 3.8759499
145 -3.4958992 -1.6093031
215 -1.4149218 3.4543667
204 -3.5010405 -1.4888514
69 -1.4097726 3.3919008
223 -4.263334 -2.2242966
38 -1.3444644 3.7811203
78 -1.4032271 3.867104
289 -3.599044 -1.6032453
66 -1.3426589 3.8339891
266 -1.9687879 0.8770865
181 -3.4835894 -1.5182956
122 -1.4021007 4.145238
106 -1.4054284 3.4790359
214 -2.0328386 0.82650244
74 -3.0251765 -1.0597925
139 -3.9909253 -1.9061838
245 -3.7063038 -1.6509039
116 -1.4752175 3.5951114
48 -3.81228 -1.7171738
120 -3.6850698 -1.6879873
171 -2.0041132 0.8998153
119 -1.4151053 3.3925729
79 -3.6510644 -1.6226317
220 -3.5976586 -1.5746026
202 -4.1018476 -2.131985
176 -1.3558136 3.3981721
37 -3.502786 -1.4650879
288 -3.5299966 -1.4654497
