300 2
83 -2.07316 0.6782032
7 -1.298482 3.4781635
52 -1.9316221 0.9614509
170 -2.0833263 0.6142008
269 -3.4486375 -1.3995986
195 -1.3812196 3.3822162
56 -2.0058908 0.7232354
256 -2.086327 0.7176475
6 -2.0450091 0.7859026
243 -1.9412729 1.0201805
128 -2.0013518 0.92213064
283 -1.399216 3.7513447
4 -1.4495271 3.5973155
158 -1.3842454 3.6994174
298 -1.8853883 0.99800617
201 -1.9715182 0.9055124
65 -3.5738525 -1.6682845
15 -1.9845887 0.84752244
13 -2.0395153 0.7830685
14 -3.6418166 -1.5409625
157 -3.6784134 -1.5867002
133 -3.2827146 -1.2585046
177 -2.0831177 0.7534114
5 -1.888216 1.0838597
217 -1.365382 3.848089
8 -2.0489655 0.86563516
98 -3.428326 -1.3901855
88 -1.349017 3.5385628
218 -1.9651004 0.9086923
34 -1.9684472 1.0092331
197 -1.3193545 3.635343
165 -3.5978184 -1.4943552
245 -3.6691103 -1.5352863
190 -1.8998768 0.948345
32 -3.6084738 -1.6006905
35 -2.1168792 0.6721751
299 -1.416556 3.4488742
78 -1.3279915 3.7671163
227 -1.34664 3.9010746
100 -1.3682256 4.013681
225 -1.3406821 3.5331857
206 -3.6029148 -1.4936866
116 -1.372521 3.399497
33 -1.8730564 1.1502147
150 -2.1414413 0.54362035
199 -1.9185544 1.0313722
18 -2.0445154 0.787805
291 -1.8967929 1.0517406
273 -3.5640957 -1.5335134
249 -4.0722404 -2.0485444
239 -1.402086 3.7107575
261 -3.724216 -1.6452662
223 -3.8940423 -1.8129619
131 -3.2120085 -1.1186535
77 -1.3402079 2.896262
231 -1.920896 1.0366079
148 -3.887594 -1.8141818
182 -3.6036322 -1.5923412
39 -2.0218546 0.84953195
55 -2.0267508 0.76729316
286 -1.3964622 3.714232
144 -1.484729 3.9775057
124 -1.4007653 3.9467223
251 -1.4036981 3.3867323
192 -3.4782636 -1.3703294
84 -1.3456378 3.3865576
180 -2.069803 0.704234
102 -2.0036163 0.85892093
138 -1.3907424 3.791947
174 -2.0438771 0.8618325
164 -3.9456139 -1.8792548
277 -1.9032345 1.0736313
187 -3.5329256 -1.4857419
40 -3.5558722 -1.4340074
203 -3.7314086 -1.7239388
288 -3.7534761 -1.6996363
168 -3.881001 -1.7651019
154 -3.7461245 -1.5504849
262 -1.9988316 0.8974621
17 -1.3427768 3.8703988
115 -1.3503478 4.017608
209 -3.4333684 -1.4110483
59 -3.7641788 -1.744843
53 -1.3722621 3.559854
89 -1.922162 1.0691079
54 -3.7448232 -1.6339455
161 -2.1528957 0.60307395
181 -3.6205757 -1.6265153
194 -1.9406468 0.99279296
297 -1.3608931 3.7083309
211 -2.0231593 0.7925653
198 -3.1646745 -1.0451765
296 -3.9237447 -1.8383471
259 -3.5314538 -1.4259373
19 -1.3859872 3.7175949
265 -1.4027058 3.7232969
117 -2.1248147 0.6102099
129 -2.0279841 0.9092095
93 -1.382815 3.5501149
50 -3.1626375 -1.1137663
233 -2.0480363 0.6871979
222 -3.8137147 -1.710354
169 -1.4191773 3.8643773
91 -1.838125 1.3748727
212 -1.402883 3.9741573
232 -3.6881416 -1.5918857
292 -3.6947968 -1.6933368
228 -1.9651592 0.95191926
30 -1.3935798 3.8299673
163 -2.0125694 0.8970381
61 -2.0083458 0.785733
136 -4.2784934 -2.1272163
213 -2.0202565 0.68570065
219 -3.5675147 -1.5277708
82 -3.5413043 -1.426342
139 -3.8756528 -1.7965658
167 -1.3392037 3.524325
275 -2.1114469 0.7834514
176 -1.3850219 3.4697707
3 -1.3694001 3.902197
28 -3.645305 -1.6051415
21 -1.3158379 3.6710367
287 -3.5743015 -1.4986156
141 -3.468145 -1.4754571
45 -1.3262881 3.4808462
58 -3.707142 -1.5715668
96 -1.3578384 3.536956
132 -1.3607122 3.5265303
221 -3.88716 -1.8150641
97 -2.1017714 0.6318175
255 -1.9430938 1.0063771
110 -3.032719 -0.9291833
216 -3.820557 -1.7146779
151 -2.0414517 0.86083645
12 -1.902474 1.0455457
241 -1.9187875 1.0332984
36 -1.3456892 3.6987176
47 -1.3483524 3.3092406
159 -1.3454194 3.6473005
257 -1.3578483 4.1668987
247 -1.3518618 3.5190873
27 -3.4535608 -1.4351063
293 -2.0613508 0.55469406
109 -4.1028337 -1.9525354
87 -2.0388777 0.8366307
240 -2.18394 0.49309817
111 -3.24271 -1.2282676
113 -1.9995177 0.78231
126 -2.1183488 0.7533574
276 -2.0840087 0.7256879
204 -3.8200266 -1.6697233
0 -1.3699052 3.655638
271 -1.4029723 3.9674473
196 -1.3836311 3.8702242
41 -1.3506541 4.014451
48 -3.9374669 -1.8636636
244 -2.115417 0.6443277
60 -2.008505 0.9362383
75 -3.1162434 -1.0389615
152 -3.744589 -1.6600415
92 -1.3714391 4.275655
118 -1.3755507 4.05296
258 -1.98932 0.8769601
135 -3.346238 -1.2980831
266 -2.0672472 0.7906827
200 -1.3186626 3.9415097
246 -1.3614877 3.6094337
189 -1.3564259 3.2335567
284 -3.2906637 -1.3425634
20 -1.3621508 3.510071
22 -1.3208339 3.6751668
26 -1.3484467 3.419634
272 -1.3789599 3.0521286
43 -2.0181384 0.909381
57 -2.083782 0.7157392
175 -2.0479827 0.845879
248 -3.9137976 -1.7378027
70 -1.3211075 3.883233
74 -3.3523145 -1.2222409
105 -3.1240542 -1.0917451
155 -3.8548622 -1.7992487
270 -3.4952815 -1.4116676
205 -1.3842164 3.4512272
252 -2.0219474 0.8235828
237 -1.3112358 3.4708226
10 -1.4388682 3.9468572
149 -1.9942784 0.97833616
202 -3.8776624 -1.8515148
172 -3.5639753 -1.511904
123 -1.3696247 3.6730995
214 -1.950692 1.0082127
229 -1.7247386 1.5354154
67 -1.3411009 4.0314655
80 -1.3154539 3.8230298
289 -3.5272481 -1.4690028
242 -2.0043702 0.81488377
290 -1.3225702 3.6913354
207 -1.3557273 3.7503567
23 -1.9684465 0.976283
160 -3.6073637 -1.577522
234 -1.9807125 0.8724703
94 -1.9650513 0.95086247
46 -1.3493925 4.211625
125 -1.3004702 3.29547
282 -2.1380804 0.55937123
104 -2.0162182 0.7633121
106 -1.2827404 3.5544415
295 -3.284175 -1.3592806
112 -3.7681828 -1.7660537
142 -1.4078369 4.0031695
2 -3.49307 -1.404249
69 -1.3178108 3.603303
267 -3.658879 -1.5367142
127 -2.0314631 0.8727171
63 -2.1027405 0.7006746
191 -1.3863425 4.1621313
236 -1.3237414 3.322598
279 -2.0098672 0.9665963
145 -3.698584 -1.6106175
147 -2.1094847 0.7011577
64 -3.6360743 -1.6316895
153 -3.317405 -1.3458966
9 -2.0171359 0.7513488
29 -3.6762917 -1.5809454
146 -4.0269017 -1.908546
285 -1.25251 3.6621888
44 -3.4969544 -1.4190259
62 -3.5632207 -1.5052398
73 -2.0249891 0.8955193
274 -1.9719898 0.9804444
238 -1.3389809 3.9975228
103 -1.2999756 4.082048
183 -2.0363624 0.7582498
162 -1.9687312 0.8669683
178 -3.1276963 -1.0921409
294 -3.491376 -1.2947934
224 -3.7282035 -1.7861229
280 -1.9678521 0.994538
121 -2.107342 0.5993075
85 -3.7710693 -1.6510792
37 -3.7277224 -1.6591139
38 -1.3221412 3.2265644
81 -1.338109 3.9052584
130 -1.327531 3.7259035
114 -2.1614034 0.5750002
215 -1.3920827 3.8810937
230 -1.3417203 3.1224897
119 -1.4002087 3.6440625
263 -2.052842 0.7737161
278 -1.4093893 3.435588
99 -1.3461348 3.5337913
179 -1.3949507 3.907017
68 -1.3390936 3.634873
108 -1.9344511 0.9259767
42 -1.379406 4.1111603
51 -3.5268283 -1.4120337
210 -1.3715806 3.6389174
72 -3.1787112 -1.1411453
79 -3.9112883 -1.7387831
120 -3.648726 -1.6394104
268 -1.3849508 4.3247695
185 -3.663804 -1.6289008
264 -3.8330715 -1.6452827
31 -1.3873676 3.7528117
122 -1.3023516 4.1162686
188 -2.1371167 0.687993
260 -4.066306 -1.9597398
49 -1.9802997 0.94918317
101 -1.9799203 0.822717
90 -3.3899884 -1.3342112
166 -1.377339 3.7434847
254 -3.4586637 -1.4085752
156 -1.3479205 3.6491141
253 -1.9329555 1.05666
173 -2.0963562 0.71322304
86 -3.28158 -1.2378005
143 -1.3734108 3.4672084
11 -2.0245957 0.7706353
25 -3.884961 -1.7693423
137 -1.432835 3.5778553
71 -2.1039114 0.713688
76 -1.361671 3.9762127
140 -2.1104856 0.7409879
171 -1.9486835 0.94794333
95 -4.0555177 -1.8315563
186 -2.041032 0.82327765
281 -1.9583787 0.88638806
250 -3.5940902 -1.5316448
66 -1.3584396 3.9864209
208 -3.6935217 -1.5331577
16 -3.6694 -1.6310108
24 -1.3705165 3.7202315
226 -1.3683004 3.777846
134 -1.9436715 0.9355711
184 -3.8520453 -1.757733
193 -3.5511494 -1.5215185
107 -1.9784212 0.9807955
235 -1.3915886 3.7356448
1 -3.5994365 -1.4865547
220 -3.5813947 -1.6460007
