30 2
7 3.3820612 4.0241065
29 3.8914962 4.230305
1 5.0401363 4.2224646
2 -3.0613053 5.417484
20 -2.269921 4.902721
26 4.630015 4.094863
4 -3.110516 5.2462516
3 0.7619853 4.2093673
14 -3.3216 5.428064
5 0.9737535 4.0788116
25 4.8659353 4.26183
23 -3.6044917 5.6032586
0 -0.015273052 4.258063
6 4.4647093 4.0450244
18 -2.2284486 4.8347564
28 -2.5698512 5.036805
8 -2.417284 4.872802
21 1.7127249 4.218596
17 -2.8426857 5.305754
10 3.781927 4.0164337
24 0.9175964 4.2136254
16 0.23385848 4.3955393
11 0.57053316 4.1937037
12 4.776395 4.1962767
13 1.817875 4.101985
22 3.5342057 4.019916
9 0.23495659 4.3547153
27 1.146944 4.1358066
15 4.947415 4.256766
19 -3.714444 5.583935
