300 2
158 -1.5391538 3.4793792
284 -3.4992034 -1.6867024
97 -2.0663106 0.50558215
49 -2.0479167 0.74635273
233 -1.9748898 0.8607893
11 -2.05645 0.6611904
240 -2.1667943 0.48283413
195 -1.4792656 3.5013416
236 -1.4981467 3.0180407
35 -2.0897422 0.5241558
8 -1.9955447 0.9208976
237 -1.4643183 3.627452
209 -3.41375 -1.4871305
160 -3.4930763 -1.6315145
234 -1.9573885 0.8906415
205 -1.5046104 3.2677643
5 -1.8499738 1.2428553
163 -2.1379542 0.5085484
23 -2.0694008 0.6617884
219 -3.6971135 -1.8390944
251 -1.5359458 3.6685638
28 -3.8704598 -1.9772693
147 -1.9662073 0.96439976
75 -3.5599592 -1.6543669
123 -1.501677 3.783127
244 -2.0800104 0.7470804
247 -1.4961929 3.563564
242 -2.050002 0.7352791
292 -3.5967696 -1.7897991
131 -3.2454488 -1.3751428
161 -2.070046 0.6079791
90 -3.360447 -1.4670002
149 -2.0665886 0.7062242
31 -1.4343035 3.689159
107 -2.0973566 0.5669497
87 -2.00832 0.8437362
241 -1.9821366 0.802703
274 -1.9386966 1.0137306
116 -1.4111307 3.4023204
140 -2.1495428 0.55124
217 -1.4436603 3.8959575
218 -2.032364 0.78964156
256 -2.1166544 0.4976938
170 -2.1174724 0.66535217
180 -2.0854158 0.6898514
56 -2.1099083 0.53168017
62 -3.6569843 -1.8083324
94 -2.0607967 0.6304216
139 -3.6954668 -1.8438759
196 -1.4993769 3.6608377
258 -2.1633506 0.48644954
265 -1.4406788 3.7228258
6 -2.081292 0.57962203
76 -1.492267 3.7598658
291 -2.0208378 0.75304407
47 -1.4869702 3.3531094
150 -2.1915896 0.41195264
83 -2.1064425 0.60717803
50 -3.402207 -1.5788686
59 -3.245677 -1.3899786
221 -3.5414455 -1.6520609
95 -4.0645905 -2.0897827
297 -1.5168806 3.711273
246 -1.5132494 3.7119074
229 -1.968393 1.0439761
190 -2.077245 0.7083358
167 -1.5648229 3.7170057
60 -2.0939386 0.6028906
81 -1.4891019 3.7798357
143 -1.5346413 3.4195209
110 -3.2196336 -1.3802929
254 -3.5454786 -1.6782662
189 -1.4802657 3.3069592
156 -1.468435 3.6563041
184 -3.7304773 -1.8768944
27 -3.731937 -1.8572807
260 -4.2672334 -2.3434277
33 -1.9604751 0.91592485
36 -1.5162932 3.7722301
57 -2.0492113 0.72139794
51 -3.5527706 -1.6568264
248 -3.9224122 -2.0519862
262 -2.1624417 0.40787315
77 -1.48026 3.3420017
115 -1.5007936 3.7101958
118 -1.537292 4.247095
168 -3.7030218 -1.739264
249 -3.537324 -1.6806105
272 -1.4408555 3.2104893
17 -1.4730867 3.7345068
280 -2.0142586 0.87203884
239 -1.5320626 3.5990882
108 -2.032432 0.85255736
285 -1.5535893 3.7287104
282 -2.094981 0.595382
273 -3.3966289 -1.5137873
290 -1.4996521 3.3781116
4 -1.4599383 3.6659486
9 -2.1199186 0.59014976
145 -3.6695087 -1.7077403
104 -1.9591222 0.8137725
63 -2.0792441 0.67262083
61 -2.037253 0.67985266
194 -2.0798407 0.6872515
96 -1.4860597 3.6590564
58 -3.6787462 -1.8813332
79 -3.3916965 -1.5682586
214 -1.9343506 1.038154
126 -1.9470704 0.8774951
16 -3.774823 -1.8118582
288 -3.5183764 -1.6951252
133 -3.1432047 -1.4021015
66 -1.526632 3.779753
80 -1.5106344 3.6209037
99 -1.4589968 3.8902206
165 -3.502655 -1.6772212
146 -3.8071766 -1.9098794
177 -2.011523 0.7454954
231 -1.922778 0.95236063
283 -1.5441295 3.9951816
277 -1.9973935 0.89587307
3 -1.5208728 3.9251218
74 -3.2926426 -1.4637035
18 -2.0481224 0.81779075
69 -1.5383415 3.5818205
174 -2.1392713 0.5606474
48 -3.8243482 -2.0429432
54 -3.6986527 -1.7974421
86 -3.4349535 -1.6559517
53 -1.5714743 3.7142332
178 -3.2365746 -1.3874966
67 -1.4622136 3.8019538
132 -1.620069 3.6646779
263 -2.001659 0.93510306
157 -3.5909896 -1.6946908
191 -1.4863615 3.9710922
198 -3.114493 -1.2283956
294 -3.5397255 -1.6964161
295 -3.2668357 -1.3936499
38 -1.4910382 3.432941
245 -3.5413969 -1.6920222
12 -1.981435 0.9546178
187 -3.4678266 -1.5854082
15 -2.0831358 0.6842963
130 -1.520583 4.04905
22 -1.4527986 3.764402
34 -1.9216921 1.1822848
243 -1.9962329 0.86895066
106 -1.5060397 3.1053665
153 -3.4330735 -1.5759363
103 -1.4570903 3.7084024
65 -3.2298288 -1.3192089
71 -2.0275614 0.73239815
271 -1.5046428 3.9485574
127 -1.9901711 0.77714443
129 -2.033303 0.79911745
134 -2.052408 0.90577793
216 -3.5530987 -1.7039193
289 -3.399564 -1.5942658
207 -1.4785362 3.6433778
109 -3.8575625 -2.0866723
13 -2.0952425 0.63843256
19 -1.428413 3.3542917
30 -1.4963423 3.6820605
203 -3.4286094 -1.6545384
298 -2.0191364 0.8536161
46 -1.4498922 3.9191134
255 -1.9855301 0.774374
117 -2.1108942 0.5084444
122 -1.5287784 3.9314854
286 -1.4755565 3.59213
208 -3.6072054 -1.7359756
10 -1.5720774 3.6861372
24 -1.5302681 3.9473553
41 -1.5842708 4.0481534
296 -3.605684 -1.7718836
159 -1.5199382 3.8531806
85 -3.5254757 -1.69175
252 -2.1022117 0.6326822
210 -1.4994999 3.4623084
278 -1.4819372 3.4930596
224 -3.6671216 -1.73386
223 -3.9126365 -1.9816524
45 -1.4739467 3.262042
70 -1.4681486 3.7114408
112 -3.598319 -1.7619758
215 -1.5072054 3.63696
137 -1.5299982 3.7142253
235 -1.4483544 3.4797127
101 -2.01557 0.872228
135 -3.5056944 -1.6095617
89 -2.007629 0.90847397
91 -1.9725109 1.1596165
125 -1.4119906 3.4729667
228 -2.009883 0.7578689
232 -3.66576 -1.6800354
287 -3.785806 -1.9061916
201 -2.0918627 0.565613
268 -1.5297338 3.9245567
281 -2.0521104 0.6016752
148 -3.711129 -1.7635248
68 -1.5043144 3.4872859
202 -3.7629807 -1.8809448
199 -2.0847168 0.8092646
181 -3.2613552 -1.3796028
188 -2.0975642 0.6562136
225 -1.5250849 3.6161206
1 -3.4872847 -1.683557
14 -3.5264418 -1.6149579
43 -2.0764642 0.7617754
72 -3.4012334 -1.6936587
73 -1.9652518 0.8324876
42 -1.4824953 3.691746
276 -2.0856886 0.61040103
93 -1.5034592 3.664646
299 -1.5042332 3.4293544
238 -1.5100353 3.97021
261 -3.6666243 -1.929799
92 -1.5768993 4.3452983
114 -2.1514497 0.48207268
182 -3.4065201 -1.5433584
166 -1.4989647 3.994833
204 -3.4005156 -1.621686
151 -1.9841647 0.9466657
55 -2.0055 0.829008
7 -1.5246797 3.6114082
44 -3.0803542 -1.166091
102 -2.03534 0.6952263
226 -1.511053 3.8567712
111 -3.4853315 -1.6181706
269 -3.2220042 -1.2880884
144 -1.5211821 3.3983655
162 -2.0048869 0.87736195
230 -1.4628397 3.0804076
267 -3.2859633 -1.4327546
2 -3.198087 -1.3970795
213 -2.120846 0.5342031
82 -3.550558 -1.627665
88 -1.4502438 3.4918523
78 -1.545469 3.4917283
128 -2.1159837 0.61718124
152 -3.8063948 -1.9202669
176 -1.4387306 3.4775977
253 -1.9470129 1.1297741
142 -1.4958215 3.9748118
37 -3.5431564 -1.7377398
119 -1.4531652 3.4919858
155 -3.8798254 -1.963186
183 -2.0077662 0.8667626
206 -3.3573196 -1.5412095
275 -2.007992 0.93882865
264 -3.7099168 -1.91434
270 -3.801094 -1.9213797
20 -1.432978 3.721399
26 -1.4870483 3.4400327
172 -3.7170255 -1.9359798
32 -3.339472 -1.5061162
39 -2.0923173 0.53037643
52 -2.0680964 0.6577602
197 -1.4590498 3.660005
105 -3.2953227 -1.3610251
124 -1.4732107 3.5942252
293 -2.085526 0.6505153
250 -3.626302 -1.7465128
120 -3.5774431 -1.7705116
154 -3.7262118 -1.8557024
164 -3.8003805 -1.9968685
64 -3.3643885 -1.5130843
200 -1.4536004 3.8661244
100 -1.5080332 4.1396875
175 -2.0308208 0.8010821
222 -3.4354632 -1.6621941
29 -3.5370467 -1.6998254
84 -1.4197897 3.566576
169 -1.4408901 3.4235244
113 -2.005113 0.7898519
259 -3.4494665 -1.6217428
171 -2.0528076 0.7800944
25 -3.4808512 -1.620073
192 -3.3894253 -1.5706302
220 -3.4928916 -1.704422
211 -2.025702 0.7505504
138 -1.4512985 3.6861553
40 -3.5416179 -1.6685405
141 -3.7042449 -1.8251256
98 -3.2895985 -1.4667376
136 -3.7469215 -1.8445108
21 -1.4880933 3.5614784
227 -1.4783293 3.4457393
186 -2.1658938 0.56581736
266 -2.0819142 0.638249
179 -1.4895568 3.936737
185 -3.8373897 -1.9696114
121 -2.0421076 0.582639
193 -3.5977197 -1.6928097
279 -2.160919 0.76744145
0 -1.466699 3.8453255
173 -1.9613051 0.87868357
257 -1.4820688 4.4031014
212 -1.44374 3.535799
