30 2
15 3.9332485 1.5215373
26 3.513625 2.393186
21 3.3111138 4.763627
12 3.439098 6.531542
7 3.5395923 2.297036
18 3.8070917 1.3555235
4 3.9912534 1.0886451
22 3.7872999 1.5744209
19 5.4562445 -1.4991782
25 6.1246758 -2.3225322
10 5.292807 -1.4024497
13 5.549056 -1.5515957
16 3.7670825 1.8647865
8 6.108874 -2.2186291
1 3.312238 5.3895698
28 6.0373316 -2.3007836
23 6.9873323 -3.0873308
11 3.4302163 5.938356
0 3.2769713 4.6051226
24 3.303772 4.874562
17 3.9614632 1.4416028
3 3.3216608 4.6016903
6 6.380325 -2.5899446
14 3.725342 2.113047
20 4.028495 0.994762
27 3.3631475 6.204871
29 7.001459 -3.1009843
5 6.4831376 -2.5492253
9 3.281328 5.0025
2 3.4684765 6.575388
