30 2
21 3.2136416 4.930689
10 5.368858 -1.2259693
16 3.715541 1.9490376
7 3.5520816 2.198658
14 3.599522 2.118163
1 3.279277 5.3855753
4 3.9897444 1.1587626
6 6.384706 -2.3538103
28 6.040673 -2.1343162
8 6.2278385 -2.275603
15 3.9367836 1.4088634
25 6.1530313 -2.1383471
23 6.9272017 -2.9625218
13 5.5035424 -1.3878258
18 3.75485 1.4643239
22 3.6732688 1.7555442
27 3.2956328 6.2404838
11 3.3079295 6.010668
17 3.9669633 1.3879764
26 3.5245001 2.365782
12 3.347487 6.557276
20 4.0803714 1.0096639
3 3.2714052 4.645296
19 5.6250215 -1.5888338
24 3.2472944 4.9370356
5 6.466466 -2.4743807
2 3.353411 6.6618905
0 3.158787 4.897666
29 7.154895 -3.1055071
9 3.253692 4.7265825
