30 2
7 3.7928052 3.7533734
4 -2.7139928 5.461754
25 4.8459144 3.9670188
11 0.9036904 4.1381464
0 0.27203965 4.212359
3 1.066889 4.1018896
5 1.1118345 4.0093374
14 -3.0196505 5.6480784
1 5.267068 3.874013
6 4.9343677 3.744733
2 -2.709834 5.583113
29 4.198573 3.9527588
23 -3.101964 5.782411
21 2.140769 4.0540547
22 3.952954 3.663676
12 4.7116804 3.8963926
13 2.2587569 3.8941057
20 -2.0265646 5.09426
15 5.156277 3.9928734
18 -1.9252362 5.0513277
28 -2.3730276 5.1742144
19 -3.2973437 5.8931684
24 1.397504 4.0468946
9 0.42053652 4.3500423
17 -2.5346403 5.378428
27 1.4697425 4.0784783
26 5.005528 3.800174
16 0.48038262 4.2975073
10 3.99492 3.8457987
8 -1.9941965 5.033923
