30 2
21 3.410722 4.8013415
22 3.7511766 1.6689134
6 6.2974753 -2.5887809
16 3.857624 1.622054
19 5.410134 -1.5050112
7 3.6396577 2.1115222
10 5.4485435 -1.4974912
17 3.902285 1.5472167
20 4.0532155 0.86968696
26 3.585703 2.2346828
4 3.9615128 1.1643107
8 6.055803 -2.2414465
25 6.1784863 -2.3489764
27 3.3999734 6.2113953
14 3.6573133 1.9567386
15 3.8571916 1.5386642
24 3.3992114 4.800265
13 5.526113 -1.6858269
0 3.3552206 4.7377887
1 3.341294 5.284041
28 6.0836368 -2.3454576
12 3.451497 6.525441
2 3.6051874 6.5764995
23 6.8652196 -3.1031008
3 3.3883402 4.524472
9 3.4414606 4.900578
11 3.4655092 5.9678597
18 3.8699265 1.2073412
29 7.0318604 -3.172626
5 6.348655 -2.6598883
