30 2
16 3.7187529 1.8281723
21 3.3082392 4.875593
4 4.021802 0.94081247
15 3.8970513 1.4118652
10 5.368533 -1.3128656
26 3.5533292 2.2950585
8 6.1333265 -2.213255
22 3.6572912 1.63356
1 3.2827363 5.483935
14 3.686054 2.0497053
28 6.0483303 -2.1826522
19 5.49998 -1.4959203
23 6.9571214 -3.1104982
17 3.9452608 1.3717861
12 3.340141 6.6172614
25 6.2306366 -2.1982374
7 3.5526326 2.2005353
29 7.068817 -3.057328
0 3.2606564 4.6424217
11 3.2742515 6.022016
5 6.3496714 -2.4200423
20 4.04654 0.9454182
24 3.2513053 4.9412227
18 3.7787092 1.2846183
27 3.3797166 6.182833
2 3.4936965 6.5315514
13 5.503991 -1.5129187
6 6.4402003 -2.5206106
3 3.2775626 4.626025
9 3.3008723 4.956238
