30 2
21 3.1150453 5.016737
16 3.6515603 1.8807809
25 6.333466 -2.0525181
1 3.0382304 5.520247
26 3.4087496 2.7406585
4 3.8257494 1.4749109
7 3.4628742 2.4827173
22 3.7188492 1.7628806
10 5.4502263 -1.1816248
15 3.7880545 1.6286099
13 5.3713303 -1.1961972
28 6.166047 -2.0240898
17 3.754992 1.8331822
27 3.1212819 6.220303
3 3.0658262 4.590177
8 6.299124 -2.0682418
6 6.3670053 -2.1217875
19 5.585655 -1.4053117
20 4.0149493 0.9008684
9 3.0847304 5.0419416
2 3.097159 6.8460965
14 3.6098933 2.3218539
5 6.456871 -2.1059372
12 3.095202 6.6190658
29 7.197947 -2.8082712
23 7.0911727 -2.6459782
0 3.0992367 4.7379217
11 3.06274 6.1182804
18 3.6710572 1.5715138
24 3.086834 4.994065
