30 2
22 3.7639623 1.6167121
14 3.7942734 1.8743931
26 3.7226245 2.0474086
8 6.189604 -2.6069722
28 5.8794174 -2.243454
1 3.4077334 5.139812
10 5.4092712 -1.4754652
21 3.4441013 4.7315197
3 3.4703817 4.3389673
4 3.9993498 1.028629
16 3.799491 1.7127018
25 6.1696825 -2.5435662
11 3.4999843 6.1530123
29 6.9079075 -3.3568683
23 6.8229294 -3.2751055
7 3.6441312 1.997065
19 5.329266 -1.54317
6 6.2681847 -2.6529531
20 4.0416517 0.80735296
0 3.432138 4.6747184
12 3.6155531 6.441679
17 3.9286625 1.3112801
18 3.8631063 1.2459706
9 3.4228423 4.7806826
13 5.3936286 -1.6098396
5 6.380002 -2.7287457
24 3.4774914 4.7199497
15 3.9308345 1.2528716
2 3.6662266 6.4980717
27 3.5491338 6.1206217
