30 2
16 3.5962849 1.9633124
14 3.5815802 2.1508713
15 3.8797598 1.6269939
21 3.3302379 4.8870215
25 6.235458 -2.224979
4 3.980659 1.0753288
19 5.595707 -1.5821828
20 4.0007935 0.9927291
7 3.5450752 2.2964628
22 3.6586576 1.8025826
27 3.3873496 6.191318
8 6.140446 -2.2659624
17 3.8774302 1.3986684
26 3.4864054 2.397825
10 5.3927655 -1.34309
18 3.802562 1.3525964
1 3.1897287 5.4776106
28 6.0625563 -2.1947315
11 3.3317153 6.0173945
12 3.3851304 6.5351167
6 6.3847437 -2.416014
29 7.1129622 -3.0901105
2 3.409298 6.550761
5 6.459738 -2.434844
3 3.2928884 4.5783825
9 3.2995033 4.8033886
0 3.151472 4.7783494
13 5.481532 -1.4015561
23 7.0242195 -3.035086
24 3.30322 4.876657
