30 2
29 4.54497 3.5136945
7 4.2367597 3.3515232
1 5.703278 3.3219562
20 -1.4124177 5.2509756
25 5.450711 3.3565469
5 1.5612886 3.9635744
23 -2.782658 6.0730524
18 -1.3462002 5.031651
14 -2.4456737 6.031712
21 2.333677 3.845628
3 1.619739 4.0405574
4 -2.1864326 5.6688857
6 5.0161953 3.309719
24 1.4669687 4.0378556
19 -2.732614 6.28832
0 0.6842544 4.2556353
22 4.3692656 3.3562117
28 -1.6905582 5.299466
2 -2.0415378 5.840216
12 5.126219 3.3313417
9 0.73420405 4.301778
15 5.915538 3.3677042
11 1.0968609 4.0164194
10 4.350945 3.506206
8 -1.6107515 5.266105
16 0.8793837 4.3095484
26 5.1137986 3.2270532
17 -1.9250485 5.5237966
13 2.4213307 3.709151
27 1.854895 3.8983366
