30 2
16 3.83519 1.6829197
1 3.5481992 4.9775376
25 6.1184616 -2.7007234
15 3.8725169 1.3317775
28 5.9864697 -2.6208014
22 3.7621694 1.5929271
14 3.7432096 1.9702018
7 3.6595018 2.0412357
13 5.456672 -1.8512464
18 3.8358667 1.291832
10 5.2873974 -1.537485
8 6.1038303 -2.7123117
0 3.5815587 4.481601
4 3.9865267 1.0168337
21 3.5954766 4.6675196
17 3.9311693 1.2558837
19 5.379163 -1.6954852
26 3.5989244 2.2771688
23 6.609865 -3.308046
3 3.496787 4.3525753
12 3.7953835 6.230829
6 6.10676 -2.9375825
9 3.5445635 4.647268
20 4.099843 0.8288158
27 3.7153912 5.9996066
11 3.698161 5.915123
29 6.8792768 -3.462797
5 6.3922853 -2.9807098
2 3.8517835 6.261343
24 3.5787604 4.669087
