30 2
7 4.181769 3.2725837
0 0.8632894 4.1952324
20 -1.3060741 5.2421503
3 1.57691 3.9628325
5 1.7886972 3.805689
29 4.7489705 3.2711198
24 1.732107 3.934471
1 5.705327 3.1627986
6 5.1982694 3.0747488
4 -2.0000918 5.824958
22 4.3816504 3.1627932
14 -2.1795483 5.985691
2 -1.8107482 5.77975
18 -1.27845 5.208427
11 1.3866979 4.0218635
10 4.358483 3.2423666
21 2.585077 3.661491
26 5.3455367 3.0022647
23 -2.5326064 6.225737
12 5.340631 3.2440872
13 2.5100255 3.7129796
8 -1.2224048 5.2060447
17 -1.7014781 5.6645555
16 1.1299372 4.2657266
25 5.4209037 3.1386392
19 -2.4953942 6.35315
28 -1.6080297 5.4671354
9 0.9831481 4.221708
27 2.104025 3.7773993
15 6.020867 3.147278
