30 2
10 5.4802732 -1.0390104
21 2.9859247 5.063391
22 3.606736 1.898388
1 2.9620216 5.5895185
25 6.307759 -1.8551451
4 3.840648 1.4213821
28 6.1358895 -1.7079772
8 6.38672 -2.0509496
0 3.0081384 4.768627
16 3.6539235 2.0498478
23 7.11114 -2.7405279
7 3.4374416 2.4473352
14 3.4247444 2.375759
27 3.0754898 6.369438
5 6.52281 -2.1721425
13 5.5147686 -1.2188467
15 3.8310535 1.6289135
26 3.4071598 2.547544
17 3.7963285 1.6795818
2 3.1531541 6.8853703
12 3.0297527 6.561351
20 4.032861 1.0259792
24 3.0193076 4.984827
3 3.0261893 4.613717
29 7.154412 -2.704651
19 5.5681944 -1.116795
6 6.4209075 -2.1036518
18 3.7308428 1.5915515
11 3.0117054 6.1351414
9 3.0481663 5.033274
