30 2
3 0.90446126 4.246651
29 3.9354866 4.017325
21 1.8228266 4.091317
1 5.272955 4.090093
12 4.7761393 4.0645804
2 -2.7858016 5.4364176
7 3.5986576 3.902793
23 -3.5882995 5.675287
14 -3.1601033 5.4761434
5 1.073226 4.175612
6 4.666303 3.930982
4 -2.9944687 5.3758698
20 -2.1992822 4.958727
11 0.7067041 4.1585317
24 1.1351774 4.131781
25 4.8640313 4.0877275
18 -1.941571 4.895085
10 3.7793498 4.034691
0 0.16532667 4.303823
15 5.0624537 4.024797
16 0.310462 4.3720756
22 3.6345994 3.8571715
17 -2.820481 5.3813353
27 1.3990598 4.1514645
19 -3.4886637 5.6464286
8 -2.2860923 4.9860735
26 4.829581 3.9278228
28 -2.30898 5.0320964
9 0.40951076 4.303488
13 1.9886376 4.067759
