30 2
29 4.9187098 3.0281177
7 4.5091333 2.8643708
2 -1.466442 5.9467306
20 -0.8817561 5.318841
10 4.6078863 3.02507
5 2.1643453 3.6382976
3 1.7429619 3.909955
14 -1.7986382 6.11923
1 5.831921 2.7607126
28 -1.1770501 5.5165844
6 5.4070997 2.767717
12 5.558088 2.7719917
21 2.8037374 3.5186152
22 4.415432 2.9097536
11 1.5783035 3.9858315
18 -0.75186044 5.2408233
24 2.0084317 3.7882552
25 5.6639667 2.831511
26 5.5656157 2.669869
17 -1.2768881 5.7019334
0 1.1458695 4.1046286
16 1.4178166 4.11113
8 -1.0599895 5.460742
13 2.979086 3.448916
4 -1.535123 5.888598
15 6.1210146 2.808437
23 -2.0425024 6.388123
27 2.360448 3.6132267
9 1.3122677 4.139192
19 -2.164614 6.438508
