300 2
263 -2.0409338 0.6655804
190 -2.0209775 0.94061905
209 -3.375901 -1.3053727
195 -1.3784872 3.4996061
234 -1.982942 0.84293556
50 -3.1379151 -1.1689639
224 -3.8812351 -1.8708988
31 -1.3736072 3.623865
231 -1.8957877 1.1966283
79 -3.6416416 -1.543072
53 -1.366535 3.7398033
5 -1.913859 1.121269
192 -3.4468927 -1.4178821
36 -1.3720379 3.8183799
149 -2.0295587 0.82299405
104 -2.0597627 0.66310734
247 -1.385561 3.5321674
158 -1.3485969 3.742593
8 -2.0197246 0.74348736
52 -1.9475453 0.9811424
64 -3.655424 -1.7330097
107 -2.076958 0.75468206
41 -1.3397064 4.163311
19 -1.3395683 3.7357714
9 -2.0198417 0.8001975
23 -2.0153532 0.81148887
215 -1.3405787 3.5958085
252 -2.1277683 0.65384674
128 -1.9669067 0.9593702
54 -3.7377634 -1.7761673
86 -3.5379367 -1.5674057
175 -1.9918547 0.89578646
282 -2.07147 0.7250342
51 -3.482603 -1.5262966
162 -2.0139294 0.8681112
111 -3.4352186 -1.3983661
133 -3.381216 -1.3679168
148 -3.626659 -1.5960907
55 -2.1059 0.6281014
154 -3.9821317 -1.9171754
274 -1.8243831 1.3640106
259 -3.6050732 -1.6147071
140 -2.1498044 0.5743712
28 -3.4080281 -1.381403
56 -1.9782606 0.84902215
33 -1.8688579 1.1095308
73 -2.0304456 0.7613113
262 -2.0550928 0.6977407
47 -1.3759205 2.974612
286 -1.333406 3.9009204
267 -3.2010143 -1.0952061
180 -2.1185079 0.5913628
77 -1.3537781 3.2487912
284 -3.494954 -1.4595007
93 -1.4179399 3.8178809
101 -2.0200915 0.80661064
134 -1.9558903 0.88603246
251 -1.384716 3.7453532
143 -1.3899502 3.3221014
219 -3.5310686 -1.4543921
6 -2.0044796 0.75051093
20 -1.3874136 3.7136195
45 -1.322327 3.430331
254 -3.676923 -1.5910245
129 -1.9733105 0.979534
157 -3.3982034 -1.4283081
136 -3.7439873 -1.6173986
205 -1.3624022 3.4076915
253 -2.0214956 0.8257447
16 -3.7658668 -1.7299845
21 -1.3527063 3.4102485
182 -3.6444566 -1.6368773
151 -2.0158093 0.760451
204 -3.5745852 -1.4605306
176 -1.3610197 3.2982876
144 -1.3905243 3.415558
188 -2.1476607 0.6156127
174 -2.0443926 0.6972592
237 -1.4620402 3.440146
242 -1.9168017 1.0473982
184 -3.9168272 -1.8788071
288 -3.7209744 -1.7260098
103 -1.3743974 3.9629178
260 -3.8439443 -1.829676
35 -2.0023983 0.8443521
124 -1.459412 3.937649
97 -2.1005628 0.6026174
256 -2.1339738 0.6384964
194 -1.9938033 1.0676668
18 -1.9328272 1.0782804
211 -1.9258765 1.0462337
248 -3.6784265 -1.6408379
187 -3.6067119 -1.5949249
117 -2.063536 0.80502635
75 -3.4116352 -1.3985089
265 -1.3462356 3.5855212
246 -1.3871794 4.137476
208 -3.7422867 -1.6820908
212 -1.3173221 4.253616
113 -2.0771718 0.7022154
279 -2.1297011 0.70240027
34 -1.9162292 1.0952704
81 -1.4118018 3.9683974
78 -1.4184234 3.8151765
91 -1.9669958 0.96911794
295 -3.442893 -1.3627753
273 -3.6462965 -1.5970515
105 -3.1015842 -1.0950001
173 -2.0268085 0.8482683
170 -2.0258713 0.80696344
122 -1.3659917 3.9949024
193 -3.5330024 -1.4829254
238 -1.4047391 4.1106863
236 -1.3942361 3.3070695
2 -3.4403393 -1.402873
213 -1.9884946 0.8129421
228 -2.0264945 0.8563473
13 -2.004017 0.8925265
235 -1.4010288 3.308905
229 -1.8497807 1.3478955
62 -3.9202142 -1.9615158
217 -1.3619926 3.856498
82 -3.4013138 -1.3719101
233 -2.0741024 0.73798037
92 -1.4688244 4.26607
280 -2.0417678 0.81309503
199 -1.9663312 1.0531359
269 -3.444047 -1.3777269
160 -3.5016909 -1.3873628
270 -3.4974422 -1.4617145
291 -2.0073516 0.89351726
94 -2.027776 0.86354154
12 -1.9348941 1.075987
66 -1.3330084 3.776472
26 -1.3969377 3.2097328
257 -1.3325387 4.1386185
87 -1.9484781 1.0065761
61 -2.1050887 0.62441874
119 -1.4186502 3.1087787
80 -1.3954691 3.7844098
83 -1.9926208 0.83951014
163 -2.0589242 0.6711018
266 -2.0447319 0.87399143
207 -1.3598908 3.8492708
227 -1.4036285 3.8104808
197 -1.3494502 3.9058197
206 -3.3445957 -1.3705242
232 -3.7836747 -1.7381321
14 -3.485449 -1.3983461
40 -3.5478737 -1.5521783
167 -1.3635081 3.8453922
289 -3.621665 -1.5964421
222 -3.5969737 -1.560434
281 -2.0575666 0.8084472
7 -1.3868628 3.372408
65 -3.601028 -1.5665479
131 -3.5268476 -1.5635455
88 -1.394575 3.482438
89 -2.0314593 0.87850606
95 -4.0211525 -1.9952458
99 -1.3692609 3.3829978
108 -2.052008 0.78856355
298 -1.9931327 0.93105024
152 -3.6784286 -1.6909864
127 -2.1047256 0.69594353
292 -3.5907786 -1.5679865
159 -1.3662689 3.7854671
210 -1.3859091 3.924345
161 -1.9537833 0.9534835
226 -1.3654692 3.5522952
250 -3.632295 -1.5899237
271 -1.3536477 4.155129
278 -1.4259002 3.9046712
169 -1.2947735 3.7764325
4 -1.3568242 3.891468
203 -3.9182453 -1.8372808
261 -3.5909665 -1.5503668
29 -3.498653 -1.467626
49 -2.0623133 0.75971293
58 -3.741678 -1.7345303
68 -1.3485138 3.2876992
72 -3.206548 -1.1897839
96 -1.360626 3.7537963
287 -3.5394228 -1.5798662
240 -2.0963457 0.6747971
202 -4.150538 -2.0499234
11 -1.9500748 0.9238728
121 -1.9347357 0.9692603
15 -2.04532 0.78652114
181 -3.2783186 -1.2137426
116 -1.3759372 3.5631678
145 -3.5685177 -1.5545027
186 -2.0100362 1.0168718
67 -1.3212885 3.812923
100 -1.3842541 4.0118604
137 -1.3605608 3.4536245
214 -1.9234188 1.0624486
299 -1.4306226 3.5829108
27 -3.611393 -1.572706
243 -2.0239155 0.81504637
138 -1.2836789 3.8457694
42 -1.2870673 4.078301
230 -1.4064724 3.0852575
63 -1.9930226 0.8965351
168 -3.7659287 -1.7821833
110 -3.2931957 -1.2333138
123 -1.3650293 3.6670187
146 -3.8546875 -1.8478684
164 -3.8377755 -1.8589866
258 -2.0728753 0.6624874
293 -2.1059988 0.660277
268 -1.3524262 4.1841507
84 -1.3404914 3.2977526
90 -3.523369 -1.5278524
115 -1.3947223 3.8649955
141 -3.6127641 -1.636281
294 -3.6656382 -1.6328545
276 -2.027926 0.8997806
17 -1.3713076 3.5878322
125 -1.313052 3.4717066
60 -1.9960852 0.82442135
74 -3.0853927 -0.9747971
200 -1.3754154 3.9264054
201 -2.0553613 0.7909329
239 -1.3760374 3.7583826
132 -1.3797313 3.6249807
10 -1.3331448 3.831179
244 -2.121784 0.708002
142 -1.365848 3.8860424
43 -2.03551 0.8367773
283 -1.3216729 3.8603299
44 -3.3427982 -1.3434755
57 -2.207703 0.4963026
147 -2.1311457 0.59499896
71 -2.0657728 0.75295746
249 -4.031492 -1.941625
102 -2.0781565 0.76592773
118 -1.3277674 4.016543
25 -3.7103035 -1.7068446
22 -1.4055742 3.5809412
32 -3.307244 -1.2336016
48 -3.8370664 -1.7964759
264 -3.5634067 -1.6700699
155 -3.8495812 -1.841431
106 -1.3554077 3.5437248
241 -1.9269773 1.1508948
1 -3.4633713 -1.4583606
198 -3.2669811 -1.234068
38 -1.2828034 3.867567
46 -1.301384 4.2407856
153 -3.2289307 -1.1658553
69 -1.3232762 3.5814123
120 -3.595296 -1.5779746
191 -1.3763304 3.6972618
178 -3.4556458 -1.4233409
130 -1.3593515 3.8909974
255 -1.9943259 0.8988128
225 -1.3709058 3.5283167
37 -3.7026167 -1.7364277
126 -1.9803629 0.8151973
275 -2.016143 0.83326834
172 -3.6521819 -1.6368554
3 -1.2972527 3.7920444
114 -2.1944497 0.45397595
24 -1.3432231 3.5575037
296 -3.8185234 -1.7521734
85 -3.790243 -1.642868
189 -1.3510311 3.5414667
76 -1.3632295 3.7691855
30 -1.3239472 3.892949
218 -2.060721 0.7787843
98 -3.2398484 -1.2828088
177 -2.0070627 0.9044833
223 -3.8176112 -1.8177917
139 -3.8994703 -1.8827507
221 -3.643332 -1.6764717
166 -1.4019957 3.6202576
70 -1.4447724 3.6425247
277 -2.0078855 0.8475712
135 -3.1145043 -0.9992625
297 -1.3744318 3.9026122
0 -1.3397745 3.2258592
245 -3.4265869 -1.3845978
220 -3.6638 -1.760679
183 -1.9644015 0.95133257
290 -1.3384128 3.3297763
179 -1.3213816 3.6874983
272 -1.3542787 3.3104346
109 -4.371599 -2.2243073
150 -2.179335 0.5467872
165 -3.5187385 -1.5548776
171 -1.9420749 0.9902583
39 -2.0087755 0.88066304
216 -3.815923 -1.8328326
185 -3.5843632 -1.5290011
196 -1.3737956 3.6762924
59 -3.6516874 -1.5588334
156 -1.4514824 3.3901253
112 -3.348884 -1.3762519
285 -1.3922644 3.9129012
