30 2
7 4.2520423 3.317282
2 -2.020648 5.7917976
29 4.6671124 3.4494047
14 -2.3726957 5.9875813
18 -1.25321 5.0905304
4 -2.19961 5.787041
3 1.5552953 4.0536046
0 0.72589517 4.215449
20 -1.3371408 5.2061343
25 5.413723 3.3154826
1 5.6946673 3.3514228
21 2.3414686 3.847601
22 4.4767604 3.2757983
15 5.98348 3.3216338
5 1.4955754 3.8747776
6 5.1329794 3.2006097
10 4.388069 3.4421935
24 1.4684602 4.013464
8 -1.5694299 5.2545786
12 5.134363 3.2830312
27 1.9436816 3.856461
23 -2.7041826 6.0941153
26 5.108196 3.3085933
17 -1.7460942 5.5361695
28 -1.5474796 5.303894
11 1.0112388 4.0494475
16 0.9426786 4.287355
9 0.7348396 4.310328
13 2.3465066 3.6953828
19 -2.7487679 6.312812
