300 2
294 -3.731134 -1.604219
107 -1.8699144 1.1347876
33 -1.8358573 1.1767294
53 -1.2572091 3.5929732
213 -1.9701779 0.8823224
131 -3.4957445 -1.3313522
12 -2.0268064 0.8683588
270 -3.7349777 -1.6341673
247 -1.2725425 3.3737159
128 -1.9442736 0.9090549
35 -2.0339718 0.78974366
269 -3.2000697 -1.0960428
41 -1.2927989 3.7657683
189 -1.3218722 3.6662228
64 -3.5435462 -1.3669342
231 -1.8976603 1.1405765
62 -3.9037526 -1.6745045
164 -3.7731779 -1.6183295
56 -1.8028378 1.2151511
271 -1.2877903 3.948321
3 -1.28744 3.8356724
6 -2.0959625 0.7062772
7 -1.2803652 3.5089962
78 -1.3369275 3.7583108
45 -1.3071154 3.8982482
205 -1.3195295 3.6003954
83 -2.048262 0.66493976
89 -1.9973428 0.9412218
127 -2.0233793 0.89465505
139 -3.9392142 -1.7961646
225 -1.2704402 3.7985423
13 -1.9761158 0.9981068
4 -1.2707908 3.6303005
207 -1.246861 4.252818
255 -1.9143454 1.0577613
149 -2.1113355 0.76419413
291 -1.9008869 1.2183393
242 -1.9871984 0.9000772
95 -4.0667987 -1.9253488
180 -2.0885262 0.64345855
5 -1.8383077 1.1352772
69 -1.2892398 3.6847646
79 -3.7907097 -1.5691345
188 -2.0427191 0.7922345
289 -3.7373736 -1.5771209
9 -2.080296 0.74070156
175 -2.0060008 0.93635345
52 -1.8710661 1.043288
161 -2.1455836 0.6869389
186 -2.0594795 0.84620935
276 -2.0489645 0.72921836
32 -3.6463816 -1.4403044
174 -2.0527182 0.79215
84 -1.2812885 3.7057285
151 -2.0166981 0.8796302
241 -1.9356406 1.0253009
227 -1.2246761 3.6065192
272 -1.2658459 2.9613156
198 -3.2498598 -1.1133401
96 -1.3034953 3.5351589
23 -2.0209043 0.8395358
36 -1.289105 3.7885544
87 -1.9742728 0.88384753
73 -1.8338623 1.190171
94 -1.9667001 0.98829424
282 -2.133106 0.5873809
286 -1.2469893 4.1474285
10 -1.2911943 4.0077505
275 -1.9852128 0.87289387
18 -1.8933166 0.9788554
86 -3.3223743 -1.1938785
195 -1.278814 3.650088
58 -4.0516024 -1.736135
101 -1.930933 0.9983782
115 -1.342602 3.9956539
129 -1.9233683 0.95570177
284 -3.5858774 -1.407571
144 -1.3056289 3.9144337
124 -1.2556574 4.1902895
201 -2.0643897 0.68188345
246 -1.2270248 3.9480183
133 -3.5000174 -1.4283729
105 -3.2535105 -1.033728
16 -3.6030402 -1.4509213
25 -3.6650426 -1.4467831
30 -1.2529474 4.0002027
194 -1.8697464 1.1022254
209 -3.3255043 -1.1726497
165 -3.2194183 -1.0557078
104 -2.093949 0.6870563
277 -1.8820138 1.0679492
169 -1.283769 3.7048275
218 -1.9239668 1.0531832
280 -2.0972564 0.64142936
14 -3.3996584 -1.3424631
22 -1.2731724 3.701676
27 -3.6674035 -1.4005003
134 -1.889931 1.1460625
126 -2.0025022 0.9983091
77 -1.3156569 3.7027686
257 -1.2734596 4.2242546
108 -2.0338883 0.75066036
263 -2.0393798 0.8222888
140 -2.009163 0.8699573
243 -1.9342086 1.0619588
157 -3.5985796 -1.405651
184 -3.6694965 -1.547992
185 -3.800041 -1.5996712
237 -1.2216014 3.5627303
8 -2.0233767 0.82711345
210 -1.311259 3.5377266
244 -2.0378852 0.7626174
203 -3.7042542 -1.5905685
46 -1.3230754 4.3059664
48 -3.8036737 -1.6378446
120 -3.4721355 -1.2606407
65 -3.3551426 -1.2300764
159 -1.2695061 3.67356
121 -2.1201887 0.75040734
219 -3.4817505 -1.3389896
229 -1.8639522 1.2166102
202 -4.5413914 -2.264091
230 -1.2860962 3.6549358
11 -2.0734382 0.75161564
19 -1.2611421 3.9142041
251 -1.3039773 4.1956725
57 -2.0630589 0.7456934
102 -2.0744178 0.7843612
297 -1.2760366 3.7484696
49 -2.0575037 0.79316914
97 -2.1192124 0.5861794
63 -1.9230703 1.0193995
99 -1.3304151 3.757061
75 -3.225024 -1.0586286
177 -2.0033972 0.8442618
235 -1.2441707 3.720745
265 -1.3562255 3.4105105
281 -2.1576612 0.61680573
262 -2.0476317 0.7344083
221 -3.6447697 -1.4735882
44 -3.2233431 -1.1045619
100 -1.244986 3.9706883
50 -3.2213988 -1.0924205
234 -1.9575683 0.95008785
70 -1.2531669 3.8413823
176 -1.2982688 3.7759743
211 -2.0100176 0.8125095
253 -2.0079055 0.7888542
88 -1.2898693 3.5698516
250 -3.9023192 -1.713746
267 -3.3983672 -1.2862011
158 -1.301003 3.540493
173 -2.0451813 0.8358356
228 -1.8732986 1.2110276
2 -3.3864195 -1.2304919
147 -2.024265 0.78267914
112 -3.6200244 -1.5375789
54 -3.7851446 -1.5933425
34 -2.0094504 0.8991411
71 -1.9554167 0.9401381
61 -2.1086032 0.65507096
82 -3.4827247 -1.3338003
111 -3.4905026 -1.404075
168 -3.9304895 -1.7028741
187 -3.6163187 -1.5115805
24 -1.2395284 3.4733286
106 -1.2546796 3.4628456
20 -1.2890506 3.840882
55 -2.0489714 0.90834314
232 -3.7502882 -1.606591
91 -1.8336134 1.3526654
116 -1.2441919 3.783658
179 -1.2869186 3.8146453
215 -1.2411262 3.7900069
224 -3.831309 -1.5849962
261 -3.6282 -1.4151821
196 -1.2621275 3.7614691
239 -1.3341821 3.6800594
130 -1.2606528 3.7238324
15 -1.9124861 1.0902448
238 -1.2753114 3.7414315
190 -2.0409074 0.8744954
42 -1.3177651 3.9208279
296 -3.6836312 -1.5219375
223 -4.2289915 -2.0225194
67 -1.2698181 4.0070047
166 -1.2890877 4.0029655
125 -1.307748 3.465053
254 -4.0270305 -1.8230206
146 -4.007978 -1.8603033
216 -3.6961577 -1.4864961
160 -3.5449724 -1.411577
260 -4.2689123 -1.9441477
1 -3.8448634 -1.6720645
217 -1.2383782 3.6793206
182 -3.3878236 -1.2647008
148 -3.7217407 -1.6072494
68 -1.2877576 3.4405887
38 -1.2653232 3.7965853
47 -1.3044764 3.3201497
256 -2.1949122 0.45653617
153 -3.2665107 -1.121248
197 -1.2842182 3.978813
31 -1.3898294 3.7797642
252 -2.0797198 0.6699972
29 -3.4793756 -1.2739168
236 -1.2732837 3.1451235
266 -2.0942192 0.71488976
66 -1.2266814 3.792663
72 -3.233092 -1.1325848
150 -2.144087 0.6280494
298 -1.9849504 0.8903924
117 -2.0249 0.7962274
145 -3.6212296 -1.4953318
154 -3.632745 -1.4840126
212 -1.3043847 3.5130239
214 -2.057922 0.832639
200 -1.2404693 4.0670495
167 -1.2747071 3.6874266
290 -1.2736973 3.1163683
28 -3.4837968 -1.3293889
172 -4.0492215 -1.8005844
274 -1.7721964 1.3517966
156 -1.2918749 3.6372373
264 -3.8561296 -1.6458235
93 -1.2577945 3.5341468
293 -2.109396 0.752784
248 -3.833041 -1.6344705
113 -1.9526358 0.9313815
163 -2.0689676 0.75051296
249 -3.8175044 -1.5542322
283 -1.2359722 3.8851187
137 -1.2020707 3.6507835
152 -3.837321 -1.5428436
21 -1.2563123 3.7558818
37 -3.8291414 -1.5862969
51 -3.5591702 -1.3827006
60 -2.1423364 0.7367846
92 -1.2881942 4.3760815
74 -3.8348699 -1.6695545
85 -3.5894473 -1.413854
76 -1.285484 4.0068717
279 -2.1303768 0.60995656
292 -3.8513272 -1.6301696
171 -2.1196165 0.68858105
110 -3.359844 -1.1771538
114 -2.1449623 0.54827714
132 -1.2563772 3.823816
142 -1.2620269 4.095096
155 -3.8195698 -1.616641
170 -2.1016297 0.6983096
288 -3.5975678 -1.5528927
40 -3.7536347 -1.610327
208 -3.7925966 -1.6485397
123 -1.2465165 3.8531172
285 -1.3832294 3.9980679
204 -3.6394825 -1.4076767
206 -3.6408572 -1.4815753
0 -1.3347334 3.3202417
81 -1.317321 3.937911
191 -1.3196604 3.7362516
43 -2.0515065 0.8714682
220 -3.7126544 -1.5171572
122 -1.2817097 4.1112056
178 -3.3497963 -1.2070295
240 -2.140235 0.53946775
193 -3.696845 -1.5016153
287 -3.8580713 -1.6880664
259 -3.5560794 -1.3500199
39 -2.05271 0.9917082
278 -1.2968817 3.701796
80 -1.3415475 3.3767514
90 -3.5770757 -1.44982
222 -3.5834053 -1.4263582
135 -3.2826881 -1.1182544
138 -1.2684649 3.620728
141 -3.8595529 -1.6931436
295 -3.2855377 -1.1208285
118 -1.2454219 4.02371
98 -3.64028 -1.4284673
233 -2.1245983 0.6127975
183 -1.9744043 0.8974418
17 -1.237584 4.315325
59 -3.6181216 -1.4548552
109 -4.0387936 -1.8423313
245 -3.4614143 -1.378672
103 -1.25465 3.7312598
181 -3.4844024 -1.339328
268 -1.3314081 4.2838655
136 -4.0687227 -1.8278046
119 -1.2394807 3.2137086
199 -1.9399656 1.0196686
26 -1.3010592 3.2886128
258 -1.8948276 1.0959811
143 -1.2916788 3.6319897
162 -1.9368513 0.8715873
299 -1.3037648 3.566447
192 -3.4778907 -1.367508
226 -1.1942407 3.9110017
273 -3.5513434 -1.286846
