30 2
10 5.2870317 -1.7764596
16 3.921347 1.4017767
21 3.7878487 4.4571033
1 3.7585158 5.095652
3 3.7371006 4.228999
19 5.331981 -2.0489447
8 5.985101 -2.8429883
13 5.1703615 -1.9444201
28 5.8715935 -2.8738372
29 6.6401095 -3.6173146
27 3.8986597 5.8927603
22 3.8573956 1.2667197
18 3.8605053 1.1671913
26 3.7867393 1.9638295
25 6.010698 -2.9693286
11 4.001727 5.734832
14 3.820762 1.7178717
7 3.7215924 1.903783
17 4.0599337 1.0954792
0 3.7193673 4.2323117
4 4.0209293 0.77310145
6 6.025707 -3.0898495
20 4.064661 0.57167757
12 4.053802 6.144432
23 6.5962296 -3.7370584
2 4.1148715 6.1512265
9 3.7757835 4.5099196
24 3.7238326 4.511214
15 4.048103 1.0736891
5 6.194054 -3.1875303
