30 2
16 3.6934226 1.8185422
10 5.379869 -1.1343518
7 3.469285 2.4321337
8 6.3399587 -1.9995869
27 3.1108627 6.231979
21 3.1799593 4.9402595
1 3.0521653 5.5422826
4 3.8499684 1.445254
22 3.69762 1.7204784
28 6.1617618 -1.9736842
25 6.3529315 -2.062052
11 3.044924 6.154268
17 3.740316 1.8357475
23 7.133254 -2.662051
29 7.2312603 -2.8309999
19 5.6040983 -1.3519727
14 3.5793874 2.296855
26 3.4259639 2.7056658
3 3.0536656 4.607872
0 3.1025078 4.7185044
24 3.122377 4.92942
13 5.340488 -1.2090012
15 3.7956321 1.642935
12 3.0713975 6.658548
20 4.0135875 0.9179546
6 6.3616676 -2.1140447
9 3.015571 5.0394406
2 3.1608794 6.8632116
18 3.710006 1.5248674
5 6.451834 -2.1589036
