30 2
15 3.8189273 1.5820441
28 6.082544 -1.9277773
21 3.1323028 4.8928514
25 6.352596 -2.0109227
11 3.05724 6.17073
20 3.970982 0.93982077
1 3.0419662 5.452771
22 3.6803117 1.7076637
16 3.7270029 1.7942115
6 6.3569827 -2.158197
4 3.855418 1.4059479
8 6.3316298 -1.9413267
0 3.057657 4.846311
14 3.558796 2.2374978
18 3.7350476 1.5750446
23 7.0261335 -2.8137603
10 5.423871 -1.0963925
19 5.7211776 -1.4311677
7 3.4848945 2.4139497
12 3.10165 6.6802073
26 3.4333127 2.6397681
13 5.403495 -1.0721855
24 3.2060335 4.8267064
2 3.199344 6.849414
3 3.0245261 4.6456513
5 6.4772344 -2.1812522
27 3.0762792 6.2236714
17 3.7702801 1.8086128
9 2.9583845 5.051041
29 7.143391 -2.8647583
