30 2
7 4.433075 2.820355
29 4.933323 2.9267895
14 -1.8296232 6.1943693
1 5.900082 2.6834974
5 2.1636825 3.6470969
20 -0.8966776 5.363788
2 -1.400357 6.0088706
4 -1.4692014 5.8857718
25 5.7563663 2.6884103
0 1.1498408 4.1013627
21 2.9157064 3.51648
10 4.8026505 2.8929
6 5.4841633 2.6915708
18 -0.7576142 5.2443404
3 1.8611617 3.8951743
11 1.6962864 3.9078228
15 6.181518 2.587643
22 4.5588107 2.8193307
24 2.1521132 3.7904031
17 -1.2375697 5.7565417
12 5.5153227 2.7808661
27 2.3890476 3.6509762
28 -1.3152117 5.6253395
23 -1.8901976 6.4634385
19 -1.9131795 6.4629774
26 5.5581393 2.6245856
8 -0.9792204 5.4622865
16 1.479987 4.1068735
9 1.4301372 4.152608
13 2.9682834 3.4606566
