30 2
16 3.851802 1.797117
21 3.6594386 4.452722
28 6.0400624 -2.755421
1 3.6872296 5.0556808
22 3.7369874 1.5631536
19 5.546571 -1.9990698
10 5.286593 -1.6973784
23 6.704027 -3.4532664
2 3.8732936 6.268361
4 3.9897923 0.8617704
25 6.134925 -2.7033072
13 5.280253 -1.781416
7 3.7013943 2.0310009
0 3.643854 4.5411043
8 6.0527163 -2.6640801
15 3.870169 1.3059374
3 3.5328283 4.3126416
6 6.139554 -2.8003852
11 3.7177541 5.8022437
14 3.7057452 1.9443005
17 3.9402046 1.2748827
26 3.6152291 2.2344036
12 3.941235 6.200456
24 3.6586444 4.741146
20 3.989823 0.6537049
29 6.825304 -3.6644816
9 3.6691818 4.5509963
18 3.8762498 1.1687236
5 6.199612 -3.0269723
27 3.799635 6.0487823
