30 2
2 -2.5687723 5.593868
29 4.274435 3.853169
18 -1.9133625 5.051662
11 0.8239452 4.1516557
7 3.7804203 3.6779606
4 -2.5182233 5.5122495
14 -2.9530354 5.669767
1 5.2578015 3.7508655
0 0.55659026 4.2211146
8 -2.0548043 5.0645776
24 1.3013285 4.119066
5 1.2091969 4.0120077
20 -1.9090096 5.164802
3 1.2485797 4.048568
15 5.338414 3.9288185
23 -3.0360258 5.7112637
21 2.1569939 4.0276523
16 0.56542224 4.28047
28 -2.218392 5.226371
12 4.713088 3.7330458
25 5.0109797 3.8845391
9 0.53053045 4.3392434
27 1.5254071 3.9798515
22 3.9599986 3.672086
19 -3.271896 5.897886
26 5.0367384 3.6969805
6 5.0652294 3.659076
17 -2.4814858 5.4643507
10 4.0436993 3.7621279
13 2.2019567 3.9004054
