30 2
22 3.7695775 1.5846325
16 3.7777476 1.8086329
10 5.2591677 -1.408122
14 3.7761183 1.8783003
4 4.022234 0.9742384
13 5.480375 -1.8562379
2 3.7709742 6.358316
25 6.089349 -2.511536
1 3.543338 5.1159873
21 3.4983573 4.642231
8 6.066745 -2.625835
27 3.5335715 6.098553
7 3.6452324 2.087225
0 3.50796 4.540229
26 3.6474907 2.249008
11 3.5820568 5.9272003
23 6.6116276 -3.2970626
20 4.03538 0.787366
28 5.9625797 -2.571166
18 3.823422 1.2460288
15 3.9358487 1.0833476
9 3.5420573 4.703204
17 3.9685354 1.2663423
19 5.37325 -1.6532886
6 6.2361917 -2.7863681
12 3.717765 6.3759828
24 3.5365884 4.671301
5 6.308081 -2.7803013
29 6.7988505 -3.3358607
3 3.5230274 4.359164
