30 2
22 3.6820946 1.8349636
16 3.780695 1.8204461
25 6.248571 -2.0079284
19 5.6200423 -1.4543325
1 3.099334 5.5176454
21 3.1279142 5.0286345
4 3.8635497 1.3798757
15 3.8460402 1.6371554
7 3.5285907 2.4675012
17 3.8320985 1.705593
10 5.3751054 -1.0800203
26 3.4323976 2.74488
3 3.1242354 4.467997
20 4.0084815 0.94756186
23 7.0381913 -2.7981076
2 3.3226702 6.7992268
12 3.1295736 6.5173297
14 3.614986 2.1765652
0 3.0693893 4.738187
27 3.1644359 6.2498927
28 5.84989 -1.9214537
5 6.4537826 -2.405658
8 6.246635 -2.0337563
6 6.38806 -2.344311
13 5.4995565 -1.108088
29 7.167141 -2.8917904
11 3.1905186 6.0599318
24 3.152299 4.952237
9 3.1379998 4.813691
18 3.7813172 1.544054
