30 2
28 6.3075924 -1.7662101
7 3.4016411 2.4759881
4 3.8598087 1.4754673
14 3.492131 2.4706686
1 2.8604028 5.609488
15 3.79442 1.7383145
22 3.6165738 1.8742235
13 5.478341 -1.0358665
18 3.6484833 1.5558432
21 2.9844093 4.9492
3 2.9617107 4.6737933
17 3.7774732 1.7875564
10 5.431088 -0.90287495
16 3.6643145 2.0132375
25 6.3470545 -1.8890113
8 6.422996 -1.8010318
12 2.9833527 6.715022
19 5.673072 -1.1341051
11 2.8808377 6.247167
23 7.0112047 -2.467797
27 2.908648 6.4642997
5 6.607379 -2.1871414
0 2.9032907 4.9344444
24 2.9663606 4.9743094
26 3.3561687 2.498343
6 6.304768 -1.9383726
20 3.9617484 1.0660356
2 3.036745 6.87073
29 7.236498 -2.4263985
9 2.9210656 5.1209903
