30 2
7 4.509451 2.86529
29 4.889828 2.9622996
20 -0.85335416 5.325439
5 2.0877192 3.6482835
18 -0.7521131 5.2214384
1 5.897973 2.635442
14 -1.828001 6.1973944
4 -1.4411359 5.926982
6 5.4847903 2.721134
3 1.7297297 3.900732
25 5.7407 2.8072248
23 -1.9697897 6.43328
2 -1.4243401 5.9834847
0 1.1349853 4.107791
26 5.5903096 2.6820896
24 1.9590133 3.80657
11 1.5467117 3.9390059
19 -2.0184567 6.458862
22 4.500327 2.8901422
10 4.7194104 2.9011905
17 -1.2354193 5.6753087
8 -1.0079516 5.4506207
9 1.3205166 4.1871057
12 5.5473404 2.7182844
13 2.9508631 3.4533188
16 1.3949548 4.181858
28 -1.1722347 5.6009083
21 2.863401 3.5097213
27 2.3411748 3.637833
15 6.171917 2.7401128
