30 2
21 3.1912808 5.1088996
7 3.5541747 2.287984
16 3.741059 1.8433006
20 4.044418 0.9759388
22 3.6511672 1.8005894
8 6.2128243 -2.0055525
15 3.9233534 1.6268698
4 3.8947735 1.326409
26 3.4804204 2.6487496
25 6.2246227 -2.0526776
27 3.0823398 6.2044325
10 5.2809334 -1.0912093
13 5.4933586 -1.2130382
28 5.961504 -1.9273503
12 3.2019382 6.5407715
14 3.6621516 2.0826504
6 6.3554764 -2.304718
29 7.131506 -2.894341
1 3.0754766 5.5759087
17 3.870191 1.6056066
19 5.6295204 -1.4540089
18 3.7238386 1.4789973
23 7.0677013 -2.8596253
11 3.1598513 6.0131884
0 3.1226377 4.761265
2 3.3185246 6.7064786
24 3.1518521 4.9519544
5 6.5113335 -2.3878725
3 3.1076813 4.5443907
9 3.1179922 4.9467955
