30 2
7 4.2194095 3.1800508
29 4.8822317 3.2573879
5 1.8014908 3.7968457
14 -2.0591478 6.022561
1 5.704841 3.0406852
4 -1.9529496 5.8119416
2 -1.8222162 5.87396
20 -1.2626017 5.367217
3 1.6142045 3.965296
10 4.4379406 3.2828631
23 -2.4016342 6.3302026
0 1.0154536 4.1652822
28 -1.5656608 5.4493957
6 5.3051295 2.9535618
22 4.311864 3.211821
26 5.405049 2.9204142
24 1.8695465 3.9175658
18 -1.1075507 5.158397
15 5.9794064 3.093305
11 1.3798457 4.059518
8 -1.2212449 5.2510743
13 2.5040765 3.619037
16 1.265868 4.217059
21 2.6634474 3.665591
17 -1.5816578 5.604823
19 -2.4747503 6.413971
25 5.384664 3.0284572
12 5.354573 3.0711284
27 2.176751 3.738218
9 1.0729198 4.166173
