300 2
127 -1.9944621 0.7923962
14 -3.7920406 -1.6388197
262 -1.9549111 0.8391246
234 -2.0133295 0.80953676
151 -1.9898047 0.8622826
162 -1.9147936 1.0969393
114 -2.0679133 0.724259
34 -1.9170758 1.1159178
282 -2.0666437 0.72395617
292 -3.6823175 -1.5108972
233 -2.0508122 0.74359035
228 -1.9865731 0.9112416
63 -2.0292225 0.8464095
42 -1.346893 3.9144783
153 -3.420162 -1.256909
77 -1.3188019 3.4847443
277 -1.852799 1.1173317
266 -2.0194395 0.82840073
167 -1.3552766 3.5102127
33 -1.9834614 0.8792225
159 -1.3358155 4.0153856
194 -2.0840714 0.7535925
117 -2.0527215 0.8175054
252 -2.094986 0.7006096
27 -3.7129772 -1.5541991
88 -1.3665501 3.2586133
265 -1.3016484 3.684081
254 -3.7094548 -1.5766321
189 -1.2810848 3.4497285
240 -2.2383752 0.4930824
123 -1.3005556 4.060908
158 -1.410727 3.4164677
56 -1.9902816 0.70580924
150 -2.217154 0.5006123
219 -3.6414049 -1.4450455
213 -2.0887074 0.7144933
280 -2.138861 0.70367044
237 -1.3509117 3.418678
171 -2.0788207 0.71693254
112 -3.6911778 -1.5174874
61 -2.0713243 0.73942065
128 -2.0454988 0.80477166
89 -1.9157495 1.1808873
263 -1.9811547 0.7702396
6 -2.0338843 0.8245056
220 -3.4422185 -1.4180421
71 -1.9884404 0.8740505
87 -1.920827 0.95997053
183 -1.9595892 0.90641207
258 -1.9448225 0.94207495
206 -3.511897 -1.4193808
9 -2.0808504 0.7703864
48 -3.599734 -1.4525594
175 -1.9910924 0.9059023
5 -1.8814809 1.2453369
147 -2.0143828 0.85366994
205 -1.310638 3.3624187
229 -1.8532795 1.2247119
43 -1.8844595 1.1452197
144 -1.363303 3.7349615
52 -1.9418406 1.0216789
78 -1.2935381 3.8601353
275 -1.8939519 0.9848424
273 -3.421662 -1.2902509
259 -3.608831 -1.5030708
299 -1.3098295 3.8616378
0 -1.2847161 3.5618346
272 -1.2286997 3.1836715
13 -2.0996811 0.72313845
152 -3.6103806 -1.5669178
278 -1.315928 3.6371577
29 -3.4446385 -1.44669
257 -1.3572869 4.298643
51 -3.6188521 -1.422398
64 -3.5645323 -1.4480574
103 -1.2710572 3.8303773
118 -1.3308142 4.262309
188 -2.182454 0.52593684
190 -2.0459604 0.7185803
2 -3.3589733 -1.2824017
3 -1.3160843 3.6708915
8 -2.002872 0.8983348
10 -1.3710542 3.9903672
293 -1.9743363 0.8186354
20 -1.2721516 3.5718758
236 -1.2996887 3.2666855
185 -3.7869732 -1.7014817
65 -3.4670389 -1.4238126
101 -2.063309 0.76822585
276 -2.0156877 0.8454334
136 -4.0547657 -1.8473436
110 -3.0781474 -0.96762574
140 -2.0471115 0.6986333
270 -4.04767 -1.8178966
161 -2.0117357 0.86553305
170 -2.0263 0.71532845
268 -1.3331809 3.9845762
28 -3.4662113 -1.3219715
45 -1.3268199 3.5897667
149 -1.9150232 1.0423526
84 -1.2418306 3.5894654
274 -1.8817391 1.1443586
131 -3.3849604 -1.2265387
139 -3.830314 -1.6286067
169 -1.2563146 3.7589502
243 -1.9040157 1.0582746
241 -2.0175576 0.79788554
121 -2.0339983 0.7904505
174 -2.091112 0.6712614
21 -1.2938049 3.7051919
24 -1.3224924 3.5892897
218 -1.9059476 1.0353413
32 -3.6412766 -1.522653
49 -2.09667 0.69577587
41 -1.2953265 3.9602246
47 -1.2363018 3.636777
267 -3.347873 -1.2388496
249 -3.9718006 -1.840412
69 -1.3087062 3.646652
195 -1.3672789 3.0379248
83 -1.9630272 1.0296552
93 -1.3431058 3.6544414
94 -1.9530351 0.8336411
125 -1.2781147 3.5893536
138 -1.2758623 3.584103
11 -1.9946933 0.9004837
12 -1.9789963 0.9325785
142 -1.3067036 3.8483508
57 -2.0388792 0.68446434
284 -3.5302162 -1.4869947
36 -1.321807 3.8646557
46 -1.3418821 4.2767377
58 -3.725714 -1.67301
209 -3.6256232 -1.5861201
226 -1.2898456 3.6792867
238 -1.274391 4.045487
155 -3.6507149 -1.4485211
176 -1.382889 3.4449952
289 -3.7071795 -1.5257685
23 -1.9893953 0.90673506
39 -2.1280406 0.6365027
107 -1.9439607 0.9376601
192 -3.6100326 -1.4739387
60 -2.0595713 0.73874456
246 -1.2392143 4.154759
191 -1.3731414 3.7204156
178 -3.3331888 -1.1912311
264 -3.477539 -1.4034003
163 -2.1800923 0.5873224
35 -2.0485592 0.7485491
19 -1.2780261 3.6984565
225 -1.2629832 4.124991
253 -1.9807258 1.0277973
207 -1.3962959 3.9552794
286 -1.3746971 3.7724106
291 -2.0692337 0.7170487
287 -3.715878 -1.6177418
177 -2.0144362 0.8160142
231 -1.9570962 0.9845194
239 -1.3619819 3.9159536
17 -1.2900256 4.2974334
96 -1.2748277 4.172542
122 -1.3560361 4.248158
244 -2.1258452 0.6582626
202 -4.052274 -1.902011
59 -3.66261 -1.5057763
66 -1.3264564 3.969143
79 -3.780295 -1.6368617
98 -3.2203417 -1.1198597
129 -1.9523127 1.0257344
242 -1.866695 1.1161611
260 -4.0701866 -1.9457364
166 -1.2910622 3.8457615
181 -3.5110757 -1.3821516
251 -1.337066 3.5858026
182 -3.5466692 -1.4420208
154 -3.8786817 -1.6682243
91 -1.8965449 1.2219677
22 -1.3566165 3.699348
120 -3.2714427 -1.1602994
247 -1.245667 3.6825936
72 -3.2466586 -1.1848472
74 -3.410002 -1.2123188
126 -2.0557222 0.7684297
261 -3.535605 -1.3982038
73 -1.9883753 0.7720004
76 -1.3179129 3.8700159
18 -1.8454813 1.1563578
227 -1.2600008 3.6870244
115 -1.3326676 3.7386353
37 -3.6749527 -1.4569743
157 -3.54187 -1.4658026
97 -1.9759991 0.9241937
180 -2.0855732 0.6841872
173 -1.9692172 0.95051634
86 -3.6122718 -1.6029838
168 -3.8163445 -1.742447
111 -3.4041378 -1.2669595
223 -3.9730308 -1.850246
255 -2.098536 0.69744134
230 -1.4110954 3.2584543
108 -1.9710406 1.0030779
256 -2.087641 0.6897337
148 -3.6724737 -1.5834548
102 -2.0498343 0.8861916
15 -1.952324 1.0123976
210 -1.31969 3.6663036
130 -1.3353138 3.7581947
68 -1.2821063 3.7277353
44 -3.1860707 -1.0337664
100 -1.2333485 3.824592
53 -1.3091424 3.5158648
62 -3.528021 -1.4193451
221 -3.8979893 -1.7277983
105 -3.3140156 -1.2079068
279 -1.9349608 1.1079671
250 -3.5321562 -1.4291487
146 -3.975947 -1.8350557
198 -3.3047972 -1.1631211
1 -3.5519679 -1.4223887
38 -1.296424 3.780269
165 -3.622302 -1.5319294
132 -1.2657712 3.8131542
211 -2.0222442 0.7388268
245 -3.6983628 -1.5205092
85 -3.862026 -1.7298094
30 -1.2601322 3.933734
31 -1.3688114 3.6559558
294 -3.9444163 -1.6956367
70 -1.3987132 3.657783
187 -3.7073376 -1.5534276
106 -1.3569702 3.8793755
208 -3.7376692 -1.5965283
288 -3.8134658 -1.6907263
135 -3.491341 -1.3430706
164 -3.781276 -1.6245166
232 -3.6009974 -1.6039442
199 -2.0600448 0.75389683
296 -3.7113464 -1.5355629
295 -3.3650167 -1.2924597
92 -1.3114278 4.3472075
124 -1.3477823 4.079498
134 -1.9170601 1.1263425
145 -3.8056805 -1.6405752
197 -1.3540845 3.8087387
224 -4.0346217 -1.8298037
40 -3.578163 -1.5134411
81 -1.2972172 3.8083103
137 -1.4291172 3.0687652
99 -1.3193449 3.598815
298 -2.0290225 0.84891593
7 -1.3530525 3.4193256
54 -3.689362 -1.6250565
269 -3.229196 -1.1723956
283 -1.3316522 3.8904164
290 -1.3689721 3.388657
196 -1.3289834 3.9268076
4 -1.396416 3.5450885
80 -1.3079698 3.6888707
235 -1.359263 3.415494
222 -3.654102 -1.5208284
67 -1.3101003 3.6535802
248 -3.9098537 -1.7768761
143 -1.3403375 3.321658
116 -1.2671503 3.407037
141 -3.798525 -1.6657745
179 -1.2430447 3.6814659
271 -1.2870766 4.172898
212 -1.2537956 3.7682831
160 -3.7133834 -1.4684937
109 -3.8894107 -1.5986587
217 -1.3611193 4.1206985
25 -3.6290526 -1.5620656
119 -1.3183773 3.362062
55 -2.0511842 0.82164896
156 -1.3031406 3.3869646
82 -3.6032948 -1.4748996
90 -3.6867921 -1.5244261
113 -2.0224838 0.7890346
204 -3.7712517 -1.6227193
203 -3.7415366 -1.6409614
216 -3.7258346 -1.5992665
26 -1.281014 3.077272
133 -3.3944836 -1.2673562
50 -3.1317503 -1.0205362
75 -3.5390112 -1.3765734
214 -1.8997927 1.0315415
186 -2.0344043 0.8073254
200 -1.301647 4.00899
193 -3.4625804 -1.4106734
201 -1.9788189 0.80094445
16 -3.8336325 -1.6338037
104 -1.9521725 0.9650314
95 -4.0992837 -1.8494861
297 -1.3038735 3.7209294
215 -1.3148303 3.571491
184 -3.8120482 -1.6063324
172 -3.6267397 -1.5903819
285 -1.3583728 3.8921537
281 -2.0627294 0.75740904
