30 2
22 3.8965497 1.3459604
8 6.0133677 -2.810325
27 3.9025035 5.872543
21 3.703638 4.6441746
10 5.2714176 -1.7964443
14 3.8130102 1.8922982
19 5.362472 -1.9924501
4 4.0357685 0.78633356
17 4.06435 1.1238974
16 3.9070902 1.5750741
18 3.8555648 1.1009881
15 4.0287113 1.2185777
13 5.1513724 -1.7964036
28 5.8304524 -2.6627836
12 3.9613283 6.271942
2 4.1245565 6.193577
0 3.6421685 4.368343
3 3.697184 4.3111367
26 3.683505 2.1513999
23 6.5566673 -3.586279
9 3.7211773 4.4484196
24 3.697733 4.5054708
1 3.695714 5.129909
11 3.8767128 5.6987367
25 6.0099907 -2.9249973
7 3.7738411 1.9363334
20 4.052004 0.52865285
6 6.039287 -3.0836873
5 6.100673 -2.9658003
29 6.82296 -3.8091924
