30 2
16 3.8415313 1.5695984
10 5.347377 -1.3858013
22 3.7287123 1.8875827
21 3.4132857 4.8480215
25 6.206984 -2.4019487
14 3.7757053 1.8125908
17 3.9561174 1.3878224
23 6.872751 -3.207586
1 3.4292104 5.1394925
26 3.6320117 2.2801135
15 3.9074252 1.400533
4 3.941058 1.0840743
19 5.419037 -1.5392435
8 6.165516 -2.4583175
29 6.9446797 -3.2388177
2 3.6495614 6.5640197
9 3.4162984 4.8526397
12 3.5340652 6.4615855
20 4.051645 0.91632766
13 5.4762917 -1.6372727
28 5.959741 -2.3743517
7 3.6198719 2.1176672
27 3.502467 6.130918
0 3.418402 4.596745
3 3.3579319 4.484297
11 3.4418745 6.1400957
6 6.189192 -2.5984395
24 3.4584446 4.7483606
18 3.847007 1.3168213
5 6.4007716 -2.546337
