30 2
29 4.8930297 3.0103664
5 2.0924358 3.6240373
3 1.8132124 3.8889284
7 4.4825625 2.8371892
1 5.9087305 2.6843193
14 -1.7967377 6.2738137
25 5.7749653 2.7467046
11 1.6125063 3.9090538
0 1.1032557 4.1138253
6 5.52778 2.6795084
20 -0.8524716 5.3600802
2 -1.4253647 5.9725094
4 -1.478971 5.9980392
12 5.5283756 2.7608633
24 2.0448346 3.77462
22 4.506616 2.854579
23 -1.9263985 6.4504886
18 -0.7512395 5.2142324
27 2.3441582 3.632168
16 1.4049023 4.134339
10 4.743532 2.8732843
28 -1.2315533 5.5907793
21 2.8787851 3.508957
26 5.567813 2.6746297
15 6.240399 2.6885543
13 2.9441423 3.4402082
8 -0.9776095 5.464586
19 -1.9146067 6.4540205
17 -1.252526 5.745847
9 1.3399204 4.1165624
