30 2
7 4.310072 3.136346
29 4.8115616 3.1369321
1 5.747116 3.0473433
10 4.5445614 3.1268384
2 -1.7953787 5.87486
14 -2.141962 6.1747255
5 1.8474568 3.8156517
0 1.0928165 4.153221
3 1.5891348 3.9870126
20 -1.1762915 5.3153367
4 -1.8729596 5.8050394
25 5.3758445 3.0590346
18 -1.0114291 5.0176754
21 2.670199 3.647377
16 1.2520286 4.188559
23 -2.3338866 6.2600517
6 5.3326883 2.9718356
22 4.312731 3.115971
8 -1.2450769 5.3561893
24 1.912835 3.9027457
12 5.4242387 3.0821662
13 2.560097 3.625091
19 -2.4442503 6.384748
11 1.3541361 4.053436
15 5.910015 3.0206478
27 2.1185837 3.721709
17 -1.5356138 5.5513916
26 5.455297 2.9596338
28 -1.5627036 5.500015
9 1.0946795 4.1825123
