30 2
29 4.630983 3.435233
2 -2.00452 5.8002234
7 4.256169 3.2722113
1 5.696412 3.3511329
20 -1.3765739 5.2088227
5 1.4220513 3.8792439
6 5.1022863 3.1566598
24 1.5038403 3.9538698
3 1.5248643 4.018377
11 1.0815942 4.0566382
14 -2.393836 5.9416723
22 4.4977064 3.2714834
25 5.4884276 3.281211
10 4.4165573 3.4801898
21 2.3308976 3.8334892
26 5.1416078 3.2756367
4 -2.1407635 5.7935424
23 -2.640746 6.1452355
18 -1.2366009 5.116273
0 0.6818806 4.2728925
17 -1.7940625 5.580566
27 1.9239743 3.8590238
9 0.8031053 4.272072
8 -1.5330026 5.3037186
19 -2.692942 6.2214723
15 6.027964 3.3168194
16 0.9663936 4.300857
12 5.1341124 3.3137398
28 -1.5222647 5.331717
13 2.2942674 3.7347033
