30 2
1 5.239014 4.0659876
2 -2.8522708 5.431752
7 3.6405017 3.8635757
29 3.9168704 4.0111094
5 1.0344458 4.144814
0 0.1950287 4.320982
3 0.9110534 4.197413
18 -1.9034125 4.9163795
14 -3.100183 5.452741
6 4.681594 3.9205055
20 -2.1767964 4.9620166
4 -2.9496288 5.3984785
24 1.1561359 4.183538
21 1.7904471 4.0910625
10 3.7770092 4.010986
15 5.017828 4.0320797
12 4.7620654 4.0332007
25 4.8554654 4.106716
17 -2.846421 5.381508
9 0.44998 4.322699
8 -2.2998033 5.0067625
23 -3.5765202 5.677576
11 0.6937869 4.154807
13 2.0475903 4.067946
16 0.30125496 4.3465257
28 -2.3243885 5.0230374
22 3.6177454 3.9110968
19 -3.494912 5.6260157
27 1.3693469 4.1285915
26 4.879025 3.9093568
