30 2
10 5.333414 -1.2343754
25 6.1366653 -2.1749392
14 3.6062686 2.1035256
22 3.7009313 1.7765359
26 3.5216742 2.369513
7 3.555941 2.2427151
8 6.2335734 -2.280437
27 3.2800672 6.231992
23 6.9231176 -2.933272
1 3.2693713 5.394913
4 3.9822319 1.1582824
6 6.402265 -2.3566103
16 3.7244766 1.9244132
17 3.9646754 1.3951725
18 3.7870924 1.4130559
15 3.9260082 1.4271958
2 3.368686 6.6508775
28 6.036162 -2.0948267
21 3.2152193 4.9450946
19 5.629664 -1.5922003
20 4.0824876 1.0047425
0 3.1491172 4.887093
11 3.3024156 6.001813
5 6.473362 -2.494978
29 7.147289 -3.1019723
9 3.2398582 4.7216544
3 3.2918937 4.6238227
24 3.2363272 4.9416614
12 3.3528438 6.568819
13 5.4787455 -1.3901029
