30 2
22 3.7938852 1.6184255
10 5.3212795 -1.7990788
13 5.277494 -1.8477271
14 3.7639608 1.9639968
8 5.9601 -2.6836529
17 3.9712236 1.3358567
7 3.7122753 2.1315267
26 3.695616 2.1676164
28 5.877047 -2.7129517
3 3.5684464 4.3639455
6 6.1287117 -2.9651012
0 3.6692667 4.430072
4 3.968576 0.89854723
23 6.672114 -3.467263
12 3.89209 6.1848125
21 3.6928144 4.3813934
16 3.907947 1.6273856
15 3.9875968 1.3646421
20 4.0809035 0.52557874
1 3.676092 5.1072617
19 5.4242444 -2.0456398
25 6.0505633 -2.7576241
18 3.8130708 1.2162237
29 6.9214277 -3.6158779
27 3.8511853 5.9697804
2 3.835808 6.2621837
11 3.7771325 5.6885257
24 3.6253142 4.638533
5 6.241903 -3.0629675
9 3.7560203 4.596535
