30 2
15 3.9752877 1.0446515
22 3.8336043 1.2659253
1 3.8374002 4.9791822
21 3.8846576 4.50943
28 5.852866 -2.7871015
16 3.9540458 1.545126
10 5.265813 -1.8843677
17 3.9728775 1.2727134
13 5.2124987 -1.89842
14 3.830606 1.8017936
26 3.754681 2.0137978
8 5.9580855 -2.80445
7 3.7274659 1.8048843
23 6.6042366 -3.705679
29 6.4955826 -3.6208177
3 3.830151 4.2528515
6 6.049814 -3.0980268
18 3.886981 1.0977246
4 3.9502053 0.8372079
25 5.9634476 -2.9394834
2 4.146605 6.0819445
19 5.2998567 -2.1476743
11 3.9418314 5.6308885
0 3.7022443 4.1775184
12 4.10904 6.059897
27 3.9552507 5.8261385
20 4.0355735 0.51720816
5 6.1739182 -3.2929735
9 3.7536576 4.3918867
24 3.7110744 4.558716
