30 2
29 4.2681565 3.6776304
2 -2.4086106 5.7496996
18 -1.6303388 5.026425
7 3.955578 3.5511382
0 0.6248637 4.2236524
5 1.3934591 3.934292
4 -2.4263477 5.5893445
14 -2.5508015 5.722302
22 4.150569 3.5391083
24 1.2930385 4.0805755
3 1.3362541 4.030633
21 2.2739387 3.9356575
20 -1.8544397 5.191918
1 5.4842114 3.6705716
6 4.8623724 3.4742281
26 5.189155 3.4253368
23 -2.91981 5.9111843
25 5.0284786 3.5388713
28 -1.9338082 5.2128763
11 1.0317037 4.1783643
9 0.5804095 4.336057
27 1.629977 4.0131774
15 5.4983664 3.67195
8 -1.8071105 5.1097
13 2.2479463 3.857995
10 4.2837453 3.6494932
16 0.5480568 4.357926
12 5.0041122 3.6625166
17 -2.2583587 5.38209
19 -3.1641357 6.07515
