30 2
22 3.657222 1.9095199
21 3.0056448 5.0716
10 5.508575 -1.1123322
0 3.045389 4.697831
1 2.963362 5.596629
17 3.772075 1.6721511
26 3.408549 2.5370722
20 4.061349 0.98622036
28 6.05301 -1.8120706
19 5.5758634 -1.1778551
15 3.8075368 1.5365372
7 3.4300013 2.4243922
4 3.851086 1.3683903
27 3.041413 6.3687654
14 3.5280282 2.2230573
25 6.306325 -1.8309027
16 3.7137444 1.8935192
12 3.0413857 6.590197
8 6.4016724 -1.9872347
18 3.7114558 1.5715268
11 2.9971886 6.131774
13 5.488144 -1.1215215
23 7.0577664 -2.7155683
5 6.49885 -2.1493878
9 3.0947654 5.066154
2 3.1590364 6.901856
24 3.0211809 5.007306
29 7.0925474 -2.7289908
3 3.055147 4.626425
6 6.446937 -2.091385
