30 2
21 3.4102647 4.8870263
7 3.5949106 2.1246135
4 3.9569426 1.1179355
15 3.8986006 1.4483936
16 3.8685985 1.5370183
10 5.412084 -1.4969946
22 3.7934556 1.6555421
6 6.275918 -2.5728045
25 6.153136 -2.4189916
1 3.375279 5.2830563
12 3.5343056 6.557745
18 3.8818908 1.259222
13 5.5392656 -1.6051989
17 3.9605126 1.3788267
3 3.405823 4.4757757
14 3.6770797 1.8735636
27 3.4402812 6.0755744
11 3.4610732 5.997527
19 5.3949676 -1.4520123
28 6.009231 -2.3322031
26 3.6028028 2.2634563
8 6.160149 -2.3467674
20 4.032013 0.93583006
24 3.3836973 4.7665825
23 6.879842 -3.2201133
0 3.3672335 4.7105513
2 3.586911 6.588103
9 3.4111202 4.8863254
5 6.3751707 -2.5301805
29 6.9646554 -3.2314448
