30 2
7 4.2035136 3.3475118
20 -1.3180175 5.2307525
29 4.6280885 3.434586
2 -2.0468671 5.7056055
14 -2.4401374 5.981819
4 -2.1624656 5.8120513
21 2.3404183 3.8818552
3 1.604019 4.0095477
10 4.4095335 3.4151917
18 -1.3121786 5.0977917
15 5.867923 3.369707
25 5.42005 3.3850656
1 5.718857 3.3554723
23 -2.7223203 6.1037836
5 1.5657784 3.9424553
12 5.136163 3.2935543
0 0.7529098 4.2375083
6 5.12974 3.222198
22 4.403972 3.3287663
24 1.4901206 4.043085
16 0.9645026 4.2883105
11 1.023591 4.0530095
9 0.81172246 4.2561297
8 -1.5939162 5.2555165
17 -1.9126759 5.560948
19 -2.6929686 6.291427
26 5.0889564 3.2452393
28 -1.6099597 5.3105865
27 1.8380884 3.8888705
13 2.4059968 3.7185063
