30 2
7 4.368693 2.945351
29 4.7952456 3.0496583
3 1.8751915 3.887389
2 -1.4430189 5.8624797
0 1.1675249 4.081207
20 -0.90138155 5.2772303
27 2.346374 3.6696568
4 -1.637535 5.846642
14 -1.8676912 6.1898003
21 2.8422847 3.6092172
24 1.9228513 3.8030045
5 2.1851726 3.5772383
18 -0.77336836 5.203773
22 4.411686 2.9499989
15 6.0861073 2.822023
23 -2.1474583 6.390541
25 5.650652 2.7807138
1 5.8696284 2.847518
17 -1.4499737 5.756779
11 1.414774 4.0572925
6 5.352655 2.757699
10 4.5034456 3.0381794
8 -1.1188904 5.408819
28 -1.243362 5.513065
19 -2.2440944 6.34489
16 1.3702632 4.163934
9 1.344868 4.1700783
13 2.9565303 3.4813766
12 5.4922504 2.8806689
26 5.5716715 2.7438622
