30 2
7 4.1635323 3.2862065
5 1.4258403 3.9438622
4 -2.1130152 5.8301654
14 -2.2347186 6.0112467
3 1.529923 4.0354257
1 5.688073 3.2600923
0 0.72950196 4.2316775
29 4.677892 3.4002798
20 -1.4283625 5.265045
25 5.536215 3.1867297
18 -1.126989 5.082432
2 -1.9163432 5.7574596
6 5.1354995 3.1657958
28 -1.6219696 5.3402886
10 4.4340177 3.3913577
12 5.191364 3.2396739
22 4.415079 3.2120686
21 2.3615005 3.8800619
24 1.5629642 3.991525
26 5.334981 3.2542548
23 -2.6512606 6.101157
16 1.0554233 4.2799234
8 -1.4767097 5.2142844
27 1.8582155 3.891224
13 2.4436975 3.7425058
17 -1.7662884 5.568347
19 -2.6237614 6.2336783
15 5.959356 3.264381
9 0.89569694 4.300102
11 1.2406837 4.099748
