30 2
7 3.7727141 1.9351081
21 3.9084063 4.479219
6 5.9559646 -3.066428
15 3.9126184 1.1762067
8 5.829953 -2.8159754
10 5.2268977 -1.9613731
28 5.838446 -2.7659442
1 3.9022825 4.8588843
17 3.9845629 1.1611961
23 6.4693866 -3.7308161
16 3.8875413 1.3120096
3 3.7589257 4.0670133
13 5.2827005 -2.041048
22 3.8626692 1.3153774
12 4.1467524 6.1661534
26 3.8265712 1.9245683
4 4.0103164 0.6872223
25 6.0153584 -3.056843
14 3.843752 1.819082
0 3.7101884 4.168925
19 5.2701507 -1.9584424
20 4.069423 0.51146513
27 4.050516 5.7829704
29 6.5988827 -3.8220963
2 4.135827 6.027781
11 3.965662 5.5086923
18 3.8391135 1.0247166
9 3.835927 4.536406
24 3.823167 4.4692097
5 6.146314 -3.2393913
