30 2
29 4.6036034 3.479258
7 4.2286754 3.3491094
14 -2.4307334 6.0383363
3 1.5890785 4.037271
4 -2.1893415 5.741215
6 5.061707 3.234506
8 -1.6287159 5.2122636
22 4.405869 3.340497
24 1.5112056 4.038077
5 1.5797546 3.954049
21 2.3312483 3.9134398
25 5.4434977 3.3952558
10 4.4303703 3.4504714
20 -1.3614925 5.257588
2 -1.9829708 5.762522
26 5.09309 3.234434
17 -1.8775324 5.541408
18 -1.3702378 5.082418
15 5.9092093 3.354302
1 5.703341 3.3173652
0 0.7295465 4.2510242
27 1.8698517 3.9162345
11 1.0526193 4.0684705
16 0.9077863 4.330985
23 -2.7461383 6.1005425
28 -1.6925356 5.2679653
9 0.7801316 4.3137503
12 5.100304 3.2826927
19 -2.708886 6.2539124
13 2.394648 3.7041285
