30 2
22 3.5400956 2.0722334
10 5.4040446 -0.85566735
25 6.4289937 -1.6420544
23 7.077137 -2.3396518
21 2.8604372 5.199869
16 3.578713 2.1364155
7 3.3476622 2.6241362
4 3.760257 1.5281633
14 3.5069816 2.2195854
8 6.38731 -1.6932114
28 6.1057663 -1.6852409
27 2.8082886 6.4353266
1 2.7923021 5.644739
17 3.7015584 1.9441622
6 6.4289227 -1.9248421
2 2.92778 6.9655
15 3.7588978 1.8315094
26 3.3853674 2.6483111
20 3.9330504 1.2240915
3 2.8807065 4.6568756
24 2.9345188 5.075084
13 5.575518 -1.0873235
5 6.6860843 -1.8807675
9 2.8546278 5.112593
29 7.24378 -2.4143634
18 3.6635287 1.6616884
12 2.8152924 6.748181
19 5.657596 -1.1154494
11 2.8074827 6.223824
0 2.8493469 5.1544347
