300 2
7 -1.4010464 3.375767
64 -3.6049182 -1.6040044
15 -1.9639964 0.90300816
241 -2.0633411 0.70781493
127 -2.0034382 0.80104053
149 -2.0389023 0.8493942
234 -2.0272388 0.79107577
148 -3.6932306 -1.6375716
170 -1.9991313 0.908538
87 -2.1000245 0.65737396
189 -1.3837187 3.2721798
31 -1.4268439 3.7454908
246 -1.438648 3.8483107
242 -1.9887897 0.90133035
8 -2.0508249 0.7038505
11 -2.1625898 0.56154096
14 -3.5415044 -1.575966
101 -1.9905663 0.8769709
277 -1.9343693 0.9928111
18 -2.0270646 0.76642644
284 -3.6091113 -1.6583467
6 -2.0745878 0.7065529
108 -1.955225 0.9171716
36 -1.4158726 3.5976121
231 -1.9139977 1.1108196
204 -3.7653003 -1.7839439
116 -1.4178551 3.4988427
54 -3.8050976 -1.853087
267 -3.4120145 -1.4548156
61 -2.1821325 0.40678626
114 -2.2136252 0.35416138
128 -2.0163698 0.8864951
147 -2.1894374 0.50445104
177 -1.9492549 1.0232297
82 -3.474302 -1.5064919
266 -2.0300798 0.78225535
263 -2.0058234 0.8236992
78 -1.3601178 3.6775355
105 -3.3251324 -1.3405771
23 -2.0932035 0.72304153
192 -3.3369436 -1.4853848
273 -3.3907826 -1.4064517
103 -1.3721915 3.9653618
113 -2.0583415 0.7538566
130 -1.3965654 3.9965365
133 -3.3763301 -1.401445
274 -1.9872992 0.85600615
254 -3.8024094 -1.7859603
62 -3.427738 -1.3781523
89 -2.081401 0.7383591
55 -1.985362 0.8831826
202 -4.338502 -2.2844067
219 -3.5266922 -1.5756414
233 -1.9941128 0.7354084
291 -2.096201 0.6706909
56 -1.9775923 0.8334796
35 -2.0816948 0.670047
104 -2.0775607 0.72793156
43 -1.9393259 0.9702676
139 -3.8621356 -1.9857851
140 -2.1260388 0.58480954
150 -2.2045798 0.48699
259 -3.3803198 -1.4720167
3 -1.4120266 3.804324
221 -3.761428 -1.7412742
276 -2.0977352 0.56266063
180 -2.1919744 0.530098
29 -3.5981734 -1.5791568
37 -3.708291 -1.7051375
201 -2.0379183 0.8725319
210 -1.3901372 3.4929178
268 -1.4503046 4.067258
83 -2.0848157 0.71755993
152 -3.7093892 -1.710103
240 -2.1560826 0.53346413
5 -1.9091198 1.1224921
9 -1.955847 0.9285944
229 -1.781686 1.4024589
77 -1.3361287 3.2558393
239 -1.4417193 3.5070217
119 -1.3766571 3.6237454
65 -3.5186906 -1.5440692
102 -2.0465841 0.8449979
228 -2.003814 0.89163184
249 -3.809628 -1.8472148
280 -2.0193906 0.81689245
175 -2.0124774 0.8347291
190 -1.9875448 1.0242641
52 -1.9523978 0.95474166
195 -1.3664824 3.6050222
25 -3.6934829 -1.780423
168 -3.6277447 -1.6149919
32 -3.5074005 -1.4320531
33 -1.8473259 1.1234796
155 -3.925742 -1.9413863
209 -3.5494165 -1.4820328
79 -3.4434276 -1.4251915
296 -3.8041694 -1.7800196
167 -1.3845172 3.704994
282 -2.0830832 0.5219091
161 -2.1345482 0.5781648
197 -1.4458034 3.7077236
76 -1.3662577 4.0086985
237 -1.3307827 3.6654668
227 -1.3826287 3.3921056
50 -3.0934048 -1.1043024
145 -3.4857829 -1.4566967
194 -2.033949 0.8146684
135 -3.1199791 -1.1152889
96 -1.3877232 3.6494188
106 -1.4440771 3.3208592
289 -3.8990328 -1.8558733
100 -1.4591701 3.7384825
58 -3.8321903 -1.8712883
67 -1.4203428 3.8912773
206 -3.6055825 -1.6135386
93 -1.3673286 3.6917548
255 -2.054577 0.7621202
262 -1.9986075 0.8270057
238 -1.3521215 3.7302911
230 -1.457178 3.5024953
166 -1.4056082 3.679109
73 -2.0918784 0.6920125
17 -1.5029722 3.8406014
34 -1.887032 1.0798589
39 -2.050205 0.76382184
198 -3.2528286 -1.28419
143 -1.3934073 3.3990328
172 -3.4930594 -1.4443573
159 -1.399437 3.836905
225 -1.4694442 3.861066
292 -3.367654 -1.3636769
90 -3.4442801 -1.4834524
158 -1.4362886 3.8310397
97 -2.1521983 0.5735824
134 -1.958529 0.97686946
174 -2.0797033 0.69048834
297 -1.4315717 3.9956315
290 -1.4208446 3.3914669
16 -3.6607413 -1.6811196
28 -3.4212887 -1.4760039
46 -1.4255524 4.0419884
72 -3.4000332 -1.4025742
42 -1.3754932 3.928476
236 -1.4832547 3.173397
251 -1.434148 3.8068686
124 -1.4274081 3.9653108
253 -1.900139 1.0161405
257 -1.3485686 4.250805
270 -3.349108 -1.4830143
294 -3.6455066 -1.6792868
187 -3.5662618 -1.5633035
295 -3.3247855 -1.3417212
10 -1.3779038 4.1906447
19 -1.4626037 3.4441707
98 -3.4292355 -1.4261107
298 -1.9387531 0.966172
199 -1.9880706 0.9852992
258 -2.0637307 0.6470285
123 -1.4417741 3.9820411
181 -3.2701569 -1.2895608
69 -1.3853992 3.5232017
49 -1.9833581 0.9401069
57 -2.1197255 0.6302925
63 -2.05155 0.79963076
205 -1.3828466 3.6361558
81 -1.4305643 3.750302
243 -1.9162445 0.94472593
94 -2.0459158 0.7089588
178 -3.0588048 -1.1403039
144 -1.3615184 3.8050456
112 -3.5187392 -1.6046705
169 -1.4011599 3.3553066
151 -2.054438 0.6425063
244 -2.1248555 0.6286024
226 -1.3530164 3.9342558
281 -2.1936765 0.4956614
207 -1.3576647 3.7712655
30 -1.3307728 3.518889
40 -3.6157024 -1.6620799
84 -1.4761744 3.6606228
51 -3.6332653 -1.6785831
173 -2.0184298 0.8584811
71 -2.0616696 0.6979876
88 -1.4198713 3.6547751
272 -1.4485136 3.4814954
235 -1.3711753 3.8161664
111 -3.492228 -1.5400467
115 -1.4042516 3.8128858
122 -1.4024577 4.0330606
217 -1.4018011 3.751465
4 -1.3912667 3.4954631
27 -3.6166148 -1.7184641
38 -1.424889 3.4990437
59 -3.5615067 -1.5754929
68 -1.4298301 3.4866917
132 -1.3909007 3.4908996
95 -3.9239156 -1.9291282
248 -3.8129523 -1.890732
129 -2.0004444 1.0511315
183 -1.9449251 0.8611516
0 -1.4179416 3.7963445
1 -3.4800324 -1.5928439
218 -2.0683496 0.8081666
184 -3.9172873 -2.0463645
53 -1.4369003 3.942268
214 -1.8949935 1.0493983
70 -1.4182098 3.4747052
92 -1.4008862 4.3412576
176 -1.3776113 3.285539
287 -3.7472038 -1.8802838
126 -1.9994621 0.9153769
146 -3.9513876 -1.99773
157 -3.4853 -1.4266182
286 -1.4434946 3.7739964
252 -2.175564 0.4739386
131 -3.3280685 -1.4027874
215 -1.4061234 3.2827213
12 -1.9777615 0.9221533
250 -3.5367765 -1.5377986
264 -3.9492037 -1.9465827
47 -1.341864 3.443068
186 -2.0422075 0.89276385
120 -3.5498946 -1.5068516
110 -3.434248 -1.3964359
232 -3.7084665 -1.6827267
142 -1.4177958 4.2350283
136 -3.8067625 -1.7255833
137 -1.3822906 3.8588307
85 -3.618513 -1.6957793
21 -1.3575677 3.5502505
45 -1.3703965 3.176706
26 -1.4221183 3.4292667
109 -3.872692 -1.8080992
80 -1.397039 3.5109162
223 -4.0471992 -2.0613513
208 -3.5131521 -1.5404401
212 -1.4115435 4.068463
86 -3.3793871 -1.3618296
154 -3.9732568 -2.0293674
121 -2.1536853 0.69124067
299 -1.3760195 3.820808
163 -2.089691 0.7501296
141 -3.2394001 -1.3231385
245 -3.5738308 -1.5963995
261 -3.5814033 -1.6274161
283 -1.3750219 3.9053056
220 -3.8312764 -1.8287698
91 -1.8723246 1.3100326
125 -1.4580017 3.363495
247 -1.3859403 3.7769666
118 -1.4395053 4.233488
164 -4.0123425 -1.9318832
179 -1.3799796 3.7868567
60 -2.1106734 0.7244429
216 -3.7442942 -1.7510989
153 -3.5345736 -1.547419
185 -3.7988627 -1.8805293
41 -1.4303277 3.8869753
48 -4.094662 -2.090075
74 -3.3536677 -1.3007782
260 -3.8984306 -1.8634149
75 -3.3279219 -1.3908645
269 -3.3061159 -1.3147497
117 -2.0093408 0.6849973
138 -1.3514513 3.645728
182 -3.5530183 -1.5566512
279 -2.156057 0.54038125
191 -1.404355 4.144253
213 -2.0414674 0.745265
278 -1.3871245 3.9778137
2 -3.3050466 -1.3597767
22 -1.3973987 3.6396043
44 -3.358063 -1.3662312
288 -3.7256944 -1.7311106
222 -3.4473436 -1.4879586
99 -1.3872379 3.7209272
285 -1.3935764 3.9140537
211 -1.9653536 0.8435988
275 -2.001238 0.8085886
13 -1.9690726 0.93311256
20 -1.4160237 3.4213824
256 -2.1404607 0.6132967
271 -1.4310441 4.256061
107 -1.9712604 0.871465
171 -2.0581548 0.80633706
265 -1.3291745 3.4564564
66 -1.4179748 3.7417758
224 -3.8126485 -1.7837911
200 -1.418654 3.8853576
156 -1.3435328 3.431807
196 -1.4498502 3.8259728
162 -2.0195334 0.89104944
188 -2.178354 0.5618344
293 -2.0300808 0.85112077
24 -1.4600323 3.762326
160 -3.73879 -1.6807479
165 -3.3978326 -1.3118416
203 -3.7282102 -1.6975449
193 -3.4134738 -1.4965942
