30 2
10 5.353422 -1.0858549
22 3.70045 1.8329893
1 3.0594077 5.543652
21 3.2058146 4.993018
8 6.2521496 -2.0838115
14 3.6105783 2.1543121
19 5.617306 -1.468455
28 5.822193 -1.8506974
7 3.523943 2.4368415
4 3.9190648 1.3016441
25 6.2009325 -2.0498862
23 7.038826 -2.8111782
13 5.4899383 -1.134092
16 3.7973857 1.8568611
15 3.8694246 1.6331408
26 3.4892619 2.7215345
3 3.1225781 4.504916
29 7.143153 -2.954412
12 3.136275 6.537293
27 3.163274 6.301339
20 3.9829695 1.0179787
17 3.871115 1.6344333
2 3.3262868 6.7640867
0 3.062633 4.7626805
24 3.1669998 4.963019
9 3.1437485 4.851819
11 3.1731431 5.997349
18 3.7822876 1.5194688
6 6.3660307 -2.36484
5 6.4924006 -2.405566
