30 2
22 3.6781006 1.7731049
19 5.652651 -1.5778265
4 4.003956 1.1385981
21 3.2203398 4.9449964
17 3.97403 1.3855022
7 3.586107 2.2096903
10 5.3494043 -1.2092878
25 6.1515408 -2.1430218
8 6.28828 -2.2558167
15 3.9618251 1.3847842
28 6.0351725 -2.1575866
6 6.3410378 -2.3742635
9 3.211303 4.7962227
20 4.058322 0.9850974
27 3.262883 6.234738
26 3.5573318 2.3159714
13 5.4796734 -1.360101
29 7.1037545 -3.122556
23 6.9291916 -2.8959315
14 3.6133735 2.0883646
16 3.766503 1.9127613
1 3.2565007 5.4074326
11 3.2574017 6.0460544
0 3.1370716 4.8966985
3 3.2912982 4.6464972
12 3.3392959 6.5664377
18 3.7877347 1.427849
24 3.251199 4.9834247
2 3.3897917 6.6066394
5 6.493317 -2.468102
