30 2
16 3.7037194 1.8694527
22 3.729022 1.72107
1 3.1470559 5.49982
7 3.5222838 2.246889
15 3.8809571 1.4702065
8 6.097379 -2.0968359
10 5.4186854 -1.1951753
21 3.2304265 4.9436097
14 3.7380154 1.9405764
4 3.9349887 1.2291099
19 5.613492 -1.5385306
28 6.002051 -1.9170984
13 5.389868 -1.3230057
25 6.2333727 -2.0723948
26 3.555975 2.1995165
5 6.465265 -2.4987228
2 3.3043072 6.6818023
18 3.8372216 1.3943741
17 3.9244926 1.3449819
6 6.3281198 -2.3951807
23 6.973816 -2.9800203
27 3.2353215 6.308335
20 4.067026 0.87971425
3 3.2184982 4.664544
12 3.3772185 6.536788
0 3.255307 4.7831664
9 3.2492604 4.8332167
11 3.1690927 5.9032564
29 7.012163 -2.933336
24 3.163635 5.0569806
