30 2
7 4.5147586 2.8713832
29 4.8918486 2.977161
3 1.7500347 3.8846886
2 -1.4575878 5.9861116
14 -1.8322196 6.176669
4 -1.452464 5.928989
23 -2.0023732 6.4212418
20 -0.88710624 5.3156
18 -0.7658522 5.223564
5 2.1075425 3.6589732
22 4.48018 2.9088128
21 2.8243613 3.5463703
1 5.8839474 2.6454725
10 4.722154 2.92936
25 5.7205496 2.8297992
0 1.1243958 4.0830646
24 1.9445907 3.8067842
6 5.4772563 2.7398655
12 5.5351615 2.7399623
15 6.1571274 2.749227
19 -2.0200505 6.448534
8 -0.9952853 5.4475555
11 1.5614326 3.9436607
16 1.3944349 4.143189
26 5.6010456 2.660227
13 2.9529123 3.4641433
9 1.3453757 4.206422
28 -1.170406 5.5733047
27 2.3533084 3.628942
17 -1.2327492 5.6788654
