30 2
29 4.6791596 3.4485784
7 4.2822347 3.2106645
2 -1.9056165 5.8320227
20 -1.3441247 5.183849
3 1.5147018 4.0142083
5 1.4125117 3.9435034
6 5.0966735 3.206933
12 5.1250796 3.2434814
14 -2.3732212 5.9025936
4 -2.1564214 5.8444996
0 0.64887977 4.2545347
21 2.3489256 3.8535795
24 1.6082006 3.9429336
18 -1.1785951 5.1245728
15 5.986537 3.293199
1 5.670179 3.2551029
23 -2.6543036 6.1197624
26 5.21733 3.1905944
11 1.1119645 4.1064916
10 4.444722 3.492868
16 0.98265886 4.2911916
25 5.4687276 3.2393203
17 -1.8029715 5.571958
28 -1.5768795 5.344618
8 -1.4714493 5.203811
13 2.3294153 3.7517824
22 4.494924 3.2351859
19 -2.6662672 6.214365
27 1.9065292 3.841925
9 0.90535367 4.3007855
