30 2
20 -1.8781984 5.2112
1 5.232168 3.7353957
29 4.313395 3.8377237
7 3.8028097 3.7249317
4 -2.5434413 5.507452
3 1.2023263 4.050006
18 -1.8115326 5.012129
2 -2.543678 5.6304626
24 1.2976521 4.1297517
21 2.1727386 4.066142
5 1.2683061 3.9171653
10 4.082261 3.7570293
0 0.5080276 4.214495
14 -2.9514933 5.6864305
6 5.0692167 3.662074
28 -2.1844437 5.214612
22 3.9644127 3.6425977
11 0.84464526 4.0865035
25 4.91737 3.8137832
15 5.4057226 3.8597085
23 -3.0183969 5.804677
17 -2.3903637 5.4475045
16 0.55573255 4.338705
12 4.7570815 3.6254792
27 1.502008 4.006158
19 -3.3379307 5.8823123
9 0.5861377 4.3503757
26 5.100379 3.6664135
13 2.1708107 3.932325
8 -1.9547157 5.0495405
