30 2
22 3.790338 1.6692128
28 5.9071145 -2.7646499
16 3.8875577 1.6490171
21 3.711604 4.3969383
10 5.327023 -1.7693905
17 4.0011625 1.3352977
1 3.6774719 5.117585
25 6.0640078 -2.7490718
26 3.7440076 2.155959
13 5.2563725 -1.8468789
6 6.0889435 -2.9256225
15 4.0280232 1.3672274
8 5.953314 -2.670779
23 6.6628995 -3.4681566
20 4.123128 0.49225157
24 3.5968096 4.640008
3 3.5855908 4.32682
14 3.7586195 1.9955695
4 4.0137434 0.89270574
29 6.8660793 -3.658139
7 3.7329967 2.09177
9 3.7290878 4.575074
18 3.8517697 1.2475519
0 3.667488 4.4220734
27 3.8462896 5.9940076
19 5.43127 -2.052657
5 6.209156 -3.0950704
11 3.753523 5.6667795
12 3.8664293 6.1844506
2 3.8458536 6.288598
