30 2
28 6.088033 -2.2103615
22 3.629776 1.8020623
10 5.462989 -1.3512505
15 3.8982573 1.5170997
1 3.1773608 5.5089636
21 3.282669 4.903544
8 6.1814137 -2.1711242
19 5.5647497 -1.5133835
4 4.0434628 1.0224024
14 3.649974 2.0888937
13 5.49926 -1.4645725
25 6.2284656 -2.2173603
17 3.878193 1.4096303
2 3.4188616 6.582318
16 3.6957068 1.853908
24 3.2584856 4.8643384
11 3.313449 6.0173163
7 3.5427573 2.2788074
27 3.362913 6.1180253
6 6.37172 -2.4307892
23 6.9405756 -3.0046182
3 3.3131404 4.6336665
20 3.9885879 1.0239587
29 7.0242457 -3.1750715
18 3.8106735 1.3002425
0 3.2022283 4.705968
5 6.3799257 -2.484433
12 3.4217763 6.555935
9 3.3275247 4.819303
26 3.5820744 2.3448946
