30 2
29 4.3422613 3.7138362
4 -2.474002 5.5800414
2 -2.4640117 5.73835
7 3.836797 3.5959256
20 -1.7823 5.1469383
1 5.4004583 3.6638687
18 -1.6629387 4.9852986
5 1.4231306 3.931165
12 4.905954 3.6574597
3 1.4309475 3.9863784
8 -1.8041053 5.127695
25 4.97425 3.6500401
14 -2.5752323 5.703046
23 -3.0266452 5.9207144
24 1.3383896 3.9885406
22 4.1323895 3.615658
15 5.4354787 3.6529658
26 5.1238375 3.5303926
0 0.61612874 4.1675644
16 0.5555354 4.278592
6 4.902524 3.5116937
28 -1.9702344 5.2383385
17 -2.2355163 5.445196
21 2.1467164 3.9576564
10 4.295183 3.6299026
13 2.2727048 3.8779373
9 0.55961156 4.304381
11 1.0084695 4.1942573
19 -3.1281989 6.051637
27 1.6623479 3.9493637
