30 2
7 3.6717362 3.9079928
29 3.9875062 4.0818825
14 -3.1919675 5.552513
4 -3.0085962 5.36556
3 0.8454103 4.20923
1 5.2115417 4.1364875
2 -2.9089098 5.4494147
23 -3.4986331 5.662063
21 1.706571 4.1269617
6 4.625167 3.9559925
5 0.943942 4.0700164
17 -2.8586438 5.3559813
20 -2.3867192 5.03033
22 3.6717887 3.9033952
11 0.667206 4.123907
0 0.18545672 4.231149
26 4.7557817 3.990699
18 -1.9813949 4.8513656
25 4.8265944 4.12021
24 1.1662234 4.0925417
28 -2.405186 5.0072927
27 1.3644292 4.1532354
9 0.3751773 4.297378
12 4.777144 4.148922
13 1.9427811 4.0646033
8 -2.275193 4.924341
15 5.0326624 4.166464
10 3.6951826 4.016927
19 -3.5727677 5.667583
16 0.21818216 4.381884
