30 2
29 4.7442584 3.258781
7 4.2140427 3.2557538
3 1.6538084 3.955738
6 5.2663045 3.0452533
2 -1.7535704 5.795258
24 1.7631985 3.9558015
20 -1.3480142 5.3164206
5 1.8093406 3.8562405
15 5.9377303 3.1571004
18 -1.2556208 5.2142344
12 5.354124 3.2168183
4 -1.9862573 5.8331113
25 5.391892 3.1141882
28 -1.6400664 5.405039
11 1.3870797 3.9962697
10 4.387298 3.2205198
23 -2.4986331 6.2912383
0 0.87981397 4.191499
16 1.1657817 4.2946405
14 -2.059248 5.992803
22 4.386852 3.1419003
27 2.116239 3.775009
1 5.6964293 3.0976036
26 5.3746862 2.989349
17 -1.64788 5.6536098
9 0.9773606 4.242218
21 2.5161731 3.6901014
19 -2.53852 6.2961187
13 2.508337 3.6424608
8 -1.1404307 5.2188163
