30 2
16 3.830957 1.5965849
1 3.395069 5.212908
22 3.768765 1.7551543
21 3.3730013 4.8441744
15 3.955765 1.4718747
10 5.475457 -1.4676385
28 6.0074086 -2.350047
20 4.0621123 0.90261716
8 6.157612 -2.4395175
13 5.4880047 -1.6020278
14 3.7556403 1.75178
25 6.1873355 -2.4322557
27 3.4671204 6.0899477
18 3.8724287 1.2784206
7 3.6301024 2.1114402
17 3.972883 1.4470037
19 5.429795 -1.5314599
4 3.899487 1.1920252
11 3.5298977 6.093765
3 3.3622904 4.458891
29 6.9161983 -3.228704
23 6.879596 -3.0814257
5 6.404224 -2.609012
0 3.3077817 4.674965
12 3.5823748 6.5043983
24 3.4157252 4.7408566
2 3.5735133 6.6221704
9 3.4076564 4.9117317
26 3.6683598 2.2270217
6 6.242551 -2.598969
