300 2
256 -2.0239487 0.6880495
212 -1.4463795 3.90916
276 -1.9620585 0.8254629
195 -1.4274842 3.52375
191 -1.3697591 3.9638917
99 -1.4604764 3.8973703
234 -1.9646205 0.92938507
29 -3.2572234 -1.329256
78 -1.3212314 3.5651715
147 -2.0144358 0.7390663
252 -2.042535 0.86476696
237 -1.4192303 3.8448746
291 -1.9536874 0.92321974
1 -3.6160712 -1.6352313
28 -3.6096225 -1.6532216
30 -1.4063727 3.6699243
139 -3.9317963 -1.8578055
162 -1.958363 1.0132679
90 -3.4143057 -1.4414046
274 -2.0238934 0.85246474
183 -1.9741671 0.9568443
189 -1.440118 3.3798118
243 -2.0517917 0.69533384
2 -3.488401 -1.4911826
106 -1.3978748 3.1710606
281 -2.0797684 0.6412277
294 -3.725591 -1.6496934
47 -1.3286531 3.002849
94 -1.9815152 0.73923385
269 -3.1852403 -1.1132821
9 -1.998435 0.8668435
65 -3.5039268 -1.546578
105 -3.330195 -1.345621
6 -2.0883203 0.48864633
114 -2.1135914 0.6687404
213 -2.0873606 0.6053035
157 -3.6414812 -1.5833726
134 -1.8487651 1.1051722
176 -1.4202265 3.0848515
166 -1.396272 3.6683922
49 -1.947428 0.9094167
52 -2.033561 0.81018275
57 -2.1014314 0.58465177
154 -3.9130433 -1.9134861
117 -1.9915301 0.88632864
267 -3.5980816 -1.616526
298 -1.8739879 1.1297926
155 -3.553165 -1.5822715
241 -2.0789325 0.76406986
4 -1.4132557 3.3529403
18 -1.9833133 0.934729
170 -1.9215242 1.007042
40 -3.815386 -1.8816082
50 -3.2922285 -1.3240981
75 -3.411188 -1.5058912
71 -2.0077236 0.8073266
187 -3.8804028 -1.8734605
233 -1.9601697 0.92684054
205 -1.3820157 3.3427565
268 -1.4301399 3.8818367
129 -1.8696241 0.9930016
297 -1.3883677 4.0245643
263 -2.0223958 0.7912053
59 -3.6711257 -1.6340594
142 -1.571393 3.7908487
107 -2.0496953 0.7610469
245 -3.7455325 -1.7093629
172 -3.6966805 -1.6950523
33 -1.8688614 1.0659583
8 -2.015368 0.78694546
73 -1.8898487 1.2339522
247 -1.4159484 3.587493
185 -3.8787854 -1.8055596
55 -2.0779648 0.6368425
61 -2.157994 0.4813047
211 -2.1355093 0.46319595
231 -1.9254133 0.96245027
81 -1.4019101 3.6884394
275 -2.040259 0.83871657
216 -3.7103622 -1.70811
255 -1.9109055 1.0106406
21 -1.3822578 3.752294
132 -1.3744673 2.970322
24 -1.4051789 3.425706
194 -2.0057292 0.8146915
284 -3.477321 -1.5044292
87 -1.9936845 0.766272
111 -3.5086486 -1.6382893
270 -3.6186397 -1.6267525
13 -1.9372444 0.9843983
43 -1.8827912 1.0259644
45 -1.3892492 3.569987
89 -1.9529864 1.0524179
258 -2.090302 0.7436536
283 -1.4353845 3.9097064
140 -2.171538 0.39370695
220 -3.5249364 -1.6617239
198 -3.3240938 -1.4135208
254 -3.7647097 -1.7023259
27 -3.572936 -1.5344019
165 -3.524929 -1.5467188
130 -1.3785309 3.5690682
54 -3.6509793 -1.5920129
63 -1.9701434 0.9163432
133 -3.45673 -1.4403262
127 -1.9950378 0.87552345
289 -3.554042 -1.5520364
152 -3.805474 -1.9037327
193 -3.684076 -1.6853598
259 -3.3387153 -1.3744513
218 -1.8799658 1.1501354
7 -1.4228187 3.3868785
277 -1.9675333 0.876048
113 -1.9662133 0.83806324
85 -3.5397892 -1.585949
51 -3.75812 -1.724503
271 -1.4173799 3.9908335
290 -1.4293975 3.5631814
188 -2.128353 0.5729134
242 -1.8535849 1.073517
299 -1.4519677 3.4541104
97 -2.0241003 0.8186653
83 -2.0103457 0.77062726
217 -1.4315104 3.553876
15 -1.9822975 0.8745274
17 -1.4333845 4.25565
53 -1.3787205 3.665987
173 -2.0075803 0.8352345
35 -2.1462214 0.58941495
62 -3.6485987 -1.6101849
278 -1.4488007 3.923716
226 -1.4074732 3.794419
225 -1.4840559 3.7897537
121 -2.0211244 0.74599844
163 -2.2892797 0.37547052
196 -1.4236727 3.6917412
232 -3.4714599 -1.5770031
282 -2.0855184 0.6182013
16 -3.6663558 -1.5837914
200 -1.3564351 3.9010897
175 -2.002783 0.75603926
292 -3.530695 -1.5032859
148 -3.7905447 -1.7959217
149 -1.9699296 0.77925813
160 -3.6003718 -1.6261399
239 -1.4305016 3.4267278
3 -1.3705428 3.4106054
77 -1.4395885 3.183042
103 -1.389857 3.4004881
11 -2.065265 0.7602788
44 -3.289151 -1.2829474
201 -2.0420341 0.7865414
48 -3.7689574 -1.7282461
272 -1.4265115 3.1497886
158 -1.3763384 3.5309024
108 -2.097033 0.7489409
119 -1.416208 3.382094
228 -2.0662026 0.69837683
120 -3.4231396 -1.404203
235 -1.3933767 3.7509353
135 -3.318863 -1.3439301
208 -3.4626372 -1.4643815
221 -3.6174824 -1.5731177
293 -2.0269685 0.6819222
102 -1.9189233 0.8132128
190 -1.9073377 0.97487146
14 -3.6019063 -1.662833
266 -2.0387309 0.7991213
123 -1.3482084 3.783351
22 -1.3966932 3.6902685
23 -2.0093608 0.8690474
206 -3.286684 -1.3051896
31 -1.4729879 3.903659
287 -3.7786505 -1.6495908
79 -3.6199648 -1.6315719
42 -1.4039307 3.6531005
192 -3.3753698 -1.3145692
131 -3.4583552 -1.4009407
95 -3.8869827 -1.897714
224 -3.7885153 -1.6819849
286 -1.4788163 3.8273263
124 -1.4860312 3.9396117
248 -3.6632464 -1.6740475
151 -1.9639095 0.85294867
265 -1.4196255 3.751505
199 -1.9940052 0.9011857
12 -1.9281697 0.9863837
64 -3.3013284 -1.359297
146 -3.9455254 -1.8558341
67 -1.4152598 3.88969
86 -3.554422 -1.5635692
238 -1.3736092 3.6610222
101 -1.9151654 1.0457741
251 -1.4370692 3.7167354
215 -1.3191898 3.5859509
168 -3.5622509 -1.5204926
264 -3.6399853 -1.7153428
159 -1.4016641 3.9938133
197 -1.4802969 3.685431
46 -1.4003584 4.428922
280 -1.9537547 1.0935348
80 -1.3653191 3.5939395
88 -1.4712981 3.8500702
244 -2.058729 0.6429828
112 -3.6867592 -1.7210205
115 -1.3448524 4.165303
257 -1.4158499 3.9898932
169 -1.4806062 3.3334808
240 -2.1670282 0.4400102
0 -1.309462 3.7521138
37 -3.6314778 -1.6822808
38 -1.3752425 3.6211126
60 -2.157442 0.6768033
68 -1.4125293 3.5174584
167 -1.3840741 3.683436
76 -1.4327327 4.169154
253 -1.9000106 1.1149336
118 -1.4477391 4.5141373
186 -1.9804308 0.9292126
203 -3.5948505 -1.6516577
214 -1.9917173 0.76598054
100 -1.397746 3.877624
125 -1.3719767 3.9585848
56 -1.8920786 0.99208456
229 -1.9173993 1.0675893
66 -1.3952295 3.792322
84 -1.4192417 3.5347698
72 -3.3155212 -1.2998303
92 -1.4880248 4.1888843
180 -2.1256666 0.6563748
136 -3.8267019 -1.7780457
222 -3.611472 -1.6173166
36 -1.3432115 3.4222126
70 -1.4278737 3.881831
285 -1.4144626 3.9488728
58 -3.7183406 -1.7351476
96 -1.4387621 3.7690299
116 -1.4199396 3.7713702
184 -3.9324977 -1.9014902
230 -1.4487426 3.1556263
91 -1.9080164 1.1990933
39 -2.159986 0.6084611
110 -3.015472 -0.97105664
181 -3.41516 -1.4967744
128 -2.0546863 0.73731625
145 -3.7886167 -1.7384851
249 -4.038916 -1.9906814
178 -3.1526928 -1.2098631
236 -1.387835 3.0915809
296 -3.802669 -1.7555925
25 -3.6782806 -1.813397
74 -3.248942 -1.3640423
261 -3.617353 -1.6014298
141 -3.8910713 -1.8753736
122 -1.4309074 4.271403
143 -1.4315563 3.5222805
32 -3.6751456 -1.7187767
19 -1.4061699 3.816739
227 -1.3720708 3.534311
161 -2.045015 0.8077035
153 -3.5162747 -1.5219563
202 -4.1846275 -2.138256
204 -3.5015771 -1.6217759
10 -1.4423574 3.8432148
179 -1.4215189 3.507514
34 -1.9874266 0.99046147
207 -1.4274528 3.7129052
104 -2.046789 0.71858126
260 -4.0974665 -2.041141
164 -4.0731053 -2.013197
93 -1.447698 3.506656
126 -2.0468287 0.6645844
262 -2.051244 0.77190775
250 -3.576533 -1.6429218
138 -1.3707234 3.7302997
171 -1.9788963 0.92613435
209 -3.4435225 -1.4152958
69 -1.3928014 3.4479296
295 -3.1153 -1.22992
82 -3.4873714 -1.4526411
144 -1.4174682 3.6497066
98 -3.570666 -1.6744447
156 -1.3358995 3.5891275
5 -1.8714821 1.1567277
41 -1.3659985 4.032336
174 -2.1265912 0.59778404
182 -3.4438639 -1.4890099
219 -3.4618006 -1.458024
223 -4.105615 -2.1626425
273 -3.489489 -1.4449153
137 -1.4086056 3.4811594
279 -2.1369934 0.5911932
26 -1.4447368 2.9902277
177 -1.9992778 0.87498564
109 -4.04489 -2.0669973
150 -2.1389802 0.4675263
246 -1.4821367 4.106486
210 -1.4209479 3.7913046
20 -1.3688382 3.9280605
288 -3.603729 -1.6749245
