30 2
21 3.0780745 5.0172944
22 3.6979775 1.7599441
4 3.8224173 1.5281942
16 3.6730957 1.9338071
7 3.4653637 2.5091481
10 5.4729757 -1.167628
25 6.3512316 -1.9702835
14 3.561002 2.244518
28 6.119154 -1.8725015
27 3.0724444 6.2930684
17 3.8016903 1.7590196
19 5.6122603 -1.3504324
13 5.3623347 -1.1151451
23 7.0247974 -2.6693876
26 3.4411535 2.5998092
5 6.4764442 -2.1807804
8 6.245947 -2.1368885
3 3.0796409 4.589315
29 7.0402293 -2.7935052
11 3.047313 6.151986
6 6.3866796 -2.0869668
18 3.707763 1.5517516
15 3.9035077 1.5661535
1 2.975492 5.479516
9 3.1681445 5.0118227
12 3.0854814 6.6226187
24 3.0824902 4.981733
0 3.060638 4.765417
20 4.05255 0.845166
2 3.0969532 6.8523197
