30 2
21 2.9426837 5.0716124
10 5.441687 -0.90912527
14 3.5310998 2.3193274
7 3.379348 2.549755
4 3.7765386 1.5387343
19 5.725385 -1.1575086
23 6.9868813 -2.461032
22 3.6357183 1.9829801
11 2.8979983 6.208112
16 3.5671916 2.133035
1 2.8687367 5.637771
15 3.7752187 1.8404326
6 6.4071846 -1.983169
8 6.416149 -1.8750402
25 6.4184713 -1.8249775
13 5.5494742 -0.9834179
2 2.9704177 6.9401636
27 2.8349843 6.3977256
12 2.9421537 6.690303
0 2.862576 5.010213
26 3.3583963 2.603948
3 2.9962773 4.6049733
17 3.6841922 1.8578277
28 6.158098 -1.6350664
24 2.9017456 4.986113
29 7.2630706 -2.5389836
20 3.9710271 1.1957582
18 3.6528091 1.7539684
9 2.890271 5.05399
5 6.6821704 -2.0546505
