30 2
7 3.6463532 3.848692
18 -1.9422879 4.8955364
3 0.9600439 4.177549
29 3.883691 4.0683875
20 -2.1853354 5.0485454
26 4.9491763 3.9009216
5 1.0889181 4.085534
2 -2.8143795 5.5148387
1 5.1822658 4.055566
12 4.7068157 4.0113273
10 3.9315372 3.9892995
21 1.8056117 4.079621
0 0.12672463 4.2938433
25 4.8855896 4.002314
4 -2.8951635 5.3596473
6 4.796177 3.9287438
24 1.1704867 4.21034
11 0.7589267 4.119351
16 0.23749265 4.423911
14 -3.0197706 5.476394
28 -2.4399788 5.115705
19 -3.4516098 5.6331153
13 2.1638737 4.077356
22 3.6987584 3.8423629
23 -3.4209216 5.6921086
17 -2.6609654 5.3475733
8 -2.3263075 4.9350023
15 5.032588 4.0293846
27 1.2734572 4.1818924
9 0.44341788 4.3185177
