30 2
22 3.5766485 1.9644684
10 5.4242454 -0.75986844
21 2.8468654 5.132834
7 3.363658 2.5194817
13 5.5847273 -1.0406452
19 5.6828356 -1.1106945
23 7.0275736 -2.3533382
28 6.1812534 -1.6388258
15 3.7766435 1.8229673
1 2.797354 5.644209
26 3.3964002 2.561905
25 6.455971 -1.7033614
17 3.683516 1.8917499
27 2.862168 6.4662743
4 3.8397653 1.5095673
14 3.5470219 2.1552823
16 3.5701602 2.0944126
29 7.22432 -2.4080544
8 6.4023514 -1.628792
2 2.9414308 7.006961
6 6.466659 -1.9066886
0 2.8740978 5.139526
12 2.8989012 6.794207
20 3.985884 1.1618252
11 2.7620323 6.203808
3 2.8616848 4.645254
18 3.6314414 1.6607696
9 2.8322105 5.104421
24 2.8633285 5.0838776
5 6.671747 -1.9784694
