30 2
7 3.8208604 3.6444569
29 4.3475804 3.8503523
14 -2.7903135 5.751398
2 -2.5223622 5.684652
1 5.4047484 3.700662
3 1.4014488 4.0758076
4 -2.501133 5.556578
5 1.3785232 3.9525294
24 1.2453512 4.1280074
20 -1.9127681 5.1405253
22 3.9989457 3.6671505
10 4.07817 3.7203948
25 4.8802457 3.6638668
15 5.5509777 3.7441733
19 -3.163298 5.824952
11 0.9481156 4.1648693
0 0.6035445 4.2121587
18 -1.792714 5.0347986
28 -2.1017244 5.1729283
23 -3.0502717 5.884402
6 4.8838253 3.6399515
21 2.2375147 4.0043197
26 5.1129627 3.5231655
27 1.5637735 3.917804
8 -1.9880993 5.1360235
17 -2.22753 5.407463
9 0.5934726 4.279541
16 0.5066076 4.307709
12 4.7851195 3.6831093
13 2.222974 3.898013
