30 2
7 4.5268073 2.8772883
5 2.1453738 3.6422372
20 -0.8716406 5.3261385
4 -1.5262225 5.879594
29 4.8945637 3.0173144
0 1.154342 4.1043434
25 5.682822 2.8287039
3 1.744524 3.8939428
14 -1.8074772 6.1271324
8 -1.0288987 5.455762
2 -1.4479114 5.952975
23 -2.0347602 6.3891397
1 5.8430734 2.7418377
10 4.603995 3.0004506
28 -1.2018327 5.511868
24 2.0172906 3.7911048
17 -1.2623044 5.7150583
6 5.404798 2.7928123
21 2.7928998 3.5204694
16 1.4085433 4.1289997
15 6.1187267 2.8013113
11 1.5789189 3.9712768
26 5.5925155 2.6557703
18 -0.77062464 5.260649
22 4.4122257 2.920487
12 5.57619 2.750333
9 1.3289272 4.1341496
27 2.3546078 3.623101
13 2.993095 3.4607363
19 -2.1522148 6.4338694
