30 2
7 4.340004 3.1412578
29 4.7875395 3.1502466
3 1.6012592 3.9749055
25 5.3624063 3.0647504
5 1.8779793 3.8076293
14 -2.1459272 6.1740527
1 5.7292747 3.0729349
2 -1.8037606 5.869168
0 1.1064204 4.125318
6 5.3202295 2.99032
20 -1.1924917 5.3114614
24 1.9186399 3.914582
10 4.5536637 3.11375
19 -2.439769 6.381071
23 -2.3496022 6.24919
18 -1.0052013 5.038256
22 4.336337 3.0976083
27 2.1005266 3.7228973
28 -1.5361476 5.4959273
4 -1.8816451 5.804826
15 5.923343 3.0120769
16 1.2573328 4.1951513
21 2.638285 3.6668565
17 -1.5309554 5.5717797
9 1.1392564 4.171371
11 1.3328686 4.055471
8 -1.2514602 5.361029
26 5.4390516 2.9508095
13 2.5302584 3.647183
12 5.418462 3.0730736
