30 2
16 3.7210891 1.9130133
1 3.2043614 5.5037885
8 6.169365 -2.201363
14 3.6360483 2.0510745
13 5.521961 -1.5092124
28 6.0912743 -2.1268063
25 6.2136326 -2.2304113
26 3.5618513 2.3246758
10 5.4196925 -1.3386168
4 3.9896855 1.0577892
22 3.6354904 1.7659751
7 3.5187156 2.2534528
12 3.4175618 6.577929
21 3.2807658 4.8908477
3 3.312651 4.6078534
19 5.486369 -1.525242
15 3.8774421 1.4175678
0 3.2032404 4.700053
11 3.2737224 6.0033374
29 7.025218 -3.1876643
17 3.914606 1.3889246
27 3.3910859 6.152084
2 3.472373 6.55609
23 6.9986076 -2.9950876
18 3.8023505 1.2974051
5 6.429671 -2.4167657
20 3.993256 1.0500027
6 6.3910265 -2.4844818
9 3.347946 4.7954054
24 3.2298505 4.9514823
