300 2
189 -1.3574808 3.1336048
181 -3.3888366 -1.3567625
147 -2.0096223 0.8891358
105 -3.1627865 -1.1080177
117 -2.0533755 0.8212067
33 -1.9126396 0.95251715
7 -1.3786225 3.4717367
20 -1.3445348 3.5360687
287 -3.7015922 -1.6578466
238 -1.4495077 3.6747687
128 -2.1298668 0.6855163
215 -1.3956224 4.1131186
136 -4.135272 -2.0138938
249 -3.9422512 -1.8398795
269 -3.4094243 -1.3987993
36 -1.4613647 4.0614824
161 -1.9423019 0.9890238
104 -1.9457076 1.0091124
295 -3.2912652 -1.1752555
190 -1.892694 1.182855
139 -3.9740846 -1.8397951
115 -1.3899794 4.0000973
47 -1.4135102 3.1169052
108 -1.9332095 1.1242574
16 -3.7251785 -1.6550348
18 -1.9748974 0.8120818
284 -3.5379329 -1.4612261
174 -2.106887 0.6436459
62 -3.4082997 -1.386984
81 -1.3953341 3.6319127
82 -3.4585984 -1.37124
107 -1.915211 1.1271456
2 -3.5745065 -1.541399
291 -1.9421039 0.96104884
143 -1.3715465 3.375598
88 -1.4066623 3.4686935
294 -3.4846811 -1.4167498
124 -1.3009254 3.9129474
265 -1.3670096 3.6950023
71 -2.0496562 0.687736
69 -1.3660581 3.6335533
256 -2.1017728 0.6011934
244 -1.945403 0.9648796
129 -1.9086661 1.0115938
221 -3.758812 -1.7224051
73 -1.9325473 0.92800796
102 -2.049716 0.7447333
170 -2.006379 0.735041
164 -3.7064078 -1.5979129
236 -1.4234056 3.1292033
56 -2.0424497 0.8219141
210 -1.3391916 3.6674628
116 -1.355153 3.579897
255 -2.013062 0.88198435
204 -3.7129688 -1.5785023
243 -1.9596862 0.9136554
263 -2.0787485 0.681776
3 -1.3949813 3.659563
232 -3.6880963 -1.5875971
11 -2.0017033 0.881075
22 -1.3055813 3.4616718
290 -1.3937376 3.4938035
142 -1.3901566 3.779266
160 -3.572923 -1.4809778
246 -1.3686632 3.2061806
155 -3.943832 -1.8603165
125 -1.3871658 3.7310257
198 -3.1326528 -1.1445951
0 -1.3381265 3.7342083
213 -2.1007404 0.6021998
196 -1.3827636 4.081238
67 -1.3747413 3.4750624
158 -1.413639 3.615808
27 -3.532836 -1.5115597
194 -1.9972004 0.93645215
101 -1.9577464 0.9657034
227 -1.3881905 3.7881246
149 -1.9134331 1.0073758
77 -1.3422447 2.9481206
151 -2.0725305 0.78796214
119 -1.3309672 3.7376523
239 -1.3573639 3.6194303
144 -1.3533101 3.9093208
251 -1.4605362 3.5941658
10 -1.3284026 3.9607887
42 -1.3336025 3.9232366
25 -3.8940313 -1.8572308
159 -1.359898 3.49534
257 -1.3794621 4.084557
55 -2.02734 0.8301224
153 -3.4723523 -1.308799
72 -3.388682 -1.3218195
86 -3.3302135 -1.2176502
225 -1.3384057 3.7234476
188 -2.1085777 0.70189154
29 -3.529916 -1.4372388
253 -1.918693 0.9243132
44 -3.5730147 -1.4770159
59 -3.4819784 -1.3458091
176 -1.3747878 3.5899255
298 -1.838022 1.2239314
207 -1.3381429 4.1377773
262 -2.024217 0.7062697
5 -1.8345827 1.319127
23 -2.0563715 0.68875235
64 -3.7266357 -1.5766813
106 -1.4057616 3.4997509
156 -1.3525101 3.6837003
87 -2.029978 0.8175149
78 -1.36366 3.5732605
168 -4.0812635 -1.925042
163 -2.0704207 0.691417
146 -3.8343296 -1.8057072
178 -3.057715 -1.0240428
228 -1.9566084 1.0230612
175 -1.9013408 1.0473256
278 -1.3829377 3.4477763
43 -1.9480462 0.91777164
99 -1.4560986 3.405384
226 -1.3920919 4.1305714
84 -1.4033278 3.649138
292 -3.5911264 -1.5876179
92 -1.4075831 4.510776
111 -3.6738281 -1.610641
224 -3.8753574 -1.8916985
127 -1.9859388 0.8112175
6 -2.0754955 0.57315207
8 -2.0167747 0.91216624
94 -1.9207114 0.859511
177 -1.9876633 0.9831904
132 -1.3463892 3.6432269
254 -3.5380082 -1.5970199
270 -3.3962917 -1.33372
162 -1.9253787 1.0984957
93 -1.4260341 3.446655
83 -2.0792656 0.64787257
97 -2.0719225 0.7174048
113 -2.0843735 0.679688
120 -3.6892111 -1.626919
134 -2.0183966 0.8253278
157 -3.5406253 -1.5358465
192 -3.4166846 -1.34322
205 -1.3479089 3.5871758
247 -1.422642 3.4997926
240 -2.2478979 0.32980645
1 -3.8148985 -1.736708
252 -1.9587152 0.89702076
150 -2.0777025 0.6299957
12 -1.9623054 0.8620861
14 -3.746241 -1.6853819
15 -2.0037184 0.85131454
53 -1.3234748 3.5869305
31 -1.427553 3.744034
140 -2.1148052 0.6436869
28 -3.385791 -1.3122048
182 -3.5126762 -1.4518185
248 -3.8678162 -1.7570113
70 -1.3962876 3.8363392
199 -1.9314735 1.0652163
90 -3.580556 -1.4384036
258 -2.1282887 0.5103281
289 -3.8385787 -1.7694273
237 -1.3773384 3.5820258
223 -3.8907855 -1.7856182
261 -3.7333727 -1.5904871
212 -1.3583337 3.7091954
172 -3.640963 -1.5704678
297 -1.431271 3.457819
100 -1.403779 3.9580722
234 -1.9537836 0.9529247
114 -1.9485838 0.8630425
274 -1.9846944 0.9149825
145 -3.6822093 -1.593359
183 -1.9853678 0.90711063
216 -3.5019684 -1.5074052
201 -1.9151381 1.0726331
229 -1.8044778 1.3146769
242 -1.98647 0.9165308
135 -3.292443 -1.27164
283 -1.3583606 3.7657743
276 -1.9164325 0.9892502
121 -1.9861904 0.9470513
26 -1.4154311 3.2424316
37 -3.6892111 -1.6024163
41 -1.39371 3.9513977
54 -4.0265384 -1.84097
75 -3.243045 -1.172872
222 -3.7965384 -1.6989889
103 -1.4741117 3.8257742
277 -1.9685196 0.89913034
195 -1.3709708 3.1882007
266 -2.0702875 0.8358
13 -2.0990438 0.77473843
279 -1.945654 1.0523368
35 -2.0209544 0.7703817
40 -3.3985553 -1.2936525
268 -1.3868524 4.1405907
138 -1.35393 3.7066958
167 -1.417812 3.5055575
180 -2.1301687 0.58223003
185 -3.779334 -1.714018
273 -3.5862343 -1.4534593
214 -1.995707 0.86020553
217 -1.3380642 3.7210553
299 -1.3785268 3.655839
280 -2.0460708 0.826714
241 -1.9381075 1.0932949
126 -2.0061922 0.857895
154 -3.7827535 -1.6983218
30 -1.3114923 3.9544597
202 -4.0248594 -1.9935212
65 -3.8363478 -1.7158275
130 -1.4353434 3.9950469
260 -4.2846293 -2.0880814
231 -1.9099709 1.078685
235 -1.3499302 3.9244938
293 -2.004795 0.82350904
32 -3.647401 -1.584046
148 -3.7818155 -1.7021884
76 -1.3609778 3.9033005
45 -1.3590972 3.4923644
48 -3.9088914 -1.8317062
80 -1.4392054 3.761435
131 -3.4081328 -1.3425932
141 -3.3707106 -1.3081063
179 -1.3769963 3.7935705
186 -2.057999 0.83897007
271 -1.4317341 3.8812923
264 -3.5625422 -1.595739
286 -1.3876269 3.7639961
122 -1.4183987 4.2310557
169 -1.3839211 3.7376256
39 -1.8740562 1.0881287
95 -4.010774 -1.9113809
17 -1.4006138 4.235563
152 -3.7207756 -1.6922671
49 -2.0241506 0.77978456
133 -3.3861456 -1.2954887
96 -1.3760529 3.6045086
98 -3.2431133 -1.1989108
118 -1.3811435 4.16851
206 -3.4788566 -1.4762521
259 -3.4950488 -1.4242733
245 -3.4719481 -1.4032542
281 -1.9470451 0.8911132
34 -1.959065 0.96278524
187 -3.4942944 -1.468874
52 -2.0735004 0.75032103
60 -2.0840118 0.72603464
63 -2.0421524 0.8725384
66 -1.3856993 3.9832454
68 -1.3578491 3.5148625
109 -4.027979 -2.0028834
165 -3.651872 -1.4909109
184 -3.7958527 -1.7020849
285 -1.3974886 3.574155
296 -3.8117542 -1.6992804
19 -1.3346659 3.7212515
38 -1.3965113 3.5449717
74 -3.3796916 -1.2819473
191 -1.3999518 3.9963436
112 -3.7405465 -1.5779287
209 -3.5176268 -1.4964024
233 -2.1018553 0.57837987
24 -1.3374176 3.572171
9 -2.094401 0.6824377
110 -3.1459394 -1.1392887
50 -3.158613 -1.0781726
57 -2.0197566 0.7363086
123 -1.350464 3.789543
275 -2.1931982 0.5718126
267 -3.681648 -1.5845331
197 -1.3866336 3.653807
288 -3.6855965 -1.6142868
166 -1.4686284 3.571084
203 -3.9693317 -1.7897164
282 -2.1004114 0.50184757
58 -3.9455948 -1.8149902
219 -3.4032936 -1.4221098
220 -3.805297 -1.7513224
79 -3.658812 -1.6128719
21 -1.3536459 3.8334143
208 -3.532007 -1.5324175
46 -1.3509777 4.37789
193 -3.4429953 -1.3949485
91 -1.9681102 1.0250001
272 -1.397227 3.1549377
85 -3.5483918 -1.5443039
218 -1.9015238 1.049408
51 -3.6694574 -1.5260472
230 -1.3540165 3.02122
89 -1.8835293 1.1496071
171 -1.9925314 0.9751263
4 -1.3813733 3.497558
61 -2.0896192 0.5924803
250 -4.0154104 -1.8196658
137 -1.3560091 3.5648215
200 -1.4340065 3.9523258
173 -1.972192 0.91982037
211 -1.9948509 0.8573357
