30 2
22 3.6669452 1.6911689
1 3.0156233 5.4880824
13 5.382715 -1.1810147
12 3.0959687 6.6714997
4 3.854938 1.4314051
10 5.421337 -1.0941691
15 3.7967741 1.639582
21 3.170668 4.9393735
19 5.6518645 -1.4100435
16 3.7041981 1.8134254
26 3.4222164 2.6753712
0 3.102657 4.7778463
8 6.310395 -2.0051906
17 3.7704778 1.8537718
7 3.4631379 2.469883
14 3.5938482 2.2769728
3 3.0749059 4.6091585
28 6.1517386 -1.9925556
27 3.126069 6.2255087
6 6.374548 -2.125747
2 3.1574583 6.890517
25 6.34287 -2.0478773
20 4.0235186 0.8914176
24 3.1630247 4.9021053
5 6.4577875 -2.133888
11 3.0318363 6.1885366
9 2.9807892 5.0107574
23 7.107395 -2.6856515
18 3.6734958 1.5878305
29 7.2033453 -2.8355088
