30 2
7 4.5101924 2.840281
29 4.92425 2.8167648
2 -1.2311836 5.9947753
4 -1.4088256 5.949193
5 2.1898606 3.6540751
3 1.9779165 3.8354697
0 1.225184 4.0624585
24 2.1952868 3.6994781
20 -0.94223565 5.435112
18 -0.6157041 5.2605762
14 -1.7333719 6.19585
21 2.9165106 3.441105
1 5.9149184 2.6568532
10 4.8625264 2.8789215
28 -1.2617052 5.723312
23 -1.8109932 6.438523
6 5.5016723 2.6574154
26 5.640099 2.5732813
25 5.792362 2.5857162
22 4.6941285 2.793102
15 6.171754 2.6162176
8 -0.9752053 5.4295664
12 5.4386625 2.6882055
27 2.3661828 3.5960724
13 3.0444138 3.3215225
11 1.6714101 3.8405905
17 -1.1665463 5.7528625
9 1.5243343 4.0751886
19 -1.9074677 6.525101
16 1.554963 4.1260915
