300 2
58 -3.8340762 -1.61259
17 -1.3226177 3.9324002
209 -3.4058251 -1.2886474
71 -2.0313754 0.7526069
298 -1.9646366 0.95195425
272 -1.247739 3.2576892
21 -1.3164841 3.3811522
36 -1.3190794 3.8044355
261 -3.5203557 -1.4451481
190 -1.9209303 0.96164536
9 -1.9225414 0.9908771
242 -2.0518196 0.7381965
252 -1.9830815 0.7726228
18 -1.9140806 0.978895
56 -1.991506 0.82691085
153 -3.3362017 -1.1747943
225 -1.2154438 3.6511035
248 -4.197029 -2.010674
149 -1.9512051 0.87752295
236 -1.2978064 3.1721768
124 -1.3544103 4.1308966
243 -2.048353 0.70600265
22 -1.3527527 3.7849681
70 -1.2888955 3.7494054
83 -1.9119397 1.0451547
87 -2.1296074 0.5488188
139 -3.5426583 -1.3944082
292 -3.7177455 -1.5846326
156 -1.2840047 3.3723063
27 -3.6907983 -1.5693401
165 -3.674685 -1.467704
239 -1.2831525 3.726513
161 -2.0079195 0.8649795
43 -1.9133164 1.0894177
273 -3.643205 -1.4854213
111 -3.51118 -1.3095258
196 -1.337368 4.0005326
16 -3.7829866 -1.620947
195 -1.2852272 3.520866
60 -2.0635445 0.71949047
59 -3.8198688 -1.7596133
101 -1.9669627 0.838203
127 -2.0167189 0.7444099
210 -1.2785895 3.6598537
274 -1.8995701 1.1453388
10 -1.3117744 4.160357
170 -2.006485 0.76568365
163 -2.0222104 0.7866192
55 -2.0266697 0.82011294
247 -1.2174125 3.7135427
211 -1.9139014 0.9367152
291 -1.9246324 0.96614933
105 -3.3513591 -1.2306136
133 -3.2877834 -1.2247034
102 -1.9049921 1.0697927
154 -3.8270264 -1.7139031
186 -1.9427481 0.9724267
294 -3.4848735 -1.3448805
228 -2.0942512 0.6554807
4 -1.3154316 3.5724504
197 -1.2429767 3.9130702
31 -1.314899 3.7121072
86 -3.4248633 -1.3059646
131 -3.5062377 -1.3417972
158 -1.3605464 3.8397315
215 -1.3313209 3.6530936
32 -3.6058764 -1.4381305
82 -3.7154846 -1.5415999
61 -2.1058724 0.64484215
75 -3.355176 -1.1346712
144 -1.2995231 3.673359
110 -3.4295063 -1.2773628
117 -1.9242334 0.99469304
277 -1.9291915 1.0819578
256 -2.0816655 0.6023281
280 -2.0209785 0.8201507
227 -1.2671314 3.4467814
205 -1.2894627 3.3051193
276 -2.0049038 0.8180705
115 -1.2816175 3.6980383
15 -2.013907 0.8425112
84 -1.3336034 3.483801
41 -1.3258227 3.8976402
229 -1.8058176 1.2918166
51 -3.8839037 -1.5849534
296 -3.7261887 -1.6457192
180 -2.0878806 0.5819029
233 -1.9689691 0.8637408
263 -1.9465082 0.83161163
147 -2.0673015 0.6856901
35 -2.066025 0.70079416
134 -1.8738085 0.99425834
39 -2.026818 0.8690936
77 -1.323009 2.949066
79 -3.780528 -1.6199194
81 -1.2817123 3.9062297
275 -2.0707457 0.82609916
189 -1.3041142 3.072646
235 -1.3165357 3.9399767
40 -3.8893895 -1.6854389
11 -2.0318131 0.7274754
295 -3.4402676 -1.2712035
169 -1.32569 3.6272876
246 -1.3159862 3.712757
34 -2.0539033 0.80909616
96 -1.2742789 4.0780573
173 -1.9698617 0.9917041
145 -3.8033006 -1.6635438
200 -1.3882649 4.003467
74 -3.4682894 -1.3219879
89 -1.9100429 1.0865681
94 -1.988117 0.8279939
107 -1.9276755 0.99124676
166 -1.3593384 4.022657
259 -3.5950954 -1.438231
288 -4.0198674 -1.8046722
297 -1.2578299 3.5772727
245 -3.6770744 -1.5192986
258 -2.0181584 0.7276877
45 -1.2634842 3.710499
260 -3.9540086 -1.7133324
50 -3.2492678 -1.1025636
219 -3.5536456 -1.4122294
232 -3.5736628 -1.4076768
113 -2.0556242 0.821341
164 -3.877521 -1.6307249
269 -3.4659882 -1.2578229
283 -1.2572604 3.8346658
201 -1.9624115 0.8923133
30 -1.300618 3.7487862
37 -3.651151 -1.5195563
143 -1.2559601 3.937708
132 -1.2449927 3.603927
78 -1.3082434 3.7039747
289 -3.5143273 -1.343011
103 -1.3048078 3.438371
255 -1.862064 1.0988647
121 -2.1104631 0.671242
213 -2.0405357 0.8163321
146 -3.836374 -1.681062
168 -3.6084235 -1.4591643
221 -3.7691474 -1.630314
6 -2.0981793 0.6934399
218 -1.9585508 0.9779409
73 -1.8722973 1.1168535
33 -1.8407443 1.1109298
46 -1.2574985 3.833545
282 -2.0185542 0.7236237
125 -1.2837521 3.4673476
198 -3.303258 -1.1727339
212 -1.2873981 3.9131508
217 -1.2421635 3.7740932
267 -3.5033689 -1.3684939
193 -3.653296 -1.4722375
2 -3.599325 -1.4590802
271 -1.3235519 3.7418334
67 -1.3200699 3.481099
100 -1.3790898 3.846363
137 -1.2822131 3.613774
155 -3.8560224 -1.7706922
174 -2.1497731 0.50887334
177 -2.041677 0.83682495
181 -3.545221 -1.4275436
234 -1.8805863 1.0506392
241 -1.9494232 1.0264974
7 -1.2814997 3.4609878
287 -3.9480128 -1.8578808
65 -3.5163634 -1.3873479
167 -1.290739 4.08723
265 -1.3225142 3.723378
293 -2.0066552 0.788965
231 -1.8622004 1.1592495
54 -3.721846 -1.559946
157 -3.589894 -1.3896875
93 -1.2985947 3.8477561
281 -2.0608308 0.7048715
194 -2.0005496 0.880357
5 -1.7803817 1.3458757
12 -1.9768527 0.83277845
151 -1.9725435 0.81435883
26 -1.272962 3.4442184
176 -1.3419791 3.331338
88 -1.3929551 3.6798995
97 -2.0942008 0.62503314
118 -1.2743163 4.1696596
114 -2.1601367 0.48629266
122 -1.3022325 4.313268
244 -2.0008376 0.87444085
230 -1.2663958 3.2700703
286 -1.3009764 3.858192
1 -3.7706046 -1.5854362
76 -1.3725986 4.0710964
19 -1.3289711 3.7445965
237 -1.2595909 3.8157487
14 -3.6510804 -1.5456095
20 -1.3582916 3.641508
44 -3.1194196 -0.9701486
47 -1.2826749 3.3999224
68 -1.1990042 3.8082328
160 -3.6974475 -1.6096363
98 -3.5178773 -1.3608954
108 -1.9393369 0.94139725
126 -2.0218365 0.8600125
240 -2.1449952 0.52301705
3 -1.2720448 4.053149
179 -1.2712544 3.517583
152 -3.7621794 -1.6103666
62 -3.665144 -1.5107441
64 -3.40114 -1.3314625
130 -1.2950433 4.2545295
222 -3.8643353 -1.5985093
116 -1.3092719 3.5156024
182 -3.5686605 -1.4463736
172 -3.6766818 -1.5321833
238 -1.3242648 3.7879531
226 -1.3502818 3.6615453
63 -1.916004 1.0579365
128 -1.949231 0.9994559
24 -1.3056892 3.466898
140 -2.0885804 0.704344
66 -1.3390291 4.329645
112 -3.7297235 -1.5522256
250 -3.790688 -1.659701
290 -1.3106439 3.3242342
183 -1.9424521 1.0116096
184 -4.089523 -1.8870509
187 -3.4535456 -1.3926892
0 -1.293641 3.7556827
162 -1.8859305 1.0801804
38 -1.3078617 3.8352156
52 -1.9011643 1.0678898
57 -2.096216 0.7581675
138 -1.2843 3.7007222
175 -1.9173021 1.0660722
199 -1.90443 1.0870274
23 -2.030564 0.72137696
253 -1.98393 0.8930685
72 -3.4177358 -1.302275
208 -3.7196026 -1.6687967
99 -1.3063751 3.5975
119 -1.3685482 3.31221
204 -3.785272 -1.7146957
120 -3.5681412 -1.5790124
129 -2.0005937 0.81210756
284 -3.4254916 -1.2792121
203 -3.7019057 -1.5830357
254 -3.8359241 -1.7067007
8 -1.9680835 0.84819824
135 -3.2884607 -1.2246528
171 -1.9059279 1.0146888
29 -3.5437937 -1.4087219
224 -3.7499535 -1.5621928
48 -4.060571 -1.7831376
257 -1.3487387 4.216615
148 -3.8641734 -1.6408744
192 -3.4931114 -1.2866294
104 -1.9805123 0.9511109
109 -3.7278094 -1.58477
150 -2.1746187 0.573445
178 -3.4608126 -1.318759
262 -1.875573 1.0271019
285 -1.2504349 3.9430077
13 -2.0888581 0.5847916
25 -3.4816034 -1.3702171
206 -3.2363615 -1.0330675
69 -1.2866151 3.4387314
223 -3.761089 -1.6162825
185 -3.4800124 -1.4330132
141 -3.6813304 -1.6110656
159 -1.3495958 3.5430782
264 -3.9359822 -1.8290963
251 -1.3170403 3.556603
270 -3.7516544 -1.5701923
123 -1.2006484 4.1259227
278 -1.2791554 3.27701
90 -3.216182 -1.1649588
92 -1.2667724 4.254243
142 -1.2997199 4.112121
214 -1.8109363 1.0856786
216 -3.6763859 -1.5841616
202 -4.063409 -1.8472655
28 -3.6939392 -1.5471932
49 -2.0525699 0.73755777
299 -1.2819607 3.8864923
136 -3.8455997 -1.69536
279 -1.952744 0.9357712
188 -2.1830695 0.3809854
220 -3.7484398 -1.6600097
91 -1.9417951 1.1255201
207 -1.2939954 3.8763642
80 -1.2912254 3.9603624
106 -1.2766037 3.1348639
191 -1.2706252 3.8134234
53 -1.3195161 3.6715298
95 -4.129594 -1.9888644
85 -3.848281 -1.6934352
249 -3.8617551 -1.7727871
266 -1.9493059 0.8331943
268 -1.3108586 4.2598505
42 -1.2981026 3.7667575
