30 2
23 6.87426 -3.222035
8 6.1661367 -2.426289
10 5.381362 -1.4307482
17 3.9597406 1.3880458
4 3.962492 1.0855615
1 3.4173572 5.16096
22 3.7621036 1.8316487
21 3.4453835 4.8845105
16 3.8720293 1.5692255
7 3.604174 2.1107628
28 5.9734325 -2.346349
25 6.227411 -2.423657
27 3.4847426 6.1062627
14 3.808785 1.8120742
0 3.4030392 4.6181664
24 3.418738 4.761082
12 3.587156 6.4733634
15 3.8948052 1.3895609
26 3.6305418 2.2492337
18 3.8460586 1.2878596
5 6.36085 -2.5383794
3 3.350471 4.4566355
6 6.2233243 -2.5587852
13 5.4728184 -1.6318675
11 3.4755797 6.1397123
2 3.6057513 6.5756264
19 5.4108458 -1.5652072
20 4.051922 0.91422486
9 3.421457 4.9043665
29 6.943391 -3.1947033
