30 2
10 5.2000365 -1.799941
28 5.8085895 -2.8090107
4 4.032512 0.8683121
23 6.5628095 -3.669494
1 3.744543 5.1097674
16 3.9298246 1.5601875
8 6.042199 -2.885127
25 6.0675373 -2.8155277
19 5.396638 -1.9816006
22 3.9190216 1.3523382
17 4.0867743 0.98147285
26 3.7228668 2.0125585
2 4.0111103 6.1985655
21 3.7505732 4.5782638
7 3.7474723 1.9268382
6 6.0329494 -3.1387773
14 3.8361585 1.7623647
0 3.6510522 4.4016914
18 3.911976 1.0297099
15 4.0099087 1.1286279
12 4.0156913 6.19918
13 5.167645 -1.8488667
11 3.965483 5.7245584
9 3.7399232 4.6096067
20 4.129892 0.55436724
27 3.9204345 5.8167925
3 3.7497318 4.21396
5 6.1360517 -3.0259495
29 6.7383866 -3.6891549
24 3.6869226 4.527703
