30 2
7 3.5501637 2.3699207
1 3.117609 5.477399
16 3.7413588 1.8239526
25 6.293504 -2.0557587
14 3.5167668 2.2502813
10 5.395115 -1.0910664
22 3.6804006 1.8902091
8 6.284264 -2.0454657
21 3.1370835 5.0251937
17 3.811994 1.7044066
19 5.671247 -1.4904557
20 4.020118 0.9740701
12 3.148438 6.5710335
26 3.3768396 2.7433155
28 5.9365306 -1.904471
6 6.4229293 -2.2405994
18 3.7397995 1.5352453
4 3.8803782 1.4018971
13 5.442485 -1.089275
29 7.1613183 -2.9396505
24 3.18407 4.955295
15 3.8151128 1.6206372
23 7.037539 -2.7557356
11 3.1052678 6.140052
3 3.1018636 4.5357027
9 3.1008897 4.846213
27 3.171198 6.273167
0 3.11654 4.7026253
5 6.4640703 -2.370029
2 3.2644768 6.736122
