30 2
7 4.1843886 3.4141977
4 -2.233594 5.699948
5 1.4869908 3.9120078
1 5.6338887 3.3524065
18 -1.3899937 5.035263
2 -2.1252344 5.788916
14 -2.4073646 5.996887
29 4.584825 3.5577703
25 5.356718 3.474979
20 -1.417021 5.2319126
6 5.0083165 3.3005216
10 4.3518453 3.5342934
24 1.4601971 4.050794
17 -1.9134042 5.5708923
11 1.152989 4.03298
8 -1.5960298 5.262579
0 0.6447534 4.2671647
3 1.5713372 3.9714143
28 -1.6125959 5.3079376
13 2.43745 3.7394714
22 4.355723 3.352114
23 -2.8116899 6.0266595
15 5.830161 3.3434522
12 5.094231 3.3332767
26 5.079934 3.3334928
19 -2.773256 6.1940236
16 0.85382676 4.2738404
9 0.6970271 4.289182
27 1.8136623 3.9091012
21 2.3204095 3.8253183
