51 2
32 -4.007001 -1.4781107
39 -5.8649335 -0.66356677
29 -1.0776038 -4.633492
27 -1.2843295 -4.452796
9 -1.1126584 -4.4983115
28 -5.1997967 -1.0102235
35 -4.9567895 -0.94670254
16 -1.1240053 -4.27074
1 -1.2432525 -4.343544
26 -1.1887556 -4.61345
30 -1.2283254 -4.324982
47 -1.1162075 -4.695097
33 -1.3122455 -4.4566574
23 -5.6314573 -0.7437302
13 -4.4796877 -1.1584283
37 -1.6334993 -3.9818304
31 -1.1890109 -4.3677073
19 -5.352686 -1.0180367
45 -1.3359264 -3.984271
0 -2.3138337 -3.2057412
6 -5.0058584 -0.79680955
11 -4.923873 -0.7782557
44 -1.283659 -4.3375382
49 -5.4931626 -0.8072762
4 -5.2458158 -0.82686
36 -5.131574 -0.8824778
43 -1.2575916 -4.2031803
24 -5.5234556 -0.8280041
48 -1.2295699 -4.678171
41 -1.3878176 -4.343473
15 -5.1155167 -0.8402301
12 -4.911521 -0.74707025
46 -1.2535591 -4.396271
21 -1.3954643 -4.1025343
50 -5.456743 -0.75603366
20 -1.3622879 -4.2353444
42 -1.3835644 -4.2131896
38 -1.4099126 -4.2265477
34 -1.3777474 -4.255684
3 -1.4162265 -4.0136347
8 -1.4485791 -4.0606794
14 -5.122655 -0.8039056
17 -1.3070936 -4.341494
22 -1.3820829 -4.1667805
18 -1.4018052 -4.0897098
40 -1.2426212 -4.3349047
2 -4.7579036 -0.869271
5 -1.2817549 -4.1204
25 -4.182371 -1.5078292
10 -4.6746674 -0.92801267
7 -1.4056469 -4.1054435
