30 2
10 5.3178415 -1.4898279
4 3.9857738 1.0217518
8 6.115103 -2.637446
7 3.6727688 2.032358
19 5.3722935 -1.7056277
1 3.5007575 4.979025
21 3.5943875 4.674968
3 3.5187976 4.3574066
22 3.7392032 1.5519782
13 5.425455 -1.9080364
14 3.703144 1.9810958
17 3.9690285 1.2404852
26 3.6395159 2.3273723
16 3.8828642 1.6195009
2 3.7746348 6.258829
12 3.8134208 6.3211374
20 4.138517 0.8306897
5 6.359663 -2.9548903
23 6.5792336 -3.2617686
15 3.9177008 1.2346681
0 3.5300543 4.4950547
6 6.1975045 -2.8905528
25 6.148593 -2.6474469
28 5.936182 -2.4832594
11 3.6923501 5.9257846
29 6.804662 -3.4414048
18 3.8434162 1.2094142
27 3.614019 6.033035
24 3.5697675 4.665793
9 3.589752 4.626859
