30 2
7 3.6152182 3.946812
5 0.93509537 4.0628476
3 0.8424743 4.1986947
29 3.955631 4.1245546
4 -3.0708597 5.3577156
2 -3.0011787 5.437303
21 1.7068766 4.11852
20 -2.4230676 4.9484296
6 4.463754 3.9945302
14 -3.1688447 5.509845
10 3.7743895 4.051227
23 -3.578704 5.6311636
1 5.1144156 4.2416124
11 0.5726289 4.136847
24 0.9835887 4.1154475
18 -2.13798 4.8635674
22 3.7652955 3.930879
26 4.775726 4.001102
0 0.15781076 4.248639
13 1.8773668 4.0812683
9 0.41103235 4.2471647
25 4.7976723 4.1672263
28 -2.3537838 4.9160714
8 -2.410691 5.01843
15 5.028748 4.267365
16 0.17579071 4.3810034
12 4.8233075 4.1641784
19 -3.5654874 5.6489654
17 -2.9314203 5.2998896
27 1.2715523 4.15397
