30 2
29 4.8967752 3.1004755
7 4.275121 3.1151092
3 1.6332422 3.8931215
14 -2.1394656 6.1957674
4 -1.8239517 5.818428
0 1.089146 4.144728
1 5.805996 2.991012
5 1.9215052 3.7689807
2 -1.7022107 5.8926725
25 5.445043 3.071119
28 -1.32194 5.471919
12 5.4186916 3.03272
11 1.39448 4.045121
18 -1.0957013 5.166369
10 4.529593 3.117517
26 5.5455194 2.8449287
20 -1.2318528 5.361936
24 2.0075076 3.8815746
23 -2.186361 6.32169
19 -2.409581 6.4057984
22 4.4342294 3.0484383
21 2.7073195 3.5991015
8 -1.2233177 5.3673825
15 5.9102764 2.9913793
6 5.2568955 2.8869636
9 1.2112584 4.1140122
27 2.1979957 3.6972225
13 2.6132004 3.585345
16 1.2846602 4.2010493
17 -1.5211385 5.714541
