30 2
22 3.776431 1.588313
16 3.8486724 1.6697805
4 3.9745612 1.0063065
10 5.304218 -1.5185498
1 3.5396302 4.97253
21 3.6076643 4.671426
23 6.6118937 -3.3081164
12 3.8053973 6.2424583
25 6.12083 -2.701915
15 3.879709 1.3159246
20 4.102253 0.8198907
11 3.7012894 5.9201446
19 5.381776 -1.6913888
17 3.9548652 1.2633724
13 5.453208 -1.841687
26 3.5869553 2.287552
29 6.876335 -3.4520133
7 3.6802294 2.0229685
3 3.4919138 4.3645034
6 6.0959105 -2.9153514
14 3.7360725 1.9784062
24 3.5867057 4.6708636
28 5.9732494 -2.6091926
9 3.5351388 4.6536236
0 3.5661402 4.4900036
2 3.8295527 6.2595334
5 6.381751 -3.0015845
27 3.7117946 5.9955935
8 6.09673 -2.6907628
18 3.833673 1.2655731
