300 2
236 -1.2372175 3.4812133
45 -1.192478 3.680534
86 -3.540082 -1.3575777
111 -3.4499888 -1.2624727
35 -2.1053653 0.6841989
112 -3.6117158 -1.3799235
84 -1.2324487 3.4623957
167 -1.2456794 3.683903
168 -3.7155244 -1.494728
276 -1.9910913 0.8213506
56 -1.8902391 1.032692
151 -1.9690853 0.86468863
61 -2.1970782 0.6628527
299 -1.2153145 3.820108
54 -3.87549 -1.5563719
237 -1.2182034 3.6759982
108 -1.9894905 0.91072524
99 -1.1997175 3.8353271
190 -1.8924284 1.0908402
243 -1.9964226 0.85787964
234 -1.9019219 0.99433887
277 -1.7934301 1.2031716
246 -1.2460077 4.0168
70 -1.2376641 3.5527217
225 -1.2403404 3.9040751
252 -2.0473592 0.7015373
205 -1.2371197 3.4213116
159 -1.2076455 3.7619245
174 -1.9725051 0.87083113
200 -1.1865712 4.270187
75 -3.240016 -1.0498986
16 -3.6795158 -1.3984859
5 -1.8709743 1.2073796
107 -2.0155272 0.82285386
210 -1.2237825 4.032127
3 -1.2708429 3.9010413
157 -3.5942276 -1.36711
242 -1.9753176 0.9790051
71 -1.9251186 1.0341679
28 -3.6942847 -1.3778354
33 -1.9285448 1.0664991
195 -1.2887044 3.5707302
284 -3.7053947 -1.5117623
50 -3.3291385 -1.1724067
52 -1.9893236 0.9536043
64 -3.7646708 -1.5846486
67 -1.2285541 4.0115733
69 -1.2729118 3.5885913
78 -1.2632539 3.8087313
140 -2.0437944 0.80832624
256 -2.094333 0.68464255
212 -1.2336658 3.7999086
244 -2.1079817 0.6238972
128 -2.0096796 0.9192938
77 -1.2548469 2.920065
133 -3.6581242 -1.4550132
289 -3.5737903 -1.4261932
120 -3.6082218 -1.3612154
114 -2.1589193 0.53171504
201 -1.9889386 0.8222049
156 -1.2671423 3.3546307
298 -2.0057495 1.0175414
153 -3.4074976 -1.2658702
18 -1.9106213 1.1261302
40 -3.738392 -1.4709792
191 -1.2103097 3.792203
233 -2.0099409 0.71190286
248 -4.0008235 -1.7074918
2 -3.6903307 -1.4619328
93 -1.2153841 3.6348073
105 -3.1150033 -1.0465251
175 -2.0009134 0.9066893
47 -1.2318432 3.3384
269 -3.5642505 -1.2443341
81 -1.2326757 3.6611686
63 -1.9670917 0.88939005
132 -1.185016 3.3580666
124 -1.2489011 3.9755175
127 -1.9635124 0.91750425
295 -3.4494307 -1.2265004
189 -1.297599 3.184171
188 -2.171823 0.5181431
141 -3.6319208 -1.5738834
275 -1.9502031 0.9871231
19 -1.2235112 3.6197922
229 -1.8046606 1.2852842
102 -1.9537005 0.92158973
187 -3.79582 -1.6411155
209 -3.4223099 -1.2163045
227 -1.2492039 3.6969986
251 -1.2438185 3.614493
138 -1.2438337 3.3678174
294 -3.8827674 -1.6917801
103 -1.2310681 3.8688314
49 -2.0550213 0.8665738
254 -3.5955837 -1.4054497
271 -1.2302474 3.9993196
263 -1.9419061 0.99133563
22 -1.2744143 3.8356469
258 -2.0593455 0.76726174
176 -1.2250394 3.3395298
241 -2.0047264 0.8518626
279 -2.1135604 0.7403653
207 -1.2224126 3.7935674
287 -3.6452825 -1.3972927
232 -3.6071432 -1.4440228
170 -1.9137474 0.98020583
214 -1.9362828 0.9396025
262 -1.991154 0.85727775
180 -2.0318053 0.7809518
273 -3.472767 -1.2958059
7 -1.2074189 3.5044322
268 -1.2430367 4.1765127
27 -3.700035 -1.563159
41 -1.2155716 3.878763
43 -1.8304352 1.2275497
196 -1.159717 3.9082024
65 -3.2888942 -1.0814298
270 -3.6987352 -1.4994215
293 -2.127883 0.66204286
211 -1.8954116 0.96667445
217 -1.2422391 4.069144
280 -2.0158296 0.8298167
73 -1.9321817 1.0419356
118 -1.2329589 4.317929
32 -3.633419 -1.352508
60 -2.108901 0.6994199
206 -3.341923 -1.1919032
87 -2.039295 0.84659624
291 -1.9624029 0.98939365
130 -1.1887068 3.7870955
292 -3.9681764 -1.634034
166 -1.1976877 3.7658072
204 -3.7032444 -1.5187215
281 -2.0396671 0.74595886
265 -1.2738391 3.8353188
6 -2.096398 0.7339995
288 -3.6153471 -1.37503
286 -1.1991464 4.1743116
34 -1.849525 1.2002156
150 -2.1342034 0.59050936
51 -3.6453588 -1.4142153
53 -1.2435011 3.4718707
216 -3.9248326 -1.6545165
58 -3.7418687 -1.4257509
116 -1.2166334 3.511242
296 -3.6336074 -1.392678
119 -1.2253948 3.729001
272 -1.310729 2.9282975
274 -2.0251367 0.8631644
10 -1.3116553 3.8931978
11 -2.0757184 0.72492075
221 -3.7156136 -1.4733349
126 -1.933626 1.0179025
155 -3.8625424 -1.6548954
223 -3.8578513 -1.7218143
74 -3.5033922 -1.2774687
76 -1.1822655 3.913859
89 -1.9047294 1.0486768
224 -3.905518 -1.5940659
186 -2.025546 0.7962871
213 -2.0316625 0.75201696
185 -3.8076572 -1.5693378
222 -3.611813 -1.3707622
240 -2.0258138 0.8089336
297 -1.2018183 3.6838856
247 -1.3208827 3.5450935
15 -1.9542181 1.0276481
235 -1.2209584 3.9674332
82 -3.4003854 -1.21079
79 -3.65868 -1.4258146
239 -1.219064 3.9284763
121 -2.1281397 0.65330577
177 -1.8193405 1.2777278
169 -1.2878635 4.0103216
259 -3.7809644 -1.6077657
267 -3.6023684 -1.3754742
282 -2.051082 0.73149055
8 -1.9788513 0.8363983
26 -1.1808568 3.3498137
46 -1.2025889 4.2910066
55 -2.041403 0.8555757
165 -3.908622 -1.5868651
249 -4.0300784 -1.798478
96 -1.2810115 3.758388
147 -1.940281 0.9917457
245 -3.69334 -1.4330875
158 -1.2433628 3.8007383
149 -1.9502425 1.0385784
179 -1.2455477 3.4139917
261 -3.808573 -1.5743788
238 -1.2025803 3.8996296
250 -3.622316 -1.4280659
253 -1.936281 1.0444374
255 -1.8622077 1.1970094
9 -2.124773 0.6229023
36 -1.2634983 3.7934804
146 -4.1138563 -1.7901471
193 -3.6625607 -1.4231436
39 -2.0448344 0.92644453
44 -3.2893434 -1.0896993
101 -1.9896977 0.9174875
117 -2.062614 0.78765196
129 -1.9780519 1.0240504
134 -1.9741794 0.86158353
184 -3.8252568 -1.5918819
290 -1.2659707 3.8332686
1 -3.841228 -1.546709
113 -2.0443854 0.78487116
110 -3.3203435 -1.0595453
163 -2.078015 0.75699055
24 -1.2846502 3.7173629
80 -1.2596816 4.1463156
83 -1.8598477 1.0222473
160 -3.4639204 -1.2558012
115 -1.2005779 3.8674083
154 -3.9773314 -1.7585298
197 -1.3173178 3.803386
231 -1.8782315 1.1919645
215 -1.2408735 3.564836
4 -1.2556304 3.6383665
29 -3.5153852 -1.2949612
104 -1.9324629 0.9029869
123 -1.2472523 4.053506
91 -1.8730369 1.1690516
97 -1.9961923 0.89150035
109 -4.023577 -1.8305482
131 -3.4016707 -1.149336
148 -3.7376084 -1.516306
278 -1.2681365 3.3760862
181 -3.2584252 -1.1244434
0 -1.2090421 3.4648504
106 -1.242121 3.6811788
23 -2.0125675 0.89616996
37 -3.6587505 -1.4081671
203 -3.8095696 -1.4382902
139 -3.9158092 -1.6419371
90 -3.6509678 -1.3554422
66 -1.2306314 4.03504
173 -2.0464032 0.8781433
283 -1.1962011 3.7761602
161 -1.9000455 1.1535318
152 -3.7370117 -1.4569685
192 -3.693898 -1.4766538
48 -3.9563322 -1.6253204
59 -3.6660736 -1.4417322
94 -1.9071763 1.0754707
95 -4.302982 -1.9360322
136 -4.1536965 -1.8761313
20 -1.2148708 3.429167
266 -1.9767829 1.0046704
42 -1.2179167 3.9572175
178 -3.2621481 -1.1107236
183 -2.002363 0.97258663
182 -3.6001182 -1.4660712
208 -3.536994 -1.302893
260 -3.9713838 -1.7370238
38 -1.2121066 3.8693132
135 -3.6260793 -1.4485995
142 -1.2116425 4.152337
88 -1.251147 3.8005877
100 -1.2568101 4.124598
218 -1.90816 1.0592476
226 -1.2171191 3.7309034
264 -3.6974318 -1.5201123
12 -1.901252 1.1822724
17 -1.2296084 3.95348
21 -1.2472904 3.396319
85 -3.7937667 -1.6756624
125 -1.2296112 3.5686736
194 -1.8396475 1.1908292
202 -4.2723327 -1.9629998
13 -1.9275892 0.98111725
25 -3.7106712 -1.4809189
164 -3.9250827 -1.739651
68 -1.2021424 3.7705793
72 -3.2105038 -0.9255085
219 -3.6393263 -1.3779335
199 -1.9939238 0.9967799
220 -3.7876916 -1.5446694
137 -1.1992059 3.6975513
144 -1.2944082 3.8325748
171 -1.937677 0.96724045
198 -3.3296435 -1.1705512
228 -1.9988703 0.91032577
31 -1.2815186 3.4180472
92 -1.2170274 4.360451
257 -1.2033561 4.175626
62 -3.6693041 -1.4198468
285 -1.2098758 4.0322895
145 -3.766029 -1.5630115
122 -1.209463 4.0632963
98 -3.4222167 -1.1379863
14 -3.5609808 -1.3818457
30 -1.2099565 3.8387067
143 -1.2291055 3.7926226
230 -1.2257309 3.3888702
172 -3.8395376 -1.5679066
57 -2.099505 0.70835906
162 -1.9159886 1.0285479
