30 2
10 5.251721 -1.7391359
28 6.011054 -2.6416938
4 3.9667099 0.9068478
1 3.661963 5.019723
7 3.7347639 2.043843
8 6.0938835 -2.7154865
25 6.078469 -2.71863
0 3.6825616 4.488031
27 3.8478775 6.0198064
21 3.6243603 4.4584785
16 3.8545165 1.8388084
13 5.3535953 -1.8164991
14 3.6917078 1.9886407
15 3.8879929 1.3461406
17 3.9718227 1.2860334
29 6.8644032 -3.6460576
18 3.8787467 1.1936051
23 6.6573706 -3.4397602
22 3.7999275 1.6068952
26 3.65398 2.243002
3 3.5807528 4.230858
20 3.9949405 0.7271332
19 5.531655 -1.961119
2 3.8266995 6.2652106
11 3.7188547 5.7948713
6 6.136336 -2.8089073
5 6.2282953 -3.0699313
24 3.644289 4.772281
12 3.9070182 6.2670145
9 3.6158419 4.569537
