30 2
22 3.7033334 1.7334533
1 2.9879522 5.4716806
19 5.6132636 -1.3409438
10 5.4921255 -1.1665027
4 3.8136501 1.5496384
8 6.2556386 -2.1250908
15 3.8795764 1.5408986
25 6.334378 -1.947199
21 3.092136 5.0384817
16 3.6864202 1.925852
7 3.4793186 2.4988458
23 7.024549 -2.6884456
6 6.3819985 -2.0925403
17 3.8060195 1.7884585
28 6.1434307 -1.8843011
0 3.0693717 4.7681127
3 3.084422 4.613263
5 6.4667087 -2.1803231
20 4.0483127 0.8559019
13 5.36212 -1.1062082
14 3.5436904 2.2707715
26 3.44082 2.600943
24 3.0755692 4.9629416
18 3.6978998 1.5529974
12 3.0799341 6.632472
11 3.0416768 6.1527104
27 3.0632613 6.27692
29 7.06796 -2.7912838
2 3.101552 6.8534355
9 3.1745527 5.005571
