30 2
22 3.8256037 1.5462892
25 6.0507007 -2.8172586
21 3.7298894 4.4137297
1 3.6247919 5.147165
4 3.9720507 0.8699705
26 3.6212978 2.19625
17 3.992671 1.3298644
16 3.9244595 1.6931417
19 5.472509 -2.0913148
18 3.8181899 1.2009087
8 5.999693 -2.6237254
15 3.9364383 1.3570601
28 5.900748 -2.7259617
7 3.7296183 2.0270202
14 3.716433 1.9502966
23 6.64931 -3.4196565
10 5.2952075 -1.7954587
20 4.057042 0.5742207
13 5.2980957 -1.787932
27 3.7995436 6.020636
0 3.6842995 4.4389706
2 3.8801553 6.2749963
3 3.6226602 4.2906895
11 3.726114 5.7198477
6 6.1169095 -2.9241657
12 3.858873 6.182788
29 6.8862844 -3.7001266
24 3.6970716 4.638392
9 3.6993818 4.6111326
5 6.205851 -3.006139
