300 2
8 -1.9741961 0.81796664
198 -3.3425593 -1.2398474
127 -2.047403 0.7840601
252 -1.9950715 0.8028544
242 -1.9173748 1.0424126
149 -1.8170369 1.2075486
114 -2.2564445 0.34844387
130 -1.3343005 3.927852
170 -1.9532356 0.85731554
162 -1.8956796 0.9754138
148 -3.58603 -1.4451855
47 -1.4010165 3.235312
17 -1.3759586 4.159975
111 -3.3591251 -1.2448175
85 -3.6643708 -1.4785595
106 -1.3401425 3.6426578
158 -1.2970643 3.9238284
77 -1.3678638 3.154684
233 -2.1343057 0.61160135
161 -1.9748591 0.9680592
190 -1.8664193 1.0921224
215 -1.3819033 3.7987263
6 -2.1559865 0.5713048
174 -2.058865 0.7518452
230 -1.3398833 3.1701846
20 -1.3313801 3.8425856
240 -2.0756536 0.68340075
197 -1.3386137 3.873792
231 -1.8455517 1.0928184
53 -1.3670508 3.6455343
48 -3.7020223 -1.6030663
182 -3.4764454 -1.3865575
81 -1.3612365 3.5766413
235 -1.3644598 3.6920474
278 -1.3306371 3.933303
128 -2.0123088 0.7414245
255 -2.063742 0.7904662
115 -1.2915735 3.8172462
52 -1.976043 0.98612654
55 -2.0219193 0.89955026
210 -1.3156372 3.8135157
151 -1.8784555 1.0258998
129 -2.0602138 0.8795332
157 -3.670264 -1.588327
220 -3.5521667 -1.4127778
218 -1.9332858 1.026268
27 -4.0463796 -1.7784451
89 -1.91135 1.1004812
58 -3.880354 -1.8305537
126 -2.0250323 0.76012105
206 -3.610603 -1.4926351
209 -3.287647 -1.0987592
195 -1.3020878 3.495764
34 -1.9878447 0.89841884
216 -3.6352541 -1.4715573
250 -3.723167 -1.5469036
76 -1.3253028 4.1768103
82 -3.6307225 -1.544762
87 -1.9489146 0.88732815
237 -1.3383037 3.4990761
254 -3.6674588 -1.5706195
267 -3.160242 -1.0696951
69 -1.2957476 3.7335448
16 -3.7385142 -1.6492338
44 -3.1256883 -1.0492626
175 -2.0007312 0.98382896
70 -1.3406235 3.6940494
41 -1.3121701 3.8881052
140 -2.1397893 0.55555326
56 -1.9968859 0.7902606
60 -2.1178129 0.7011128
154 -3.9342606 -1.7556252
102 -1.9820282 0.9214918
108 -1.965553 0.9464754
139 -3.752206 -1.7157112
253 -1.997712 0.96083504
274 -1.8946173 1.1512885
287 -3.8360617 -1.7405101
4 -1.2996968 3.1037502
201 -2.1164184 0.68121904
40 -3.6160522 -1.5290816
243 -2.0083082 0.91556853
59 -3.8036256 -1.6853403
199 -1.9989035 0.9088026
84 -1.3677553 3.3318505
86 -3.4582605 -1.3928447
92 -1.3443148 4.109276
97 -2.0724719 0.724421
2 -3.545385 -1.4092246
43 -1.9750587 1.0306599
72 -3.0927508 -0.8944344
219 -3.7408097 -1.6318672
248 -3.996495 -1.8692274
50 -3.3799253 -1.356834
107 -1.9291216 1.049955
124 -1.3643794 4.1726093
163 -2.135654 0.5779603
263 -1.9767084 0.82140076
178 -3.3429823 -1.2635212
173 -2.0556014 0.8340975
105 -3.2883215 -1.2036859
73 -1.8875664 1.1124333
14 -3.4830217 -1.4499924
65 -3.429861 -1.301241
265 -1.3116205 3.6506455
294 -3.5940385 -1.4659337
169 -1.3279518 4.0557556
282 -2.1457007 0.651034
226 -1.3080932 3.9732025
9 -1.9959478 0.9291397
12 -1.9253805 0.9327483
15 -2.0418062 0.8351126
194 -1.9510212 0.87425065
78 -1.3173053 3.7148728
21 -1.355621 3.728697
150 -2.2696543 0.32237172
167 -1.328061 3.605858
262 -2.0123658 0.9208084
57 -2.0913904 0.6235105
187 -3.6198044 -1.4303426
269 -3.2967615 -1.2493672
95 -4.1308527 -1.9998906
117 -1.9793518 0.92890835
207 -1.291823 3.752533
291 -2.024839 0.8451414
141 -3.4807873 -1.4870311
142 -1.3140839 3.973453
168 -3.773013 -1.759551
171 -1.9952979 1.0465155
238 -1.3286532 3.5338929
7 -1.3102121 3.5027668
295 -3.3795335 -1.3906971
45 -1.3220544 3.449635
54 -3.5758164 -1.4199994
113 -1.878527 1.0939678
249 -3.9693835 -1.8013135
138 -1.3255339 3.8826048
205 -1.3559284 3.3434377
153 -3.423966 -1.3151264
247 -1.2912669 3.7657971
286 -1.272406 4.071216
188 -2.042488 0.795851
176 -1.4038681 3.515791
292 -3.586812 -1.5339551
297 -1.3005459 3.7681932
90 -3.6007447 -1.4327271
5 -1.8584523 1.2695558
266 -2.081583 0.7262909
283 -1.3494341 3.8181767
33 -1.9563318 1.01121
229 -1.8750095 1.2199905
268 -1.2935524 4.2355323
62 -3.772906 -1.651914
203 -3.8542387 -1.725645
123 -1.3119336 3.6629322
133 -3.5455122 -1.450822
134 -1.9423703 0.97949964
160 -3.782379 -1.631941
256 -2.1080568 0.6686959
3 -1.2875242 3.941673
30 -1.2701542 3.5264912
299 -1.3982143 3.435092
98 -3.5024676 -1.4255648
277 -1.9285843 1.0489389
103 -1.341173 3.9963071
112 -3.5382974 -1.5122979
155 -3.7343173 -1.5607452
165 -3.7101648 -1.6050551
186 -1.9968086 0.81965137
200 -1.3895506 3.7785726
143 -1.2852858 3.5462208
211 -1.9406418 0.914743
280 -2.0772536 0.6451306
241 -1.9513175 0.9885661
80 -1.4160978 3.4910173
212 -1.3064001 3.6492546
276 -1.9597924 0.9390817
121 -2.1006858 0.71180886
214 -1.9892044 0.88552356
251 -1.4035647 3.3672822
99 -1.301774 3.5279524
118 -1.3334106 3.9889152
19 -1.3789709 3.5156431
101 -1.9751732 0.9071749
22 -1.3451333 3.74885
28 -3.8423476 -1.68715
79 -3.801027 -1.7059377
83 -2.0111759 0.79133886
46 -1.3025175 4.315058
63 -1.9071996 1.0055168
166 -1.3534411 3.9053633
152 -3.7264917 -1.5739995
164 -3.9355102 -1.7780712
184 -3.70342 -1.5737575
244 -2.0425994 0.800262
192 -3.4219723 -1.2885509
293 -2.013267 0.8037215
147 -2.030432 0.8335045
213 -2.0884202 0.6336844
24 -1.3442079 3.5567248
202 -4.127977 -1.9715892
38 -1.3505998 3.9193795
100 -1.317014 3.7934685
125 -1.2972302 3.5823436
49 -2.0087476 0.94124645
61 -2.1053379 0.678903
177 -1.9722273 0.9544515
260 -4.082588 -1.8747876
236 -1.3235921 3.2660582
132 -1.348171 3.3471713
136 -3.9429832 -1.7895186
217 -1.3436067 3.8113112
296 -3.7901266 -1.6500357
181 -3.6321516 -1.54348
279 -1.9833126 0.81438965
221 -3.637947 -1.5048529
239 -1.3837831 3.7772055
288 -3.797702 -1.7157109
258 -1.9828469 0.8151052
196 -1.2886963 3.999813
146 -3.7658103 -1.6831264
270 -3.6075754 -1.4959965
1 -3.4686341 -1.3570112
183 -1.9671117 0.937213
227 -1.2940373 3.7379856
39 -1.9802883 0.978813
18 -1.9305559 0.83988637
275 -2.0814629 0.8233765
31 -1.3670751 3.8682268
131 -3.5322895 -1.4412563
93 -1.3324746 3.872776
94 -2.0241091 0.8976565
289 -3.8567615 -1.7073501
193 -4.059084 -1.8991796
234 -2.0308454 0.8048827
42 -1.3499961 3.815927
11 -1.99358 1.0202061
23 -2.0488806 0.7191783
116 -1.3175491 3.4360936
36 -1.3941295 3.748943
145 -3.7029562 -1.5383191
75 -3.5677714 -1.4429294
120 -3.4968803 -1.3807969
298 -2.0268204 0.8173229
110 -2.9861517 -0.8694226
109 -3.9827693 -1.7620378
273 -3.3165538 -1.2242584
159 -1.3876451 3.91566
191 -1.327255 3.9181304
224 -3.826634 -1.6549494
0 -1.356337 3.5576718
13 -2.0226734 0.8069552
25 -3.874743 -1.7940629
37 -3.4944146 -1.4046512
119 -1.3505365 3.296193
91 -1.8968154 1.1270823
135 -3.5804667 -1.4735006
144 -1.2957705 3.7285848
261 -3.668216 -1.5635499
10 -1.3446244 4.0130467
67 -1.3016009 3.8836238
156 -1.30902 3.4153843
29 -3.5032592 -1.4292713
32 -3.606085 -1.5388635
68 -1.3911903 3.4943435
137 -1.3063914 3.6577508
64 -3.4431417 -1.3941411
228 -2.0048685 0.9297987
223 -4.0349245 -1.885976
96 -1.3758553 3.952336
122 -1.3084029 4.4116125
284 -3.4600677 -1.3459398
71 -1.9876817 0.93436855
232 -3.671818 -1.5924265
271 -1.3494421 3.9023535
204 -3.510176 -1.3482622
245 -3.4792578 -1.3930352
281 -2.0226986 0.79400474
189 -1.340296 3.4275672
225 -1.3418837 3.5301192
35 -2.0275552 0.8702093
246 -1.3443576 3.640248
66 -1.3727124 3.8827136
208 -3.7739756 -1.6265718
285 -1.2764676 3.7671466
104 -1.9241307 0.84101766
172 -3.570441 -1.5388095
222 -3.602113 -1.6814044
88 -1.3308456 3.544167
257 -1.3547232 4.137611
26 -1.347003 3.2873857
264 -3.7457173 -1.647593
180 -2.1710017 0.5308059
259 -3.4537444 -1.316021
290 -1.3359913 3.3849764
272 -1.3069397 2.8515196
74 -3.2907395 -1.0838641
179 -1.357155 3.934611
185 -3.6906598 -1.5477922
51 -3.6391728 -1.5311805
