30 2
4 -2.7719662 5.30869
3 1.0047176 4.1970844
29 4.008837 4.001593
21 1.8556436 4.097613
7 3.7094529 3.836512
2 -2.8150685 5.4964466
5 1.068521 4.0447254
14 -2.9981666 5.5391374
8 -2.1840014 4.9126062
20 -2.2521222 5.069535
24 1.2858273 4.206862
26 4.9246507 3.9140422
25 4.8806043 3.9786096
1 5.259795 4.059609
23 -3.3308253 5.704488
10 3.8966427 3.8892994
6 4.778141 3.8790362
18 -1.9558429 4.9582486
12 4.752962 3.9793227
27 1.21135 4.1069474
0 0.22510569 4.2940307
22 3.7247384 3.860764
15 4.978714 4.026695
28 -2.43595 5.065975
17 -2.5972888 5.3708196
11 0.7530803 4.2095776
16 0.29243606 4.412804
13 2.2405744 4.0769315
19 -3.4448485 5.7283154
9 0.5202138 4.2920284
