30 2
25 5.9679933 -2.8867335
22 3.8687048 1.270823
28 5.8134303 -2.6597116
17 4.0311537 1.1110649
16 3.8873165 1.6042275
21 3.6888156 4.709072
13 5.1385303 -1.7621484
10 5.2931414 -1.7826403
8 6.015115 -2.8033688
4 4.023776 0.8303843
18 3.8668075 1.0505868
14 3.821501 1.9224694
7 3.8222585 1.905059
3 3.7059822 4.2861547
1 3.697593 5.093122
12 3.9445455 6.2583923
20 4.1067724 0.5035499
15 4.0201507 1.1964339
9 3.6973708 4.4729786
19 5.3560457 -2.0026968
26 3.6800957 2.2062457
6 5.99333 -3.0156844
11 3.883745 5.6753817
27 3.908864 5.88898
23 6.599429 -3.5978885
24 3.6895912 4.5447803
5 6.1041303 -3.0287492
2 4.1130605 6.1655107
29 6.823888 -3.7774217
0 3.681578 4.3632784
