30 2
29 4.6214223 3.4275043
7 4.2194386 3.3260024
4 -2.199348 5.817704
2 -2.0113902 5.7328916
23 -2.7214851 6.104378
14 -2.4199638 5.990429
1 5.679133 3.3784451
20 -1.3109487 5.2217374
0 0.77055746 4.235823
25 5.4189854 3.320597
3 1.5769963 4.0247836
21 2.3704972 3.861342
12 5.157232 3.2863476
6 5.130066 3.2029955
5 1.5559589 3.9304519
24 1.5034674 4.0485
22 4.4505095 3.3346682
11 1.0458289 4.05048
26 5.0788846 3.311784
10 4.422299 3.4287922
18 -1.255741 5.097573
9 0.76372814 4.2266884
17 -1.8670706 5.5581007
13 2.3745713 3.7013738
15 5.8960505 3.3469677
8 -1.62694 5.2475667
16 0.93059444 4.2837696
19 -2.7182686 6.3143067
27 1.8645926 3.8719027
28 -1.5467485 5.3289943
