30 2
21 2.8726823 5.0985804
15 3.712894 1.9064162
22 3.6043937 1.9835367
25 6.3831706 -1.7419446
28 6.1192417 -1.6589569
10 5.439835 -0.8214874
8 6.4109116 -1.6770742
1 2.7996233 5.585833
7 3.3775117 2.5633342
20 4.0038924 1.149327
16 3.5475118 2.1073885
4 3.7900841 1.5106196
27 2.802382 6.464568
26 3.3844016 2.6053383
19 5.7347407 -1.1036712
6 6.476466 -1.9794433
17 3.7174377 1.8184712
14 3.5392852 2.1808465
3 2.9295177 4.6013365
13 5.5601215 -0.98380315
18 3.608517 1.6711438
0 2.9145079 5.078478
11 2.8472214 6.1660705
29 7.285717 -2.4921017
23 7.0198746 -2.4067438
12 2.9262521 6.74108
9 2.8550925 5.081796
2 3.0416362 6.927974
5 6.631578 -2.0717845
24 2.8956003 5.0237536
