30 2
10 5.330928 -1.8150524
8 5.977552 -2.7446246
21 3.70713 4.6288447
22 3.8648152 1.3033148
16 3.9385357 1.6178405
4 3.9562755 0.80592746
11 3.852718 5.6387773
1 3.6485367 5.118219
15 3.9170241 1.304894
28 5.8293777 -2.6214
3 3.644707 4.2947416
26 3.656734 2.161304
25 6.001457 -2.7900057
14 3.783595 1.9138616
7 3.7390823 2.0077097
13 5.213525 -1.7974457
20 4.1456213 0.42167622
19 5.3154335 -1.9646883
12 3.9474063 6.1477656
29 6.8399487 -3.7614665
5 6.114859 -3.1235583
17 4.044335 1.109902
18 3.8776355 1.0986956
27 3.8543198 5.95382
2 4.0563636 6.16286
6 6.042798 -3.0190911
23 6.641634 -3.5311546
0 3.636296 4.5463476
24 3.7998188 4.557267
9 3.7198656 4.5190096
