30 2
28 5.852117 -2.740843
21 3.9104116 4.483921
16 3.893771 1.2960651
4 4.000863 0.6939345
1 3.8885722 4.862995
10 5.237565 -1.9926884
22 3.865703 1.3145925
8 5.8279295 -2.822487
15 3.9190238 1.1906701
25 6.0135283 -3.0438416
0 3.7061174 4.168541
12 4.1188364 6.1746655
17 3.9883964 1.1797175
27 4.0432796 5.784663
6 5.9659557 -3.0478814
26 3.8270164 1.9208939
20 4.0615554 0.5064602
29 6.5924277 -3.832872
7 3.757301 1.9509616
14 3.8502383 1.7855883
18 3.8246596 1.013911
23 6.4535675 -3.7387993
13 5.27437 -2.0388432
19 5.2754974 -1.9551193
2 4.1275387 6.0370774
3 3.7592824 4.0389166
5 6.145246 -3.2127154
11 3.9685447 5.5095925
24 3.8392184 4.459758
9 3.843936 4.528242
