300 2
225 -1.3202857 3.5410802
205 -1.3198286 3.3582335
283 -1.3171097 3.838303
40 -3.8680267 -1.639581
51 -3.7345393 -1.5137775
72 -3.231725 -1.0123153
20 -1.3039637 3.56782
130 -1.284014 3.8026178
155 -3.8096614 -1.6245798
286 -1.3003064 3.725093
3 -1.314134 3.8448584
47 -1.2005867 3.3672957
262 -2.031877 0.733686
210 -1.1753949 3.8210084
147 -2.0057745 0.90360177
233 -2.2125423 0.4620084
157 -3.4953756 -1.2667892
86 -3.376385 -1.0930216
6 -2.0541394 0.72357327
265 -1.2855315 3.420218
89 -1.8251795 1.2625587
134 -1.855685 1.1875075
64 -3.4654844 -1.3050838
105 -3.2335556 -1.0899633
231 -1.858325 1.0830148
276 -2.0367434 0.74291223
170 -1.8779716 1.0703359
149 -1.9522499 1.0030646
228 -1.9845946 1.0164533
236 -1.2668443 3.0753744
9 -2.012986 0.79809165
45 -1.2324079 3.4362319
56 -1.9727342 0.8874861
180 -2.0219245 0.75017416
203 -3.8041632 -1.5412229
237 -1.2550035 3.8387394
38 -1.2963843 3.5635073
142 -1.2791778 3.9534085
39 -1.9339225 1.0035785
96 -1.3558297 3.9335124
288 -3.7665496 -1.5939888
46 -1.1772718 4.077622
14 -3.517845 -1.2909385
33 -1.8250986 1.2511356
90 -3.5681224 -1.3762776
133 -3.3821027 -1.2289598
278 -1.2460155 3.9133358
132 -1.281868 3.2861447
289 -3.7498193 -1.5158985
242 -1.9495847 1.0583036
52 -1.9888525 0.92364776
41 -1.3017685 4.0090947
42 -1.3144873 3.9141617
85 -3.9062212 -1.5576866
290 -1.3499829 3.0643482
156 -1.2075073 3.1974266
187 -3.628128 -1.3924824
277 -1.8481383 1.1385581
243 -1.9630946 0.93190914
224 -4.103558 -1.7488282
215 -1.2079635 4.0052085
83 -2.0166776 0.7867823
91 -1.8370552 1.2940962
244 -2.0751727 0.67165595
220 -3.8013048 -1.533
141 -3.551016 -1.4225088
7 -1.3276316 3.702245
181 -3.5504014 -1.416719
92 -1.3064516 4.4962006
35 -2.106776 0.5746079
136 -3.9600575 -1.6274462
152 -3.6824152 -1.6098435
271 -1.3454152 4.060961
126 -1.9494911 0.8523167
60 -2.0950186 0.7305782
281 -2.0611115 0.67180914
151 -2.0789676 0.69792414
77 -1.3453356 3.0213923
219 -3.6863759 -1.5609185
230 -1.2629946 3.6909509
267 -3.1274552 -1.0496173
11 -1.9466603 0.9156666
17 -1.2440913 3.9424403
123 -1.2708262 3.605183
117 -1.9828998 0.8891935
26 -1.2267097 3.4239714
99 -1.2644848 3.9073913
67 -1.3123509 3.788549
63 -1.9882629 0.96884036
189 -1.2574722 3.4091668
229 -1.8202637 1.3198465
213 -2.010841 0.78300977
115 -1.3237172 3.9332886
101 -1.9568262 0.86938846
135 -3.5596402 -1.3287413
143 -1.3147202 3.5950472
120 -3.6412182 -1.4014933
129 -1.8760711 1.1348678
240 -2.0195575 0.7959993
284 -3.4632757 -1.1857373
253 -1.9813527 0.8588843
94 -1.958531 0.9484463
59 -3.645175 -1.4602911
162 -1.9148015 1.0750349
100 -1.2732838 4.0175095
207 -1.2817082 4.0987525
252 -2.0199206 0.7765153
258 -2.0702279 0.72350997
61 -2.006452 0.7648227
79 -4.01213 -1.7672882
183 -1.984068 0.87967485
97 -2.0722995 0.69653714
257 -1.3476261 4.035161
139 -4.0204997 -1.7367718
241 -2.0503812 0.73953116
4 -1.2704 3.9930117
8 -2.0679934 0.7516545
102 -1.8971407 1.108968
15 -1.8111783 1.1397668
22 -1.2450769 3.9585218
177 -1.939317 1.0261314
28 -3.6342888 -1.4909118
127 -1.9082289 0.9557443
110 -3.4233363 -1.1460952
107 -2.0437658 0.7653883
216 -3.8644838 -1.7020757
223 -4.3913245 -2.1648724
121 -2.150536 0.60090697
145 -3.7651644 -1.6787236
282 -2.0887682 0.5621487
161 -2.0825105 0.7699075
192 -3.8022165 -1.5649354
75 -3.3923314 -1.1451184
87 -2.0263908 0.81159425
287 -3.9120297 -1.6654906
112 -3.6448145 -1.4465172
214 -1.8676715 1.1734319
239 -1.4037333 3.6229928
167 -1.3576663 3.2819724
186 -1.9194764 1.0644528
293 -2.0049455 0.8161484
196 -1.2910593 3.6643875
261 -3.7369084 -1.5386022
292 -3.6773448 -1.5403466
234 -1.9023433 1.1219257
238 -1.2688899 3.6524768
128 -1.9710277 0.8175858
197 -1.2429568 4.0027246
255 -1.911951 0.96668154
27 -3.6520214 -1.5687554
30 -1.2772475 3.8030224
53 -1.280784 3.7087152
48 -4.209793 -1.918358
69 -1.2805376 3.368376
131 -3.6810405 -1.4003923
165 -3.6798906 -1.5188797
274 -1.8873345 1.1186166
201 -1.9357997 0.8781826
259 -3.4916701 -1.3275439
295 -3.1691153 -1.0536397
12 -2.070631 0.816191
198 -3.1614559 -1.033314
16 -3.53335 -1.3765877
158 -1.3487676 3.578064
21 -1.2470986 3.6665065
23 -1.964284 0.9584571
24 -1.313753 3.4636872
29 -3.4059513 -1.1862464
235 -1.2579168 3.5454018
93 -1.2031078 3.4624357
190 -1.9722279 1.0571039
204 -3.487603 -1.3036335
263 -1.9575037 0.9066852
294 -3.5917568 -1.392502
249 -3.9634318 -1.8018312
285 -1.2300789 3.9264908
146 -3.9013581 -1.5177771
174 -2.1292915 0.5393402
256 -2.0373802 0.69435364
248 -3.801011 -1.5645493
273 -3.6466103 -1.4043694
148 -3.316614 -1.1816698
173 -2.0281506 0.87630045
269 -3.3425303 -1.0847342
13 -2.030969 0.8748772
275 -2.0218961 0.79561025
159 -1.3606797 4.0134416
44 -3.317933 -1.2230439
199 -1.9097847 1.0986391
78 -1.2969753 3.7886841
49 -1.9731418 0.9609203
55 -2.017782 0.85101044
65 -3.3140182 -0.98958623
270 -3.5309646 -1.3680406
124 -1.300304 4.1361794
209 -3.4436607 -1.3191789
208 -3.4903145 -1.3112135
43 -1.9812515 0.9691846
36 -1.2213334 3.7727706
138 -1.2457266 3.5842292
68 -1.2504512 3.9081936
62 -3.556664 -1.3058095
57 -2.1016886 0.66144586
76 -1.1988274 3.8477342
144 -1.265876 3.5761201
246 -1.3227699 4.1386256
31 -1.2361448 3.572109
299 -1.312708 3.9305508
25 -3.7012124 -1.5526751
182 -3.5302784 -1.3924006
34 -1.990753 0.8519561
245 -3.7091765 -1.4256326
74 -3.586801 -1.392807
116 -1.2948148 3.547374
168 -3.7533214 -1.5987183
153 -3.2521882 -1.037128
194 -1.9406575 1.0294871
298 -1.9814119 0.92492956
217 -1.2820919 3.6637409
280 -2.0384228 0.7764581
95 -3.9265094 -1.6649526
5 -1.8471 1.3541058
66 -1.3131074 3.801432
175 -2.0350957 0.78555816
18 -1.9880191 0.84809023
150 -2.0856245 0.68010163
172 -3.8184085 -1.6413788
291 -1.71621 1.3306285
54 -3.830851 -1.6528718
104 -2.0841193 0.7801082
266 -1.9773134 1.0734742
80 -1.3140837 3.6144793
264 -3.8527 -1.6737881
113 -2.0121362 0.77232313
32 -3.6516252 -1.4364634
50 -2.867868 -0.68807495
272 -1.2461118 3.398094
70 -1.2561804 3.8153217
81 -1.2277977 3.8760028
111 -3.7609258 -1.5664666
140 -2.024025 0.8333056
163 -2.0662217 0.69430554
164 -4.2044616 -1.9629654
191 -1.2814583 4.44007
10 -1.2666517 3.9710784
268 -1.2793283 4.2148833
19 -1.2918781 3.8995507
206 -3.6281142 -1.4504269
188 -2.1039677 0.6620125
195 -1.3047308 3.260167
185 -3.6430407 -1.4530933
221 -3.8157334 -1.5933317
260 -3.944922 -1.7116054
160 -3.8907263 -1.7319244
279 -2.0641801 0.83039224
71 -1.9636858 0.92419714
251 -1.304237 4.1380224
250 -3.805402 -1.6381375
84 -1.3122195 3.5079167
114 -1.9385456 0.9110969
122 -1.33409 4.3040714
211 -2.0927877 0.607153
2 -3.4532144 -1.1569104
166 -1.3198726 4.029919
118 -1.2029871 4.0614724
37 -3.6822987 -1.5476377
119 -1.30014 3.571549
297 -1.3096318 3.917059
108 -2.1328983 0.7020045
169 -1.3735942 3.6153734
202 -4.0194426 -1.8701855
227 -1.2721114 3.4505222
0 -1.2694646 3.5019786
58 -3.8924599 -1.7270671
82 -3.5821667 -1.402227
103 -1.2625462 3.731816
88 -1.3857661 3.3632889
106 -1.2723266 3.3829618
171 -1.9292893 1.0018755
176 -1.2752607 3.6020014
247 -1.2569681 3.5670629
125 -1.2928895 3.6755936
200 -1.2310578 3.9441838
154 -3.9736152 -1.6988785
178 -3.3559396 -1.2692851
226 -1.26029 3.693724
73 -1.9080946 1.0201075
218 -1.9279475 1.0172365
179 -1.281251 3.5828576
184 -3.5724204 -1.4814365
222 -3.812144 -1.6524081
137 -1.3071352 3.2534215
109 -3.9319367 -1.6852057
254 -3.6807022 -1.4681803
1 -3.8371925 -1.5711733
212 -1.2471975 3.9399798
296 -3.8747904 -1.6685534
98 -3.335855 -1.2174481
232 -3.9100173 -1.6270862
193 -3.8171098 -1.6682012
