30 2
21 3.7842507 4.5584517
22 3.8761723 1.3676152
1 3.7805934 5.039236
25 5.991234 -2.813569
16 3.8813508 1.501517
8 6.068146 -2.8628075
19 5.4628863 -2.0485997
6 5.9942856 -3.083898
15 4.020141 1.1448209
14 3.82594 1.760138
7 3.7764585 1.8854434
10 5.1953206 -1.8729999
17 4.059015 0.9920434
4 4.013225 0.79100746
26 3.7694988 2.0130613
12 3.9748476 6.154838
20 4.119204 0.49546787
23 6.5530243 -3.5992074
2 4.088665 6.2223706
0 3.6197896 4.3579793
13 5.1776485 -1.847286
18 3.9425092 1.1189183
29 6.668454 -3.6820335
11 3.9978702 5.763797
28 5.806037 -2.7909563
3 3.7527952 4.263774
9 3.6749303 4.634773
24 3.7336514 4.54959
27 3.9221177 5.800946
5 6.15093 -3.1096225
