30 2
7 4.2906375 3.0939777
29 4.8587804 3.0706315
4 -1.7028277 5.7920594
3 1.7900729 3.8994963
20 -0.9564264 5.351311
14 -2.051053 6.1544003
24 2.0965054 3.8787448
25 5.6311316 2.9270818
2 -1.4962872 5.867664
17 -1.5396192 5.6966953
1 5.8174405 2.8880723
5 2.0631518 3.6854115
26 5.428424 2.8298187
18 -0.81306046 5.0991235
21 2.8423593 3.5844202
0 1.1185026 4.030079
12 5.3547606 2.9643598
23 -2.281289 6.4092016
16 1.3871439 4.144033
9 1.3830882 4.1886234
6 5.269719 2.8141131
22 4.3600717 2.9943411
8 -1.0926841 5.3919563
27 2.3432148 3.6327198
28 -1.2889822 5.531267
11 1.3665552 4.0222483
15 6.054601 2.8347106
10 4.5171046 3.085426
19 -2.2563598 6.352314
13 2.6854434 3.561332
