30 2
21 3.0555935 5.102445
8 6.334124 -2.0775623
10 5.472176 -1.0643959
19 5.5913763 -1.1929692
1 2.9636905 5.5664196
22 3.611401 1.8663554
4 3.808393 1.4587985
17 3.794973 1.6649829
16 3.7159288 1.9496657
7 3.4263818 2.4323587
26 3.3838997 2.58325
27 3.0431874 6.3559055
6 6.3983846 -2.0829864
14 3.4826245 2.2615895
25 6.2929826 -1.9313487
28 6.148099 -1.8543657
11 3.0658946 6.117351
29 7.154359 -2.7484806
9 3.1023657 5.114561
15 3.8908358 1.5204091
12 3.059254 6.580503
13 5.450708 -1.1254736
23 7.06436 -2.6677237
0 3.0973852 4.6697106
3 3.0965831 4.586518
5 6.470441 -2.2271369
20 4.038753 0.90129
24 3.0886393 4.9384637
18 3.7133553 1.5239291
2 3.1167045 6.8629904
