30 2
7 3.6772616 3.835522
0 0.19724436 4.318557
20 -2.1876502 5.0388603
5 1.1228327 4.005374
29 3.9479895 4.0816345
14 -2.985984 5.50755
11 0.7317933 4.188527
18 -1.9211849 4.9455276
6 4.768313 3.9127653
1 5.2519736 4.029976
3 1.0331954 4.1651864
24 1.2874706 4.2022333
10 3.915107 3.9137976
4 -2.838205 5.3273787
12 4.771627 3.9884622
2 -2.8144357 5.4953203
8 -2.2439775 4.9198923
25 4.8493657 4.010913
23 -3.3833122 5.7392807
26 4.92929 3.917079
15 4.995409 4.0001597
21 1.8881042 4.1169972
13 2.2218506 4.068763
28 -2.4681134 5.1235566
22 3.7065666 3.864838
17 -2.587179 5.353599
9 0.46688426 4.277455
16 0.24803576 4.383296
19 -3.4859443 5.7227807
27 1.2615337 4.143229
