300 2
243 -1.9968426 0.84098315
164 -3.7561674 -1.9097947
289 -3.5783427 -1.8094088
194 -2.0115426 0.8444591
190 -1.9342991 1.0522829
177 -2.0172668 0.7947877
246 -1.5192956 3.7873895
56 -2.0073423 0.8606557
209 -3.2858586 -1.3519766
94 -1.9716896 0.9394365
297 -1.5357077 3.4941938
299 -1.4766386 3.994666
234 -1.9611654 0.92623144
55 -2.0422137 0.8559021
242 -1.989051 0.68960816
219 -3.5319276 -1.7271324
292 -3.828818 -1.9571018
93 -1.5251807 3.5697587
18 -1.9523287 1.0073855
28 -3.6525624 -1.801491
256 -2.0933619 0.5999499
202 -4.022799 -2.192777
121 -2.1414173 0.58412856
284 -3.3487632 -1.4584001
9 -2.1271884 0.68555313
189 -1.4356511 3.4972272
131 -3.491658 -1.5317339
33 -1.9748131 0.96052307
195 -1.4773245 3.5263872
64 -3.6671221 -1.7719179
147 -2.1222675 0.56304175
69 -1.4517106 3.5320761
298 -2.0282757 0.7780796
149 -1.9799716 0.9916018
279 -2.0366564 0.78071076
8 -2.0985234 0.66856664
187 -3.3973389 -1.4420192
79 -3.7489183 -1.9000281
154 -3.7798846 -1.7983693
102 -2.0783157 0.6981271
124 -1.4475579 3.7231
174 -2.1277242 0.538105
230 -1.4752401 3.3226228
198 -3.2380254 -1.4311726
221 -3.5971563 -1.7518518
239 -1.4179578 3.3912303
176 -1.463401 3.3036883
135 -3.3568375 -1.4534428
255 -2.008642 0.9608869
291 -1.9816248 0.9249007
236 -1.4900455 3.3597226
288 -3.586303 -1.7246355
263 -1.9924839 0.6594354
83 -1.9584689 0.91011816
117 -2.1156352 0.52583545
224 -4.0025487 -2.2140217
144 -1.3877652 3.3653429
293 -2.0998945 0.566169
4 -1.4555826 3.6004918
7 -1.5196681 3.604411
27 -3.4834163 -1.5849125
290 -1.4199564 3.7184725
72 -3.4034004 -1.4952135
115 -1.5140527 4.083037
127 -2.119458 0.55399096
152 -3.3547397 -1.450003
153 -3.4112842 -1.498347
247 -1.5349988 3.9883118
196 -1.549494 3.6690512
6 -2.1063945 0.56530195
78 -1.5255883 3.754759
13 -2.0317912 0.7670456
163 -2.0889108 0.7589582
48 -3.6413183 -1.7485099
270 -3.7163527 -1.7722703
63 -2.0271416 0.836637
77 -1.5018033 2.9741879
130 -1.4580309 3.7639575
192 -3.4724975 -1.6313676
200 -1.4835566 3.8304284
252 -2.096278 0.5590013
31 -1.5548066 3.6431248
225 -1.4716136 3.684982
84 -1.5103236 3.6335313
175 -2.109127 0.70202935
111 -3.2662475 -1.3892314
128 -1.9757204 0.8965513
140 -2.0781279 0.65838057
231 -2.0016782 0.92557937
158 -1.5008459 3.7689085
0 -1.4485663 3.7119951
238 -1.5204631 3.5204616
46 -1.4072448 4.1187234
295 -3.4078016 -1.5814108
58 -3.9087086 -2.0825293
143 -1.4739773 3.359563
105 -3.2703216 -1.4019777
112 -3.690344 -1.8680027
11 -2.031514 0.72718567
155 -3.8551605 -1.9729048
26 -1.4768314 3.2029016
214 -2.0254943 0.7734903
50 -3.1284463 -1.2329162
75 -3.3577764 -1.5330544
226 -1.458992 4.042662
166 -1.4777977 3.599503
136 -3.9989986 -2.1442387
253 -2.0894022 0.7132766
282 -2.0554783 0.6469928
51 -3.593079 -1.6744109
32 -3.416368 -1.4076126
15 -1.915323 0.9724083
104 -2.020968 0.9325799
170 -2.028249 0.77642006
37 -3.5526352 -1.7695152
53 -1.483407 3.4628313
241 -2.0423672 0.7116297
250 -3.6497507 -1.7340342
156 -1.4746519 3.3586195
223 -3.9038162 -2.018028
213 -2.162564 0.38071156
133 -3.2961755 -1.406588
205 -1.4957876 3.2325523
272 -1.4735836 3.3448462
251 -1.4899517 3.5043168
21 -1.5002967 3.2203853
39 -2.0883136 0.7300165
60 -2.0276685 0.7882035
86 -3.2757123 -1.365691
97 -2.0960534 0.78073436
262 -2.039204 0.7134513
287 -3.9189749 -2.0164165
10 -1.5694618 3.995322
23 -2.154614 0.5956503
30 -1.3906012 3.8685079
119 -1.4702276 3.4725232
36 -1.4207742 4.163002
87 -2.0384262 0.6211971
67 -1.4106946 3.6047237
73 -1.9462447 1.0183752
180 -2.1070127 0.6308338
207 -1.5417765 3.6902905
258 -2.0742402 0.64870304
267 -3.3673809 -1.5132729
216 -3.5876648 -1.68962
191 -1.4870821 3.7480407
232 -3.560538 -1.6700342
237 -1.4861928 3.6627
178 -3.3941712 -1.5429118
76 -1.4643328 3.8183198
99 -1.4932332 3.775457
277 -1.9849877 0.88724405
150 -2.1408145 0.5111279
208 -3.645188 -1.8555017
233 -2.0671396 0.65992814
1 -3.5873861 -1.7771813
106 -1.5333505 3.6889937
22 -1.4822798 3.160149
161 -2.1170392 0.6369477
199 -1.998045 1.0292991
41 -1.4815327 3.8265138
43 -2.0151837 0.8372895
168 -3.658806 -1.8596808
273 -3.6364927 -1.6885957
65 -3.5582154 -1.6996064
197 -1.4500142 3.597667
70 -1.4976274 3.926296
206 -3.4913096 -1.6628474
82 -3.635232 -1.7386549
228 -2.0269833 0.8773858
211 -2.0129304 0.81919134
245 -3.49887 -1.6287935
280 -2.0500534 0.79863244
132 -1.479806 3.5439796
212 -1.481015 3.9602718
210 -1.4751217 3.381372
244 -2.1072738 0.55899966
266 -2.0799198 0.68839204
88 -1.4862986 3.461261
3 -1.5586213 3.8156652
167 -1.5067002 3.584475
14 -3.5313463 -1.6861056
25 -3.5931456 -1.6956367
265 -1.4872164 3.628509
66 -1.4266269 3.9483948
52 -2.0948472 0.740256
107 -2.0253031 0.84240836
80 -1.4598565 3.661173
96 -1.4182934 3.9284737
109 -4.191462 -2.3248866
120 -3.4174912 -1.5701638
259 -3.5677788 -1.7362071
215 -1.5339638 3.488363
276 -1.937926 0.88759476
139 -3.9402213 -2.040765
203 -3.5703099 -1.7446162
61 -2.1219385 0.5342109
116 -1.5115836 3.3267593
68 -1.4973651 3.6345565
49 -2.0920851 0.6940653
62 -3.525256 -1.6465007
181 -3.2656276 -1.4432431
165 -3.4488215 -1.618599
260 -4.0295687 -2.099516
113 -2.0608392 0.8096646
125 -1.4335979 3.402088
134 -1.9670602 0.83000183
118 -1.4822057 3.9015334
29 -3.4499078 -1.5980572
35 -2.1315136 0.52768016
40 -3.3840744 -1.5722494
122 -1.5453959 4.232602
173 -2.03057 0.8554385
188 -2.0843568 0.66295844
285 -1.5251361 3.7247334
283 -1.4876044 3.4396367
12 -1.9424831 0.95665634
85 -3.7328274 -1.918964
59 -3.553432 -1.6419604
98 -3.3410952 -1.563918
92 -1.5484413 4.209723
169 -1.4903786 3.7470574
229 -1.9749277 1.0167292
126 -1.9338039 1.0585434
157 -3.2665088 -1.384806
271 -1.4990411 3.7551222
274 -2.010999 0.94928205
296 -3.8351238 -1.8789061
275 -1.9932034 0.9853595
193 -3.3897412 -1.5544187
34 -1.9511025 1.2046514
45 -1.4661399 3.3505137
129 -1.940673 0.8426985
201 -2.0883665 0.7968165
91 -1.976441 1.1662854
100 -1.5048274 3.8820863
114 -2.126512 0.5426819
184 -3.4563296 -1.6612604
146 -3.5559587 -1.7050024
217 -1.5447297 4.001877
294 -3.6941075 -1.9007915
220 -3.422679 -1.5557989
148 -3.4750729 -1.5320522
5 -1.9851141 0.99567294
16 -3.726176 -1.8477565
269 -3.2575533 -1.328623
81 -1.5053848 3.4340677
123 -1.4799542 3.562066
101 -2.0604076 0.8004015
171 -2.050346 0.80710036
218 -2.0070553 0.917987
186 -2.0122323 0.90709525
281 -2.0727966 0.91780716
47 -1.4330802 3.086888
159 -1.4511601 3.8652284
235 -1.4437703 3.4362721
110 -3.1524014 -1.3070277
278 -1.4956795 3.5081527
179 -1.5071898 3.1524916
54 -3.6003053 -1.76135
162 -1.977726 1.0140013
183 -1.9995886 0.9654563
103 -1.4873893 3.6182332
261 -3.4003644 -1.4885402
222 -3.4750764 -1.5130054
151 -2.103872 0.6237947
160 -3.5759883 -1.7657659
240 -2.1705406 0.4638303
108 -2.0109003 0.8496057
38 -1.4503258 3.4674256
138 -1.454969 3.4199407
185 -3.5274074 -1.6257334
268 -1.5085686 4.319381
17 -1.5220981 4.1180663
57 -2.1285148 0.6408035
142 -1.4854217 3.8959272
141 -3.6377828 -1.7170699
248 -3.7538357 -1.8255236
257 -1.5297006 4.049841
2 -3.5351973 -1.6459717
20 -1.4553965 3.5287097
24 -1.4553423 3.879939
89 -2.0001664 0.8924404
95 -3.853836 -1.9654123
204 -3.5669928 -1.7475027
249 -3.8136823 -2.000359
71 -2.0415561 0.7702043
74 -3.3644953 -1.5155692
254 -3.6541204 -1.7016091
19 -1.4860588 3.9931912
42 -1.4633121 3.376908
44 -3.1946712 -1.3292807
264 -3.6592023 -1.8338164
137 -1.4670283 3.7749195
90 -3.4654348 -1.5639755
286 -1.5168692 3.6990445
172 -3.5722702 -1.6781412
227 -1.4220601 3.174343
182 -3.4637036 -1.5516713
145 -3.9114425 -1.9675425
