30 2
25 6.171429 -2.521299
4 3.9292715 1.0252664
6 6.242842 -2.6401207
15 3.9379005 1.2861761
7 3.5925174 2.128703
21 3.413596 4.7559977
10 5.3146443 -1.4261729
20 4.061068 0.85375947
22 3.7091851 1.7349749
19 5.2966814 -1.5500251
8 6.0962663 -2.5125377
14 3.7643156 1.9515345
1 3.4001594 5.2464356
17 3.9243712 1.3292031
13 5.4075985 -1.5330212
28 5.986645 -2.3357282
26 3.6275609 2.2447646
11 3.504301 6.0685744
12 3.643024 6.431113
23 6.908089 -3.2972271
18 3.790978 1.2799343
24 3.410052 4.673482
9 3.4705787 4.6773553
5 6.4107614 -2.7133863
3 3.4379475 4.384777
16 3.8043845 1.6772401
27 3.5085545 6.134223
2 3.6617854 6.5675826
29 7.001831 -3.198332
0 3.5363116 4.74818
