30 2
29 3.9277508 4.12407
7 3.4518476 4.0222497
24 0.96219593 4.1881585
5 0.9205334 4.103263
2 -3.1515286 5.4173226
20 -2.271352 4.9607763
4 -3.1739154 5.237534
10 3.7960484 4.125658
6 4.441425 4.117108
0 -0.03776094 4.233556
25 4.910423 4.2659063
14 -3.3595 5.3947115
28 -2.6225166 5.0366335
3 0.8384749 4.1899967
21 1.6941684 4.1858783
18 -2.2751436 4.8114805
26 4.6038604 4.1295156
23 -3.6446743 5.655596
22 3.4949906 4.0183516
1 4.9554276 4.262329
11 0.5494877 4.183031
16 0.26299974 4.384875
12 4.7243147 4.226605
15 4.9852953 4.3113985
9 0.20530435 4.3357625
17 -2.8615384 5.220078
13 1.8008208 4.08099
8 -2.457754 4.923129
27 1.1715711 4.18098
19 -3.763989 5.63112
