30 2
29 4.205146 3.8993762
3 1.0341674 4.123515
7 3.7655811 3.7520995
0 0.3312379 4.2031026
4 -2.6407256 5.457798
12 4.695507 3.8611925
10 4.0468044 3.8205216
18 -1.8685558 5.0241566
25 4.8601685 3.9505012
2 -2.7009106 5.541747
5 1.1690989 4.0054727
14 -2.9934185 5.702349
11 0.8408063 4.1633496
20 -2.0154436 5.097603
1 5.255481 3.839965
15 5.193253 3.9644732
24 1.3725175 4.0828
23 -3.1176336 5.778778
21 2.0622032 4.0495815
19 -3.268576 5.8944626
6 4.9570036 3.7255704
26 5.0620856 3.7324271
17 -2.5689328 5.4260163
22 3.9581094 3.672755
28 -2.290981 5.1940684
9 0.51915723 4.3437996
8 -2.0114226 5.0525813
16 0.5184375 4.265767
13 2.28132 3.902245
27 1.4353663 4.068847
