30 2
4 -2.2172434 5.698308
29 4.6068068 3.532039
7 4.1910286 3.4037693
0 0.632316 4.2607846
2 -2.1010222 5.8154674
5 1.4936816 3.9213862
25 5.3661895 3.4691296
14 -2.4112701 6.0199184
23 -2.8173106 6.0352917
1 5.640211 3.3262928
20 -1.4132996 5.243845
18 -1.3827362 5.023693
22 4.369108 3.35387
24 1.4676542 4.0588193
16 0.8585771 4.286394
10 4.3508754 3.5176976
17 -1.9205508 5.558057
3 1.5946335 3.990987
11 1.1496115 4.027943
15 5.8295918 3.3358145
21 2.3228576 3.8330371
6 4.9810786 3.2824345
26 5.069449 3.3250823
19 -2.7702746 6.189758
8 -1.624572 5.261645
12 5.1041946 3.3383741
27 1.8355241 3.9130332
13 2.4252753 3.7493536
9 0.6867154 4.303333
28 -1.5958022 5.3019934
