300 2
22 -1.1989235 3.7309728
256 -2.193127 0.5234101
282 -1.9782026 0.91587853
111 -3.6319098 -1.3561121
41 -1.2876695 4.075851
275 -1.9036348 1.0395727
124 -1.2593875 3.8357
127 -1.8545707 1.0910878
295 -3.521497 -1.3358485
81 -1.2546744 3.775673
174 -2.0261893 0.78278035
213 -2.0550106 0.61580753
108 -1.9397523 0.9092181
104 -1.9693016 0.9114117
149 -2.0345502 0.75526154
236 -1.3132658 3.333258
33 -1.9328674 0.95051587
97 -1.9926409 0.8061186
23 -1.9159564 1.0291805
226 -1.2891643 3.9144232
87 -1.9229593 0.9747542
288 -3.629573 -1.4187657
192 -3.5548036 -1.4248357
9 -2.0701332 0.76732725
157 -3.5371046 -1.3858504
171 -1.9206053 1.0071743
5 -1.9347749 0.9725673
273 -3.4900277 -1.3463668
172 -3.748646 -1.5302474
29 -3.6332705 -1.3926594
116 -1.2773923 3.3993456
53 -1.2494142 3.7263641
199 -1.9137161 1.1189381
209 -3.5233665 -1.2732335
297 -1.1981775 3.858331
13 -2.069395 0.7940244
194 -1.9392697 1.0284626
182 -3.4882114 -1.2650892
86 -3.4485543 -1.3995311
263 -1.9550855 0.91005266
189 -1.2980374 3.4455228
130 -1.2149786 3.8022068
71 -2.0265024 0.82601786
169 -1.3243451 3.6939948
105 -3.2274024 -1.091573
107 -1.9850245 0.8722024
177 -1.9729296 1.0393137
225 -1.2542607 3.931765
286 -1.2222488 3.9837968
4 -1.3443383 3.2720296
12 -1.9073923 1.0454441
43 -1.8874445 1.1877372
170 -1.9877036 0.9017894
56 -1.960689 0.97625035
60 -2.0970776 0.73864955
63 -2.0633624 0.7496705
191 -1.2275096 3.5443509
103 -1.2577642 3.780104
117 -1.9621392 0.92479336
184 -3.5552225 -1.3448175
234 -1.9865977 0.9110103
1 -3.9375026 -1.7295035
188 -2.0982194 0.6809474
88 -1.2879903 3.5581448
134 -1.938832 0.9979334
114 -2.1323912 0.5665003
153 -3.533155 -1.2998577
231 -1.8394178 1.237128
6 -2.0800917 0.7357294
207 -1.2724544 4.0142117
203 -3.6585338 -1.387707
215 -1.2750797 3.624089
244 -2.1198018 0.62000555
126 -1.9335792 1.0173808
100 -1.2048578 4.2533193
99 -1.2128983 3.8936028
187 -3.9411848 -1.7070922
253 -2.0123177 0.8608222
11 -2.1127937 0.6319352
89 -1.8600272 1.1595247
262 -2.017755 0.8413901
219 -3.6068916 -1.4039422
216 -3.8462543 -1.5645605
74 -3.3197129 -1.1801702
92 -1.2619134 4.331429
144 -1.2830131 3.6865857
165 -3.790029 -1.5620428
131 -3.4536395 -1.2404495
77 -1.3337575 3.2242546
15 -1.8599343 1.1128716
142 -1.2333034 4.235817
96 -1.2658128 3.7340243
110 -3.3408203 -1.2257067
241 -2.0237894 0.90163887
160 -3.5598073 -1.2990097
248 -4.003603 -1.741667
205 -1.2160791 3.5877745
61 -2.143717 0.6625753
36 -1.2302661 3.6354814
37 -3.5390902 -1.3930142
49 -1.9506283 1.0984331
190 -1.9520907 1.0191364
162 -2.0256197 0.83857876
198 -3.1689756 -1.0133615
254 -3.7426095 -1.5578651
58 -3.8607764 -1.6045824
16 -3.8265316 -1.5502974
39 -2.1588542 0.6341623
280 -2.0232003 0.69039214
290 -1.1929559 3.5069702
181 -3.4289043 -1.196488
221 -3.7617757 -1.454904
223 -4.007338 -1.7832614
268 -1.246749 4.493993
0 -1.2646366 3.384029
7 -1.2359012 3.5592012
10 -1.288155 4.023075
271 -1.2551216 4.092317
18 -1.9846675 0.87450176
46 -1.2863832 4.1602063
25 -4.090943 -1.7450612
176 -1.2732533 3.5036876
30 -1.2700696 3.5855212
31 -1.2349993 3.9805212
42 -1.1764711 4.0510206
38 -1.2788674 3.7379405
158 -1.3208988 3.7959425
139 -3.884806 -1.579962
44 -3.1917875 -1.1242323
50 -3.228418 -1.0159509
51 -3.9029813 -1.665757
180 -2.132286 0.5824049
67 -1.3150445 3.8498921
83 -2.0085168 0.7285048
237 -1.2414175 3.8734741
91 -1.8319473 1.3176513
140 -2.0935116 0.7009523
278 -1.2201916 3.4216132
57 -2.0950582 0.76926595
279 -2.0604715 0.7684783
233 -1.9817551 0.86437577
163 -2.1212807 0.6823066
289 -3.765605 -1.6232204
292 -4.1811867 -1.8589892
173 -1.9323525 1.0488968
239 -1.2790334 3.6442995
135 -3.46805 -1.3229672
249 -4.14278 -1.8556544
27 -3.7308667 -1.4274182
52 -1.9799352 1.008069
252 -2.004673 0.80660415
294 -3.771798 -1.5944912
178 -3.1943529 -1.0440295
54 -3.7648747 -1.5764987
298 -1.9733814 0.9307621
62 -3.6599247 -1.501369
84 -1.3032457 3.7087617
129 -1.9613193 1.0137111
211 -2.0461435 0.7283845
136 -3.9611778 -1.6570015
230 -1.3050647 3.4733927
243 -1.9243722 1.0312611
296 -3.929122 -1.6873498
159 -1.2546912 3.7108402
151 -1.9412409 0.9612279
21 -1.3034312 3.3773675
291 -1.8733557 0.99821466
75 -3.5604699 -1.3839729
48 -3.743787 -1.4721668
66 -1.2566483 4.0477343
73 -1.9943515 0.8782328
293 -2.0272253 0.7699182
78 -1.2491266 3.7806144
224 -3.8842027 -1.707466
143 -1.2210155 3.7610571
218 -1.9708048 0.96746343
229 -1.8211585 1.2644374
255 -1.9066746 0.9900971
90 -3.631915 -1.358282
2 -3.8632078 -1.6414218
3 -1.253859 3.838059
214 -1.919348 1.0693914
264 -3.780518 -1.5809803
128 -2.0455194 0.83087105
79 -3.7423508 -1.5384688
112 -3.418225 -1.2242916
141 -3.7136314 -1.4453636
166 -1.233753 3.9542363
281 -2.0484679 0.8619985
186 -1.9366193 1.0338362
195 -1.2140852 3.473489
220 -3.706358 -1.503486
238 -1.2873217 3.7813091
247 -1.2454104 3.5167127
287 -3.9094663 -1.6280425
246 -1.2455976 3.8327172
93 -1.2821107 3.592785
8 -2.0137794 0.83528477
14 -3.4257169 -1.3134642
267 -3.511913 -1.3912747
208 -3.7040167 -1.4972236
59 -3.7155328 -1.4753215
240 -2.1236784 0.61796564
227 -1.3103541 3.7641385
40 -3.9388194 -1.6925726
47 -1.3122876 3.3440769
269 -3.3984544 -1.1929904
72 -3.428044 -1.295613
118 -1.2037392 4.2368803
196 -1.2251786 4.0165243
115 -1.2769151 3.9289982
154 -4.0252447 -1.7497499
152 -3.7030234 -1.5423323
250 -3.600588 -1.4015602
94 -1.9344882 1.0157943
272 -1.2722822 3.417224
200 -1.2588954 3.893086
261 -3.747116 -1.5927082
32 -3.5514643 -1.3068573
70 -1.2206874 3.417097
82 -3.4922972 -1.3725245
197 -1.218771 3.8545287
258 -2.0002086 0.8706887
210 -1.27017 3.7224538
161 -1.9863676 0.8666202
217 -1.3208228 3.8971822
45 -1.1800731 3.7688966
175 -2.00988 0.84957045
138 -1.2520512 3.3080673
266 -1.9648025 0.92845714
113 -1.9637334 0.7420691
222 -3.6607747 -1.4916521
17 -1.2398702 3.9458792
106 -1.2477975 3.6682305
123 -1.2572975 3.8451176
35 -2.0527928 0.72677565
265 -1.2424802 3.851492
150 -2.177628 0.58816904
270 -3.4955819 -1.3532062
119 -1.2656535 3.2691996
122 -1.2210718 4.001252
147 -2.1161778 0.7440689
185 -3.8204088 -1.5835724
277 -1.9102879 0.9982395
228 -1.9869802 0.7200686
133 -3.6143577 -1.3681399
34 -1.9713845 1.0164973
125 -1.2123649 3.9052477
101 -1.8521985 1.0769904
137 -1.3230039 3.7423215
167 -1.3029652 3.3679106
206 -3.3414454 -1.1459899
242 -1.8426642 1.1477689
19 -1.3064853 3.7341154
251 -1.2300336 3.7442024
202 -4.298472 -2.070684
85 -3.8896909 -1.582025
285 -1.2793992 3.8557172
145 -3.5462625 -1.4595898
146 -3.747811 -1.5300876
155 -3.8034346 -1.5732325
20 -1.2315297 3.3610497
69 -1.235345 3.7099044
183 -1.9457313 1.10457
257 -1.2112252 4.337435
193 -3.658971 -1.4191895
276 -2.0326862 0.81668735
245 -3.6077845 -1.3386794
55 -2.0227325 0.8906562
68 -1.2358727 3.7835953
299 -1.233629 3.694505
109 -4.0847726 -1.8907729
76 -1.243237 4.2906747
102 -1.8800732 1.1195893
179 -1.2355953 3.6495662
283 -1.1909752 3.7452314
65 -3.3643293 -1.1270016
64 -3.7484064 -1.5254552
121 -1.9882838 0.8995797
132 -1.2391267 3.6948178
235 -1.2463382 3.8945847
204 -3.6880395 -1.4924426
164 -3.8304453 -1.6132588
201 -1.9895749 0.8460243
232 -3.4592822 -1.1539097
168 -3.703994 -1.4490427
26 -1.2625105 3.2373383
28 -3.5627072 -1.3933557
259 -3.4758224 -1.3245409
80 -1.2745593 3.6595738
260 -3.8989437 -1.6334296
274 -1.9799721 0.99258274
148 -3.8829875 -1.6072782
156 -1.2392043 3.596603
212 -1.2998087 3.8004353
95 -4.3471785 -2.0576327
284 -3.70342 -1.4937621
24 -1.2942982 3.6438193
120 -3.5910203 -1.3739812
98 -3.351 -1.1710764
