30 2
29 4.6046453 3.5023456
7 4.171057 3.4289515
14 -2.433278 5.95972
5 1.5221841 3.9061875
2 -2.1691797 5.7843866
4 -2.2450194 5.715988
1 5.6508265 3.3700159
18 -1.3578743 5.026714
11 1.1477174 4.053488
23 -2.7472045 6.05621
20 -1.4108809 5.2181425
16 0.81808424 4.267577
0 0.6634257 4.2500896
3 1.5208038 3.967276
21 2.319572 3.8493898
24 1.4827279 4.0461144
6 5.0532155 3.287233
22 4.299003 3.3648188
28 -1.6291931 5.254912
25 5.3894725 3.5298815
12 5.08549 3.3660378
10 4.335291 3.4997494
8 -1.6048177 5.287619
9 0.69052106 4.3281674
27 1.7918992 3.940185
15 5.7986813 3.3629827
19 -2.7836454 6.1993294
17 -2.0013163 5.556745
26 5.0750713 3.3135805
13 2.4415033 3.7187111
