30 2
1 3.103691 5.45111
7 3.5109527 2.3301153
21 3.2564592 4.9269285
22 3.6868885 1.785707
16 3.6926386 1.8829547
12 3.3917582 6.5168447
14 3.6907053 1.9766483
4 3.822729 1.3982769
23 6.948009 -2.9060671
10 5.4290185 -1.2308062
0 3.2768412 4.6737347
11 3.1810877 5.929917
15 3.821312 1.5744559
25 6.227947 -2.1254177
20 3.9175663 0.9297768
17 3.892272 1.5445901
6 6.393437 -2.4277165
19 5.6402087 -1.4712753
8 6.228061 -2.1410408
3 3.2391975 4.5743504
9 3.2451262 4.8779383
2 3.3803024 6.7145596
13 5.3685756 -1.1554897
28 5.9160557 -1.9355052
26 3.5051355 2.3062925
18 3.770823 1.4786978
27 3.267398 6.278703
5 6.4705315 -2.455644
24 3.1924095 4.8770137
29 6.9932914 -2.919487
