30 2
29 4.877966 3.07335
7 4.269855 2.9827068
14 -2.030727 6.2085023
3 1.6788688 3.8845067
4 -1.7367429 5.8393197
10 4.6155405 3.0791903
5 1.9610966 3.7433488
20 -1.09702 5.330523
21 2.710615 3.5730948
18 -0.80566883 5.0799346
1 5.8368173 2.9738376
25 5.6339903 2.9368985
0 1.1470084 4.071291
24 1.8929808 3.909502
2 -1.5945107 5.911674
15 5.984076 2.9434836
6 5.2945566 2.879084
26 5.420484 2.8181627
28 -1.386763 5.4841776
23 -2.28568 6.438817
12 5.4233594 2.9658797
22 4.485011 3.0360265
17 -1.434618 5.7090845
13 2.6862133 3.5299103
19 -2.284165 6.353395
11 1.3165388 4.096716
27 2.260088 3.6827762
8 -1.1344641 5.322788
16 1.3295782 4.2000937
9 1.3311753 4.2253413
