300 2
33 -1.8778697 1.1471827
213 -2.1379714 0.52072585
174 -2.0814497 0.7366923
298 -1.9992876 0.807044
209 -3.490712 -1.5151415
6 -2.111809 0.66825974
88 -1.4561969 3.4369726
55 -2.1139114 0.7516651
107 -2.0158691 0.88325983
99 -1.4022887 3.9174793
18 -1.92825 1.0292691
265 -1.3105307 3.397645
276 -2.046081 0.7783805
170 -2.0091991 0.8711447
27 -3.5864794 -1.6482279
31 -1.4058324 3.517409
65 -3.4562924 -1.5677502
229 -1.8989922 1.2619522
12 -1.9780471 0.8836027
29 -3.6898685 -1.743169
115 -1.4595226 4.0256443
291 -1.9677061 0.8433064
280 -2.0342808 0.8335739
255 -1.9380072 1.0419754
219 -3.7078097 -1.6750618
193 -3.7668715 -1.9208324
206 -3.2439368 -1.3475121
195 -1.4316939 3.1595294
147 -2.1103883 0.6831804
133 -3.1643682 -1.2360995
199 -1.936342 1.1422068
102 -2.0273044 0.8452888
140 -2.0630176 0.7607184
24 -1.4554625 3.5762703
14 -3.4677463 -1.5669514
15 -1.9233036 0.96807516
242 -1.9747075 0.9887711
252 -2.1755788 0.42005262
52 -1.9607364 0.9199084
75 -3.5173275 -1.5697656
177 -2.0561547 0.83122677
149 -2.0338147 0.75759304
0 -1.4134164 3.1579657
89 -1.8903569 1.2539032
269 -3.2035394 -1.3710841
28 -3.4487453 -1.4785866
47 -1.3883595 3.0965245
127 -1.9678609 0.91254824
105 -3.3700523 -1.3831717
114 -2.1537886 0.590393
131 -3.5004327 -1.5804163
256 -2.076645 0.70662785
5 -1.9613864 0.9330539
16 -3.7370849 -1.7145556
111 -3.607594 -1.6565176
165 -3.4239 -1.5706612
259 -3.8037915 -1.8069335
176 -1.4341964 3.6160474
204 -3.5382986 -1.5865765
270 -3.6862352 -1.74177
1 -3.558166 -1.615226
26 -1.3639512 3.1724453
37 -3.7206082 -1.8129748
86 -3.48569 -1.5276052
96 -1.4121814 3.5885406
166 -1.4499934 3.7883232
279 -2.1607032 0.56900233
201 -2.038548 0.7146744
232 -3.8116195 -1.7735888
23 -2.0078409 0.89323205
61 -2.0982215 0.6471667
30 -1.445116 3.699918
58 -3.6304862 -1.6896123
63 -1.9541184 0.9778495
117 -2.041765 0.74663013
163 -2.113018 0.73025745
175 -2.0639608 0.69491345
9 -2.0790076 0.83234966
10 -1.403997 4.083937
275 -2.1303546 0.5828847
39 -2.045534 0.75273126
41 -1.4467871 4.066916
51 -3.4759398 -1.5814061
124 -1.4946915 3.9598458
126 -1.9959071 0.87464434
241 -2.0348234 0.80063033
192 -3.5210798 -1.5678058
282 -2.1465585 0.5615934
297 -1.5163625 3.7463515
77 -1.4434357 2.898725
283 -1.465036 3.7010164
56 -2.023735 0.9005552
78 -1.4487252 3.9447267
159 -1.3917569 3.6211183
243 -2.0252671 0.8791521
194 -2.03557 0.8915545
180 -2.0830178 0.614903
228 -2.0180364 0.906269
230 -1.4342602 3.1523216
250 -3.9194405 -1.9374032
258 -2.0752256 0.71478283
151 -1.9403704 0.9673329
271 -1.4095583 4.179892
34 -1.9856769 0.9649935
67 -1.4549466 3.4024594
162 -1.9798113 1.0842773
185 -3.8741639 -1.8663526
261 -3.2240176 -1.2902378
148 -3.7835276 -1.8352853
274 -1.9812958 0.9579449
137 -1.4086163 3.6403399
251 -1.396893 3.656791
120 -3.155732 -1.2337841
97 -2.1143 0.6918356
223 -4.19002 -2.2856956
211 -1.9789361 0.8519843
240 -2.1115801 0.56151575
134 -1.9896417 0.95769787
189 -1.3965063 3.636332
205 -1.4784628 3.1000803
253 -2.0124168 0.9637314
139 -3.744843 -1.8725916
246 -1.4166179 3.8745162
21 -1.3937339 3.390342
225 -1.4329488 3.547632
128 -2.0969732 0.7430948
150 -2.2436934 0.34206715
43 -2.017603 0.8676066
248 -3.9158208 -1.9603909
221 -3.5356634 -1.5758915
92 -1.4610637 4.4452553
100 -1.4511106 3.941504
116 -1.4586312 3.589322
190 -1.9985434 0.9072872
272 -1.4628689 3.2496998
299 -1.3674439 3.8196504
220 -3.6142063 -1.7673582
143 -1.3579814 3.5750794
54 -3.7475195 -1.76114
71 -2.0714548 0.65047145
62 -3.708626 -1.7035229
59 -3.3943777 -1.5138068
260 -4.0975056 -2.0968044
87 -2.0067122 0.82068783
91 -1.870522 1.2860215
104 -2.0327559 0.8390554
289 -3.555206 -1.5860773
183 -1.9516581 0.9564138
233 -2.069479 0.69950914
247 -1.4199164 3.4187734
216 -3.5293653 -1.6692361
3 -1.3497977 3.6805713
179 -1.4902793 3.710632
214 -2.1001587 0.63594455
281 -2.100857 0.6275785
35 -2.0806234 0.5980809
42 -1.4303818 3.9883735
50 -3.0439901 -0.981162
66 -1.4036688 3.8719316
84 -1.4726117 3.439459
267 -3.2135258 -1.3353182
123 -1.4540801 3.6959448
136 -3.9575708 -1.9809111
208 -3.7812095 -1.8354276
226 -1.4177234 3.6941235
238 -1.4418188 3.8058627
284 -3.8851287 -1.9490466
8 -1.9669057 0.8792945
293 -2.0926626 0.6850965
49 -1.9532677 0.9983969
25 -3.640858 -1.6909245
98 -3.2858849 -1.361001
48 -3.7367918 -1.6875397
68 -1.3722018 3.6869712
80 -1.4191844 3.8142028
152 -3.6061718 -1.6003157
277 -1.9712253 0.9523612
158 -1.3953854 3.652882
40 -3.413651 -1.482179
11 -2.1320417 0.60459596
288 -3.6583161 -1.7916604
186 -2.0587988 0.87371355
60 -2.1666267 0.6366722
79 -3.6470616 -1.7250128
82 -3.4550562 -1.5477198
90 -3.3632166 -1.4645218
217 -1.3688121 3.5869267
169 -1.3945266 3.6225057
106 -1.4698905 3.349796
287 -3.8874846 -1.9965924
122 -1.357882 3.9883907
263 -2.0516918 0.8247813
157 -3.4040434 -1.4591825
236 -1.4070362 3.2049804
45 -1.4713206 3.6543095
46 -1.3532511 4.239752
278 -1.4515542 3.6320353
36 -1.4580454 4.0647583
294 -3.7190292 -1.6950804
218 -1.9420376 1.0524007
292 -3.4871998 -1.6002682
64 -3.4774575 -1.5121899
81 -1.4238925 3.9362025
95 -3.866842 -1.9989959
160 -3.6297388 -1.7794551
234 -2.0004108 0.95622444
222 -3.77788 -1.7898972
4 -1.4209621 3.8934875
53 -1.4062709 3.5086951
146 -3.7432313 -1.7741174
161 -1.9116007 1.0758128
196 -1.4464265 3.6739674
69 -1.4142153 3.4290364
73 -1.9449363 1.0290471
101 -2.0173626 0.8542732
109 -3.759328 -1.80451
167 -1.4388136 3.798411
144 -1.4206403 3.5109692
172 -3.4943905 -1.6269553
245 -3.4883912 -1.5833625
296 -3.6816938 -1.842853
2 -3.5726 -1.6381512
7 -1.4637443 3.5551438
235 -1.430113 3.8883612
13 -2.0360963 0.73816735
17 -1.4735523 3.8605993
295 -3.4441447 -1.4354697
237 -1.3965565 3.530882
191 -1.417183 3.7387269
72 -3.20669 -1.2466913
108 -2.016727 0.86440897
130 -1.5030471 3.6451645
285 -1.3972083 3.7778323
154 -3.8481245 -1.9599613
168 -3.5229232 -1.5998365
173 -2.0772696 0.9131639
198 -3.0459735 -1.1740978
181 -3.2680933 -1.4448441
138 -1.4265072 3.5244117
20 -1.4528364 3.5563889
239 -1.4124053 3.3181138
38 -1.4026757 3.7157595
210 -1.388363 3.5301597
182 -3.6994197 -1.7213914
110 -3.0661643 -1.1920452
145 -3.4752693 -1.4697006
231 -1.9424958 1.1050036
156 -1.4144322 3.5446181
286 -1.3960823 3.7479076
94 -1.9572934 1.0476587
57 -2.012005 0.78482175
178 -3.4065294 -1.3829864
188 -2.0970006 0.68035686
76 -1.4248716 3.8394601
200 -1.4650546 3.817893
83 -2.018979 0.8317308
141 -3.808608 -1.7978711
113 -2.0360384 0.7057497
227 -1.4450195 3.5503273
187 -3.924122 -1.9415133
202 -3.9574285 -1.9503945
273 -3.4901512 -1.4612522
184 -3.747847 -1.9097846
215 -1.4379882 3.698427
207 -1.4055207 3.9247122
85 -3.5611084 -1.6025363
264 -3.6225233 -1.6462839
125 -1.4792619 3.6423001
171 -1.9972421 0.9673057
244 -2.1413395 0.5372766
22 -1.4473727 3.7702773
153 -3.3689554 -1.3431622
132 -1.4757303 3.4249592
135 -3.4054294 -1.4384841
290 -1.4026732 3.392939
19 -1.4658045 3.299594
212 -1.4395969 3.9394293
155 -3.622697 -1.6619569
70 -1.4304065 3.6834247
119 -1.4410452 3.520089
224 -3.9122062 -2.021097
112 -3.6545444 -1.664339
254 -3.7874238 -1.8357022
121 -2.120205 0.61176753
268 -1.4012266 3.7688868
103 -1.3175014 3.8466082
257 -1.394461 4.0269885
118 -1.4028523 4.261334
164 -3.9223502 -2.0312278
203 -3.6005282 -1.6624092
44 -3.2195802 -1.3224972
266 -2.0528824 0.9194293
93 -1.3947673 3.8240774
74 -3.2337139 -1.2750158
142 -1.4716486 4.048134
262 -1.9741371 1.0251346
197 -1.3832806 3.7940998
32 -3.4656491 -1.5111032
249 -3.83549 -1.8648062
129 -2.0244412 0.8419043
