30 2
7 4.149347 3.2932947
29 4.684261 3.2683392
3 1.5780262 3.9654486
5 1.7648543 3.8275666
4 -2.049749 5.849032
14 -2.238758 5.968308
21 2.584078 3.7239535
20 -1.1978003 5.232141
23 -2.547209 6.1900406
2 -1.8174503 5.8094296
10 4.3705134 3.2653599
0 0.8492301 4.1954317
18 -1.2315677 5.1658463
26 5.3603454 3.085587
12 5.3021393 3.2297316
24 1.7770351 3.9238489
25 5.418469 3.181835
17 -1.7007245 5.62739
19 -2.5751941 6.3107743
6 5.1720366 3.1333485
15 6.0499783 3.2038116
11 1.3809327 4.0115905
1 5.7047815 3.1533613
16 1.065823 4.2266946
28 -1.6062742 5.433274
9 1.0499945 4.199757
13 2.4918137 3.7181444
8 -1.3409346 5.2599616
22 4.3888354 3.1282039
27 2.0199244 3.7802377
