30 2
22 3.9005604 1.3234061
28 5.796486 -2.756401
7 3.7108095 1.9896642
21 3.8243308 4.5149837
16 3.8371046 1.5677627
1 3.789765 5.0331697
10 5.2888885 -1.8228407
26 3.820495 1.9609066
4 3.9615905 0.89536726
19 5.433938 -2.114067
25 5.982082 -2.8770444
15 4.0742903 0.97324973
8 5.980465 -2.9221811
14 3.852789 1.7640622
17 4.0721774 0.9572519
27 3.9532301 5.828976
13 5.1813583 -1.7457947
23 6.557436 -3.677948
18 3.9346063 1.0886961
0 3.6750894 4.279939
9 3.7574277 4.4811406
3 3.746546 4.2803307
5 6.2097845 -3.08944
20 4.122525 0.51901513
6 5.990074 -2.9807942
2 4.0488234 6.233939
11 3.8926406 5.7363024
24 3.6880684 4.5556097
29 6.6228952 -3.6871173
12 4.0325537 6.194574
