30 2
21 3.4124248 4.781402
20 4.0815635 0.85083836
1 3.4121385 5.228332
16 3.919792 1.6797433
8 6.093075 -2.3788567
22 3.6610038 1.7774006
10 5.3414874 -1.3981826
7 3.5839632 2.1728525
15 3.970912 1.2418514
25 6.2167244 -2.505596
14 3.7707398 1.897288
4 3.9749858 1.0148929
28 5.970039 -2.3014305
3 3.397703 4.3853006
26 3.6072826 2.3110948
17 3.903916 1.374622
23 6.8410206 -3.3213608
18 3.8112977 1.3240633
19 5.302052 -1.4897405
11 3.5244079 6.090698
27 3.4672406 6.174298
2 3.679228 6.503676
24 3.3982153 4.7341795
6 6.3186903 -2.6444423
0 3.463452 4.7277346
13 5.452146 -1.5787431
12 3.6451352 6.4379306
5 6.3576674 -2.7140267
29 6.930018 -3.2089064
9 3.4758718 4.662834
