30 2
21 3.378319 4.752808
22 3.7765346 1.6168567
14 3.737706 1.9865392
1 3.3739562 5.3941507
7 3.6390762 2.167573
13 5.595489 -1.6572949
10 5.364561 -1.3626459
4 3.9850547 1.1830455
28 6.0194316 -2.3087773
25 6.1068797 -2.3489377
16 3.7878017 1.7234246
17 3.989869 1.3400685
23 6.8449035 -3.2084672
27 3.4066274 6.275928
15 3.9441516 1.4542819
8 6.045977 -2.201738
19 5.4606586 -1.6065824
6 6.288747 -2.5324407
12 3.43687 6.5317106
29 7.0097547 -3.1324136
26 3.6312013 2.1685743
11 3.4559896 6.0161386
2 3.5145683 6.551067
3 3.328022 4.544675
24 3.348873 4.761532
20 4.058041 0.8980251
5 6.4583654 -2.589392
0 3.2957325 4.752578
18 3.8891451 1.2810295
9 3.3586347 4.8897386
