30 2
10 5.375439 -1.203159
4 3.9823499 1.1319352
22 3.6567383 1.8223873
20 4.0336747 1.0756363
17 3.880855 1.3601027
7 3.5348876 2.2035348
21 3.2629907 4.927989
8 6.161176 -2.2276742
13 5.504775 -1.4226863
16 3.6424088 2.011649
14 3.6102767 2.125585
0 3.20332 4.820272
26 3.4942522 2.3850558
1 3.2826545 5.388524
15 3.8878992 1.5394421
27 3.2411776 6.210807
28 6.057425 -2.126694
29 7.1746974 -3.1159985
6 6.4066343 -2.370876
2 3.41495 6.6282763
23 6.952458 -2.9847195
25 6.2257557 -2.2167404
19 5.5585375 -1.5771585
12 3.3714867 6.506311
18 3.7578616 1.4429663
3 3.293263 4.618065
24 3.286011 4.8698907
11 3.265141 6.0489345
9 3.2296479 4.7991853
5 6.485114 -2.5135882
