300 2
236 -1.4478304 2.9942179
175 -2.0048306 0.80456513
129 -2.002229 0.82893956
87 -2.040674 0.6911017
243 -2.0074518 0.8668869
6 -2.1966348 0.42257774
219 -3.5718842 -1.7123704
249 -3.7854235 -1.8849539
48 -3.68239 -1.7594025
127 -1.9849265 0.7796782
81 -1.4571911 3.4019191
10 -1.4763123 4.1024284
23 -1.9526175 1.062734
292 -3.714056 -1.8089331
115 -1.47666 3.984464
18 -2.0057008 0.7428522
241 -2.0389197 0.6624779
194 -2.0111182 0.8207356
59 -3.6954513 -1.8256317
101 -2.0136786 0.85229003
4 -1.5669922 3.7038496
9 -2.0992727 0.53191084
52 -2.1430337 0.54420656
27 -3.7866662 -1.8989886
269 -3.4344833 -1.6022165
290 -1.4646953 3.1582942
114 -2.0851946 0.58621794
158 -1.4734885 3.4525661
222 -3.7289956 -1.8484436
180 -2.1702695 0.40907496
7 -1.5054634 3.3331027
11 -2.1950774 0.4209448
29 -3.6815126 -1.7667911
67 -1.525968 3.8707702
34 -1.9999394 0.8334907
134 -1.9590609 0.9695483
255 -2.0125391 0.8376499
96 -1.468979 3.692304
140 -2.1302338 0.5063319
20 -1.504763 3.395395
151 -1.995885 0.7446964
84 -1.5557562 3.6653452
135 -3.4622064 -1.5726671
8 -2.026958 0.7979097
258 -2.1019187 0.57791835
105 -3.2406747 -1.405191
75 -3.443168 -1.5791768
66 -1.4481015 4.1374693
117 -2.002058 0.81689936
120 -3.4977903 -1.6641338
123 -1.5254446 3.7408075
124 -1.5389856 3.858324
282 -2.1548283 0.40787053
262 -2.1528423 0.54893243
12 -2.051359 0.885458
80 -1.4126514 3.4859226
51 -3.374703 -1.3847108
291 -1.9215081 0.97814745
167 -1.3981128 3.211503
280 -2.0044324 0.780539
131 -3.3610992 -1.4026659
256 -2.207969 0.3406801
165 -3.3759017 -1.5039527
3 -1.4767 4.1478734
203 -3.7065506 -1.9055921
49 -2.0346124 0.75763583
58 -3.4213836 -1.5361298
62 -3.5392587 -1.7928407
94 -1.9988017 0.8706751
217 -1.5050447 3.56948
133 -3.2665305 -1.400399
215 -1.4399946 3.5068085
246 -1.4998642 3.759456
211 -2.1141634 0.50214285
33 -1.9618403 0.8039029
44 -3.2280889 -1.3069632
224 -3.4903245 -1.5888102
295 -3.2483168 -1.382666
238 -1.5470335 3.6259232
118 -1.4397646 4.10612
259 -3.4095964 -1.6090887
267 -3.3111227 -1.4225903
201 -2.0676095 0.605209
242 -2.082993 0.71006286
233 -2.121564 0.6013269
0 -1.4949689 3.3923013
5 -1.9064885 1.0565898
15 -1.9652219 0.90584207
53 -1.4843038 3.18857
47 -1.4233876 3.2194235
69 -1.4878516 3.3366053
190 -1.9642937 0.92736906
218 -1.9626675 0.67517084
220 -3.5456893 -1.6172308
122 -1.5184505 3.958829
89 -1.9591695 0.9824942
252 -2.1863897 0.43875232
83 -2.0547562 0.7373258
128 -2.0025518 0.8217118
22 -1.4409225 3.5641177
179 -1.5318878 3.488379
55 -2.148654 0.5845461
56 -1.9982281 0.72560126
261 -3.5382466 -1.672562
216 -3.643321 -1.7444165
166 -1.4546214 3.840458
141 -3.715145 -1.8426052
161 -1.9472353 0.9541064
229 -1.9519433 0.9909493
275 -2.0811243 0.7192522
294 -3.6510205 -1.7059056
237 -1.4705546 3.7399862
111 -3.369734 -1.416432
16 -3.7014244 -1.8912916
271 -1.5603412 4.139528
21 -1.5394686 3.5420465
109 -3.738932 -1.8201208
286 -1.4288455 3.8201091
138 -1.5487248 3.74398
148 -3.676396 -1.7338104
155 -3.7332933 -1.8767797
189 -1.5091472 2.9026117
199 -2.0954502 0.7377908
221 -3.6416705 -1.758862
227 -1.4709744 3.4367146
253 -2.0835137 0.6681625
265 -1.5041285 3.352033
2 -3.4765346 -1.5885355
287 -3.6247644 -1.7647606
108 -1.9482894 1.0220512
25 -3.7916212 -1.8670137
181 -3.3019378 -1.3298774
126 -1.9647486 0.91827685
31 -1.4824051 3.5259757
197 -1.460808 3.8270514
98 -3.5561757 -1.7424003
70 -1.4536326 3.7254794
206 -3.4180846 -1.5352743
77 -1.4773109 3.4012187
82 -3.557156 -1.7179943
86 -3.4075441 -1.5869261
97 -2.127665 0.4927494
156 -1.5299486 3.4408529
214 -2.0241416 0.9102757
283 -1.5114369 3.76806
132 -1.4888476 3.5897293
205 -1.4229326 3.3371594
73 -1.9281944 1.0709885
251 -1.431795 3.5751202
234 -1.9048219 1.1325144
137 -1.4969467 3.738127
298 -1.9540112 0.94537663
28 -3.5501084 -1.7108309
54 -3.7611759 -1.9086214
32 -3.4390662 -1.5953207
38 -1.5308887 3.387164
61 -2.0540206 0.7298905
270 -3.5951588 -1.6386039
195 -1.4898516 3.678385
159 -1.4785546 3.5642111
228 -2.042746 0.77209616
212 -1.5502982 3.8820384
154 -3.5133913 -1.6255463
204 -3.5920994 -1.7352015
281 -2.0709734 0.6483656
210 -1.4830953 3.6018639
225 -1.5277604 3.300564
263 -2.0899446 0.56884164
279 -2.0554004 0.7692066
76 -1.6152128 4.124392
285 -1.534715 4.1364975
26 -1.4594204 3.3118691
36 -1.493796 3.6522155
40 -3.7135644 -1.8307979
276 -2.118348 0.6569998
198 -3.146838 -1.2983136
63 -2.0765567 0.6185153
147 -2.0789015 0.66875654
93 -1.4552469 3.573517
107 -2.045053 0.7657112
184 -3.8833604 -1.9798235
192 -3.4819977 -1.7434462
200 -1.509456 4.0089054
297 -1.5018473 3.5790532
78 -1.4927505 3.2945473
57 -2.0404701 0.73177063
150 -2.1264427 0.5253071
176 -1.4381992 3.3300653
112 -3.6271162 -1.7304353
153 -3.386551 -1.5019487
42 -1.5296013 3.854058
164 -3.8558693 -2.059583
264 -3.7359145 -1.8895237
79 -3.6902592 -1.7960957
90 -3.1479836 -1.3375047
139 -3.7339709 -1.9325621
178 -3.3161407 -1.5506887
231 -1.9798772 1.0205479
284 -3.3321 -1.4842389
17 -1.530176 4.0565844
71 -2.0355403 0.75721335
43 -1.9632618 0.97988486
88 -1.5376102 3.596274
143 -1.5110855 3.1044538
100 -1.5182307 4.058141
188 -2.106303 0.60926014
142 -1.4881094 3.8960857
254 -3.7579012 -1.8852396
119 -1.5004456 3.698817
136 -4.0306196 -2.05764
163 -2.1378477 0.637138
168 -3.8437219 -1.9261668
213 -2.0907602 0.6021573
157 -3.4935865 -1.6301123
248 -3.6870158 -1.824227
35 -2.0199482 0.83237356
37 -3.6384861 -1.7969533
130 -1.5191114 3.753694
182 -3.4080489 -1.5427146
299 -1.4208957 3.5790863
102 -1.9605329 0.984563
103 -1.506022 3.8125224
209 -3.3175323 -1.4701111
183 -2.0778766 0.6911065
125 -1.5198088 3.3517556
144 -1.5378636 3.727697
146 -3.8477314 -1.7698337
149 -2.1747017 0.49576536
162 -1.9764909 0.9015871
196 -1.4825163 3.8346338
235 -1.5054404 3.6124308
277 -1.8998071 1.0868037
293 -2.106405 0.60134614
232 -3.7404218 -1.9232665
226 -1.5061682 3.9261904
104 -1.9288622 0.9890211
245 -3.628007 -1.7703545
121 -2.155397 0.4441665
268 -1.5208106 4.2867393
257 -1.532267 4.073828
187 -3.4692283 -1.6463318
240 -2.1987188 0.5018482
223 -3.7915113 -1.9648291
250 -3.6295097 -1.7009711
19 -1.5196948 3.880834
30 -1.4685138 3.7791016
24 -1.5029469 3.3793116
272 -1.4672091 3.046952
173 -2.0758579 0.6980521
46 -1.5500066 4.292354
13 -2.0339801 0.74379236
247 -1.4537824 3.5016468
230 -1.4751004 3.0275483
39 -2.023427 0.68663377
45 -1.4836053 3.5586832
95 -3.5753796 -1.7026069
177 -2.0226707 0.80121267
202 -4.2723546 -2.2824333
145 -3.7232726 -1.8506867
191 -1.5097499 3.8849738
85 -3.441621 -1.5149796
92 -1.5517218 4.431257
170 -1.9682772 0.8706633
174 -2.0308301 0.73315233
185 -3.4978962 -1.6884233
260 -3.8933299 -2.0277493
266 -2.0931802 0.7367304
106 -1.469381 3.2141974
60 -2.0340421 0.81648016
64 -3.6851368 -1.7277228
288 -3.5334096 -1.6695194
208 -3.2637246 -1.3942398
186 -2.009531 0.8050364
207 -1.4288214 3.3920815
72 -3.0612104 -1.1332582
68 -1.4620587 3.515081
74 -3.2082992 -1.3831922
91 -1.955502 1.0169154
113 -1.9695843 1.0560986
273 -3.308107 -1.4711009
296 -3.534553 -1.6360182
41 -1.5101932 4.021461
193 -3.5598848 -1.7134657
171 -1.988169 0.92280704
1 -3.6159468 -1.7941835
50 -3.3426313 -1.4180818
278 -1.5291597 3.634925
169 -1.4774169 3.8752673
65 -3.458032 -1.6170285
110 -3.1964152 -1.3418244
172 -3.5585034 -1.7491552
274 -2.0174036 0.7800076
152 -3.6087039 -1.8251276
14 -3.3670254 -1.5408437
99 -1.4967818 3.7546403
116 -1.4766462 3.6377966
244 -2.069142 0.74494624
160 -3.5092819 -1.6596003
289 -3.585033 -1.7433504
239 -1.5256957 3.4519796
