30 2
1 3.387879 5.2054443
7 3.5513363 2.1687508
26 3.6639047 2.252599
16 3.8593397 1.5941932
23 6.8753376 -3.3257036
8 6.1559796 -2.394666
14 3.7469492 1.9155837
21 3.3834472 4.795015
22 3.7311008 1.8068653
4 3.9797106 1.0187045
10 5.3971753 -1.3752098
15 3.8868258 1.2942135
27 3.4708323 6.1290317
6 6.2362986 -2.648298
28 5.9225664 -2.354019
20 4.073826 0.9723849
24 3.3729372 4.7582083
25 6.2717934 -2.359592
19 5.3479147 -1.4542854
13 5.3968945 -1.524784
9 3.4275527 4.722373
17 3.9581492 1.365024
11 3.4589155 6.080502
2 3.6794589 6.512665
29 6.976917 -3.1670964
0 3.380066 4.656551
12 3.6545048 6.43744
18 3.8565648 1.3458521
3 3.3246272 4.4547124
5 6.427443 -2.6075954
