30 2
25 6.438036 -1.7924595
22 3.6036513 2.0219297
14 3.490729 2.2499855
16 3.5999498 2.1096387
12 2.9567947 6.731368
19 5.708976 -1.1575897
8 6.3897905 -1.8164274
1 2.796605 5.610532
3 2.9203827 4.61081
17 3.6647544 1.8920388
26 3.3879905 2.6120343
28 6.1286826 -1.5899752
4 3.751057 1.5180217
7 3.3652515 2.5441947
27 2.8024826 6.4222193
13 5.5938897 -0.96195346
20 3.9895213 1.246548
0 2.9267573 5.018148
5 6.669065 -2.035712
2 2.9802794 6.9486904
15 3.736563 1.8891473
29 7.3230534 -2.483787
21 2.903809 5.087155
10 5.497118 -0.9016036
24 2.8930597 5.012911
11 2.870412 6.168622
23 6.98778 -2.4145615
18 3.6799746 1.6650037
6 6.445535 -2.0258539
9 2.9296937 5.0311613
