30 2
21 3.3654552 4.7451434
6 6.335849 -2.5467448
1 3.3993974 5.34636
16 3.7971988 1.8476428
26 3.5859427 2.2683241
12 3.40719 6.486076
22 3.782822 1.6365848
25 6.1369467 -2.320805
8 6.0408387 -2.205546
28 6.0435486 -2.3010082
10 5.3811665 -1.3873104
23 6.9206495 -3.2026176
18 3.8408353 1.3280215
19 5.4908295 -1.4705863
0 3.2224956 4.75844
3 3.3353179 4.5455103
15 3.89589 1.528762
4 3.997271 1.1676109
7 3.5693185 2.2856524
11 3.4255934 5.9759803
14 3.69811 2.1005993
29 6.9945445 -3.1953027
17 3.9668913 1.3942273
13 5.6053443 -1.6417698
20 4.052022 0.96420825
27 3.4011095 6.2306323
24 3.294019 4.776998
2 3.5245984 6.5923176
5 6.4597726 -2.5511975
9 3.2707398 5.0108876
