30 2
20 -1.224754 5.3113246
14 -2.1594822 6.1687403
4 -1.8345695 5.820754
29 4.7598724 3.153477
1 5.715916 3.0695243
3 1.591112 3.9215822
18 -1.0264245 5.0533333
5 1.8820367 3.7918117
7 4.3394856 3.1634033
25 5.389408 3.0488856
24 1.9424814 3.8953114
15 5.9362316 3.0267863
23 -2.3141804 6.27089
21 2.674306 3.5999787
2 -1.8117747 5.8741436
11 1.3252039 4.092198
8 -1.2439731 5.366428
0 1.0577805 4.1505823
22 4.3733644 3.095593
6 5.306343 2.9853804
9 1.1546357 4.177241
10 4.5646114 3.1231377
13 2.554083 3.6139631
16 1.2441529 4.1416445
26 5.449997 2.9576511
12 5.427914 3.0604157
28 -1.5103761 5.495812
27 2.1224158 3.7180674
17 -1.5324873 5.609024
19 -2.431094 6.384776
