30 2
21 2.990302 4.994873
22 3.5970235 1.901887
16 3.64375 1.9988354
20 3.9472828 1.1868476
10 5.403024 -0.884744
8 6.393686 -1.7686694
28 6.2167273 -1.7851454
17 3.7500412 1.8111337
19 5.6644025 -1.1115386
1 2.8759534 5.6200438
25 6.38484 -1.8268096
4 3.848209 1.4802837
11 2.9069343 6.2373075
18 3.644171 1.6504942
24 3.006557 4.9688644
6 6.379771 -2.0542204
14 3.5232687 2.3801854
26 3.3395116 2.5960264
27 2.8680184 6.4243813
3 2.9482448 4.6408296
12 2.9118223 6.719905
13 5.458755 -1.0013376
23 7.012671 -2.4545684
15 3.7745008 1.856497
2 2.9844632 6.910049
29 7.233034 -2.4948533
7 3.3921955 2.5150898
0 2.8657956 4.945872
5 6.722119 -2.160884
9 2.9075687 5.05587
