30 2
25 5.6644564 2.8161287
14 -1.8613183 6.167728
7 4.379549 2.944749
29 4.778341 3.056429
21 2.8453813 3.6223872
3 1.8582755 3.8627746
2 -1.4261113 5.8450513
10 4.5617185 2.994381
23 -2.142814 6.405093
18 -0.7886995 5.2002153
4 -1.6295676 5.844367
1 5.879327 2.8530347
24 1.8976412 3.8335006
5 2.1678205 3.5908566
20 -0.9317328 5.2953143
26 5.5609903 2.7214115
0 1.165576 4.0868917
17 -1.440317 5.7867723
8 -1.1130197 5.4070487
28 -1.2345012 5.4953566
22 4.414032 2.9708796
15 6.065944 2.8220785
11 1.4433671 4.062523
19 -2.2325459 6.3181267
13 2.9555426 3.4716983
9 1.3435941 4.154154
6 5.34653 2.7668595
12 5.4856224 2.8613036
27 2.3498085 3.6982555
16 1.3847384 4.1461115
