30 2
7 3.7949493 3.7468271
6 4.9162183 3.769971
12 4.7135053 3.889127
3 1.0771424 4.1199937
0 0.30220968 4.22623
2 -2.6695232 5.5934315
23 -3.1330585 5.7712703
5 1.1153997 4.024352
29 4.135959 3.931764
26 4.986538 3.7766426
4 -2.7480373 5.4818563
14 -3.0130007 5.648999
24 1.4281102 4.0370574
1 5.3046045 3.8794324
20 -2.0853755 5.0749106
22 3.94155 3.6723983
18 -1.9407443 5.0557094
21 2.1369019 4.0708733
25 4.8456264 3.9540694
17 -2.5530026 5.404104
11 0.88780195 4.151886
15 5.1779213 4.0010405
13 2.2440436 3.9088569
8 -1.9767652 4.9912663
16 0.49563536 4.317047
9 0.41398817 4.327127
10 3.9838815 3.880703
28 -2.387674 5.1621866
19 -3.2693038 5.8812175
27 1.4229058 4.0845394
