300 2
174 -2.0764794 0.60775435
225 -1.4732043 3.4781034
4 -1.4895772 3.589419
11 -2.118155 0.57052815
201 -1.98662 0.97597986
94 -1.9338716 0.8650954
107 -2.0516663 0.8157063
7 -1.4145074 3.264175
108 -1.9966879 1.0118619
17 -1.5479537 4.047707
83 -2.1201212 0.6254946
131 -3.565949 -1.6173748
18 -1.8979421 1.0130639
203 -3.595938 -1.6880499
231 -1.9189262 1.0446495
194 -2.0462563 0.72154063
282 -2.0768335 0.71562743
6 -2.0526462 0.62355906
16 -3.8463504 -1.9479376
291 -2.0221486 0.7720168
44 -3.0450907 -1.0890385
205 -1.4852107 3.4801476
218 -1.9537176 0.9286675
256 -2.1056914 0.6455843
89 -1.9252027 0.9253114
100 -1.594041 3.9065094
211 -2.0195084 0.77294856
101 -1.9938271 0.81529796
229 -1.9845839 1.0186425
170 -2.0966656 0.6667579
58 -3.573736 -1.6442617
67 -1.445345 3.5923622
195 -1.4498849 3.51447
139 -3.9980211 -2.1253562
114 -2.1059282 0.5527935
120 -3.2524889 -1.3509433
219 -3.9316618 -2.0181198
8 -2.0415282 0.7052468
23 -2.0026286 0.8197342
152 -3.5582445 -1.620172
127 -2.0990388 0.65496516
269 -3.3860176 -1.531008
192 -3.3008676 -1.3719362
283 -1.4894888 3.661114
292 -3.5964441 -1.6232457
164 -3.7664666 -1.8503078
198 -3.2836554 -1.3811128
241 -1.9911988 0.8274101
202 -4.135601 -2.3029037
294 -3.7059655 -1.7369883
3 -1.5430613 3.8021843
274 -1.9246643 0.9808565
25 -3.8471408 -2.034942
45 -1.4352127 3.3999445
56 -2.052303 0.6069816
149 -2.0178258 0.82071894
63 -2.080035 0.67342794
61 -2.2204728 0.51134026
270 -3.5173912 -1.5230999
130 -1.4462881 3.9065952
132 -1.4333814 3.2184324
133 -3.4565563 -1.4914174
30 -1.4581705 3.8322344
265 -1.4525017 3.3060138
158 -1.4794228 3.883719
40 -3.4422827 -1.6047884
246 -1.4915109 4.225807
144 -1.525873 3.5265455
76 -1.447599 3.5893855
81 -1.4574201 3.5788555
200 -1.5015141 4.13531
252 -2.0956247 0.58597624
115 -1.4447308 4.0474653
65 -3.5179713 -1.575331
227 -1.4663 3.3193202
140 -2.2070122 0.5019026
151 -1.9802282 0.77802724
238 -1.4933766 4.0322037
9 -2.0275664 0.84356606
42 -1.4508104 3.7289257
236 -1.4988211 2.9353628
68 -1.513263 3.5036836
105 -3.1882699 -1.2798129
276 -2.04236 0.64278036
234 -2.00848 0.8106086
208 -3.6243508 -1.6685973
240 -2.1972837 0.2787977
196 -1.5264055 3.8518455
79 -3.601249 -1.7171665
166 -1.5494496 3.6075377
47 -1.4739621 3.3445907
162 -2.0314734 0.82181585
187 -3.6250918 -1.7220277
134 -1.9243371 0.9265432
204 -3.626352 -1.7837298
13 -2.0784464 0.73495287
235 -1.5423992 3.6620786
288 -3.5467257 -1.6988169
183 -1.9676746 1.0409416
156 -1.5137849 3.4499273
207 -1.5526022 4.1198707
113 -2.0783417 0.79835397
154 -3.890806 -1.9741864
155 -3.9622948 -2.1124868
163 -2.1351826 0.5785586
286 -1.4693683 3.8313441
175 -1.977102 0.82087713
237 -1.4870926 3.7748666
253 -1.9327407 0.9331859
258 -2.1200767 0.53922033
121 -2.0827596 0.6635611
62 -3.459287 -1.5646957
75 -3.5534031 -1.6719509
161 -2.0887306 0.67616695
35 -2.1069365 0.6329507
92 -1.556724 4.145054
41 -1.4651663 3.9235225
299 -1.4807657 3.6587455
95 -3.9760933 -2.146753
159 -1.5043306 3.7842925
230 -1.4769673 3.225117
157 -3.6238685 -1.7084482
199 -1.9814194 1.0599164
298 -1.9989977 0.8616947
247 -1.4892349 3.191745
210 -1.4788398 3.515828
86 -3.4695544 -1.4150573
88 -1.4853771 3.6573403
66 -1.4825901 4.1646657
64 -3.5255089 -1.7397283
167 -1.5085329 3.4663212
126 -1.9772537 0.745721
189 -1.5281707 3.334201
147 -1.9754604 0.79030377
293 -2.1358528 0.5884809
273 -3.416337 -1.5020363
277 -1.9246118 1.0393142
99 -1.4735303 3.479572
280 -2.056012 0.77403194
55 -2.1119988 0.6408687
279 -2.0479252 0.7806042
172 -3.402987 -1.4943415
129 -2.1025016 0.67785054
82 -3.3029494 -1.3999624
179 -1.494128 3.5257833
87 -2.04365 0.7293204
135 -3.3935897 -1.4626416
232 -3.6924286 -1.7497687
259 -3.4101105 -1.5457888
177 -2.120405 0.6871438
248 -3.838691 -1.8357289
295 -3.3898952 -1.4426174
297 -1.4902481 4.0585523
262 -2.152453 0.47704738
22 -1.375811 3.5302088
226 -1.5031208 3.9105322
169 -1.5030998 3.6465876
50 -3.086566 -1.1076895
289 -3.6319351 -1.7355125
54 -3.6784422 -1.7357599
69 -1.4478513 3.724647
250 -3.5363328 -1.6583778
216 -3.6481016 -1.6731558
102 -1.9654416 0.8708015
93 -1.5034356 3.4341428
145 -3.8190432 -1.8349795
263 -2.0381932 0.7751057
296 -3.6298978 -1.7100269
0 -1.5027633 3.6403003
12 -1.9771043 0.8384399
15 -1.9815167 0.8669818
123 -1.5159602 3.5478048
80 -1.4411309 3.678812
168 -3.7693613 -1.8072345
124 -1.4932362 4.1220245
37 -3.781153 -1.9262172
43 -2.0496402 0.7972285
146 -3.7944055 -1.8208325
73 -2.0205243 0.836774
182 -3.496197 -1.6128064
150 -2.0505252 0.70838237
220 -3.3031907 -1.421312
141 -3.866285 -1.9365228
148 -3.6408207 -1.8111372
223 -3.9261034 -1.9654742
176 -1.4433515 3.5482209
180 -2.0902627 0.5861865
193 -3.6545973 -1.8074354
244 -2.0170622 0.7622118
53 -1.449722 3.563574
21 -1.4646931 3.6001978
222 -3.7977343 -1.8523941
34 -2.0136614 1.0406259
49 -1.9522532 0.98548144
228 -1.9754654 0.87200665
136 -4.0090733 -2.102238
97 -2.0496693 0.7347591
261 -3.6568773 -1.766139
268 -1.467638 4.111489
5 -1.9328681 1.0776502
14 -3.5155373 -1.7284412
36 -1.4177855 3.841175
217 -1.5057487 3.893167
112 -3.5977855 -1.6645633
197 -1.4830179 3.7300043
74 -3.4493575 -1.5611855
77 -1.4883814 3.186057
171 -1.988768 0.9757842
128 -2.086699 0.6063275
117 -1.994613 0.8608309
206 -3.402657 -1.4348359
98 -3.4303045 -1.499824
271 -1.5124542 3.8171659
116 -1.5960501 3.7305484
138 -1.5048162 3.4825184
181 -3.3630366 -1.3838506
284 -3.522938 -1.6230456
275 -2.0866826 0.72043264
191 -1.5331364 3.6673465
287 -3.9749224 -2.1204624
10 -1.5094433 3.8777902
32 -3.4457788 -1.4896506
28 -3.6290567 -1.7166836
29 -3.4956546 -1.5752274
31 -1.4733658 3.7139153
46 -1.5087308 4.288906
243 -1.9616162 1.0539895
70 -1.454271 3.7933536
173 -2.0625663 0.731522
213 -2.055414 0.600194
242 -1.9560646 0.84358287
186 -1.9859166 0.9908709
224 -3.6892316 -1.8625034
209 -3.3215156 -1.3775654
27 -3.4607842 -1.5647985
214 -1.9412748 1.0255882
52 -1.9755899 0.86327016
59 -3.4502962 -1.6016676
91 -1.9836287 1.0420258
104 -1.9961321 0.70827234
122 -1.4574603 3.8722854
251 -1.4819148 3.764943
178 -3.2984262 -1.5177145
233 -2.016756 0.87755126
221 -3.5532877 -1.6091077
19 -1.4701707 3.5374749
24 -1.5105196 3.7819703
39 -2.0492978 0.6802259
71 -1.9140567 0.98501635
72 -3.093878 -1.1304766
110 -3.3837855 -1.4410956
290 -1.4863161 3.1962376
285 -1.4432154 3.9041784
1 -3.6432972 -1.7159319
106 -1.4952065 3.1896498
142 -1.477695 3.9040887
85 -3.627187 -1.6740713
239 -1.4661732 3.736148
212 -1.4859171 3.7394874
281 -2.0329013 0.7176132
2 -3.3841205 -1.391188
272 -1.4333869 3.188891
190 -1.9223031 1.0410355
33 -1.9540386 1.0226551
255 -1.9900928 0.88847876
160 -3.633424 -1.7674906
57 -2.052181 0.6766395
96 -1.4598253 3.8483815
137 -1.4844792 3.3170938
278 -1.4602976 3.7586935
153 -3.5986 -1.8277553
51 -3.509932 -1.6671172
60 -2.1147754 0.6044322
118 -1.5297846 3.9191723
143 -1.4141502 3.2738655
267 -3.3370776 -1.485079
245 -3.544336 -1.6332353
185 -3.6060255 -1.7361014
26 -1.4328471 3.2265995
257 -1.5633283 4.0941167
78 -1.4428717 4.0568657
266 -1.9244711 0.9706787
111 -3.6683297 -1.8015946
119 -1.4964418 3.51663
165 -3.7503908 -1.8722923
184 -3.5777428 -1.6660825
38 -1.5179808 3.591479
48 -3.775319 -1.8889544
264 -3.9131782 -2.020975
215 -1.4992782 3.5577703
254 -3.773311 -1.7971281
260 -4.089458 -2.2861786
20 -1.4774755 3.8583713
84 -1.4834706 3.4269233
109 -3.7865767 -1.9436325
125 -1.5192248 3.0333567
188 -2.1222749 0.65570503
103 -1.4835461 3.8075073
249 -3.6174548 -1.7171551
90 -3.4105668 -1.5475038
