30 2
1 3.4257526 5.1863565
22 3.7507977 1.8373384
10 5.4443297 -1.4578581
25 6.171011 -2.4545364
16 3.8626063 1.5781586
21 3.3718183 4.830108
4 3.935916 1.1406151
6 6.233327 -2.5884755
19 5.4128547 -1.5264999
14 3.8019314 1.7942406
29 6.9391556 -3.2050414
15 3.9566197 1.4389033
2 3.5602396 6.592088
11 3.5156612 6.126957
3 3.3526838 4.466698
9 3.4354947 4.877995
28 5.9996543 -2.3459878
20 4.0469327 0.8770224
0 3.2258008 4.6724677
18 3.881879 1.2792473
27 3.5001314 6.104708
7 3.6176212 2.0855727
23 6.878476 -3.0572894
12 3.566444 6.4778733
8 6.1699724 -2.415703
13 5.4804482 -1.6533945
26 3.6536443 2.2066708
17 3.964656 1.4502208
24 3.4408393 4.7285266
5 6.361143 -2.5859673
