30 2
28 5.8285713 -2.7235239
1 3.8539069 4.8640823
14 3.8632462 1.8498943
6 5.9737535 -3.0425425
10 5.2696433 -1.9115212
21 3.8957498 4.4919
25 6.002412 -3.05701
4 3.968045 0.71175915
22 3.828898 1.3540881
24 3.8470352 4.4691586
17 3.9675767 1.1800712
8 5.864041 -2.8613827
26 3.812927 2.00208
23 6.463378 -3.767458
20 4.0792913 0.5586623
7 3.8027835 1.9394915
13 5.296366 -2.0847068
15 3.9525511 1.1765862
16 3.8959248 1.3378707
19 5.287493 -2.0436614
0 3.7025461 4.1346908
29 6.5784063 -3.7985485
11 3.9421744 5.5538244
5 6.130685 -3.24697
2 4.1140823 6.0484924
3 3.7577348 4.1397147
27 4.0752153 5.7393703
18 3.8680787 0.99248976
12 4.1266575 6.1538677
9 3.8222098 4.526748
