30 2
22 3.7249694 1.7706007
21 3.255181 5.0073996
10 5.4170504 -1.2345123
13 5.419079 -1.4163796
14 3.7393305 1.9434334
17 3.888928 1.4200401
7 3.5224984 2.3005016
16 3.7144573 1.9058338
19 5.5711927 -1.5466844
0 3.1511705 4.9103465
1 3.2193246 5.463862
28 6.036169 -1.9631838
4 3.9302785 1.1952807
20 4.0892234 0.80554545
25 6.238532 -2.0426128
27 3.2447448 6.228168
15 3.9293368 1.344625
8 6.114329 -2.159092
5 6.4985147 -2.5162365
26 3.5090606 2.2808328
3 3.2759333 4.5949388
23 6.972985 -2.9704988
2 3.3104026 6.604891
24 3.1675327 5.019891
9 3.2648036 4.772842
29 7.0596766 -2.9567766
18 3.8454149 1.3631805
12 3.3932245 6.5811515
6 6.3077145 -2.396988
11 3.231764 5.9028406
