300 2
65 -3.2787008 -1.3258429
88 -1.3884006 3.6439404
154 -3.9063113 -1.8335947
94 -1.8845993 1.1556617
242 -2.0172355 0.83413297
43 -1.9742537 0.9421533
119 -1.3625247 3.4762206
108 -1.979849 0.9400153
209 -3.3131163 -1.24218
196 -1.4157488 3.7662904
236 -1.3699417 3.3387678
96 -1.3966849 3.9813137
217 -1.4073058 3.8814852
33 -1.9234225 0.9837231
117 -2.0095267 0.90573055
163 -2.0381331 0.69782096
165 -3.5894074 -1.494426
233 -2.0096788 0.9195727
134 -1.9363078 1.021121
174 -2.0726583 0.64744
124 -1.4185119 4.121008
105 -3.291397 -1.2791793
18 -1.9654713 0.91575825
41 -1.4675996 4.0507603
91 -1.9040712 1.1772319
147 -1.9913696 0.86325586
275 -2.0548396 0.6615915
161 -2.0575945 0.7647474
166 -1.380389 3.6076279
149 -1.9638954 0.8456953
212 -1.3710701 3.8128169
206 -3.3693843 -1.3875022
3 -1.4543954 3.7018094
17 -1.4058847 3.8098931
211 -2.0127292 0.7762191
282 -2.039386 0.75253516
157 -3.4973283 -1.4995506
130 -1.2942057 3.6526515
226 -1.3891876 3.8079238
78 -1.3478857 3.7078404
180 -2.1885123 0.46374214
189 -1.4585075 3.424098
272 -1.4183097 2.9921095
256 -2.1508198 0.45369667
63 -2.084409 0.68114805
57 -2.0387568 0.7605744
202 -4.1858444 -2.1225047
255 -1.878078 1.2032386
8 -2.0355968 0.8322624
9 -2.0939403 0.6406819
187 -3.5240903 -1.5036612
19 -1.3820547 3.5070715
58 -3.4713163 -1.4547455
92 -1.3859259 4.302286
52 -2.01792 0.96201843
104 -1.9369018 0.9429548
107 -1.9494694 0.98411655
141 -3.6709602 -1.643903
168 -3.495288 -1.4386096
15 -1.9885188 0.92374355
98 -3.5255525 -1.6009716
268 -1.3446071 3.9396994
194 -1.9837697 0.86422354
73 -1.9905761 0.90074325
87 -2.0325472 0.8194254
241 -2.129096 0.6024711
170 -1.978979 0.86952657
294 -3.7757964 -1.800489
35 -2.0880387 0.77837855
139 -3.983657 -1.8113894
22 -1.4043221 3.718747
200 -1.4125954 4.2005906
54 -3.636876 -1.6790701
83 -1.9639411 0.88698673
103 -1.4022427 3.3297782
263 -2.0451214 0.8236718
278 -1.357879 3.8215415
193 -3.6469414 -1.5541672
198 -3.2382615 -1.3177627
254 -3.7312005 -1.7213216
14 -3.6080918 -1.5727322
245 -3.544416 -1.489143
11 -2.1185796 0.59269404
56 -2.0024908 0.93785924
213 -2.0529995 0.79711246
114 -2.142414 0.63183516
118 -1.3757195 3.9135807
159 -1.4285285 3.6639626
298 -1.8997558 1.1093175
75 -3.5031319 -1.5189538
232 -3.869595 -1.8789014
95 -4.2619567 -2.1994233
199 -2.0056975 0.9727012
128 -1.9786243 0.93559796
297 -1.3679352 3.696019
126 -1.9008379 1.1690412
210 -1.4045622 3.5187128
220 -3.6599696 -1.668661
25 -3.7177944 -1.6944712
28 -3.711982 -1.6727895
182 -3.4661813 -1.4529816
153 -3.4285438 -1.4199595
44 -3.2311068 -1.1854675
82 -3.4574811 -1.4549595
66 -1.4552714 4.139655
62 -3.8694944 -1.7734274
164 -3.9589841 -1.9759948
150 -2.2334409 0.49848092
144 -1.3593065 4.189869
142 -1.4192536 3.9684157
146 -4.0668736 -1.924886
197 -1.4308517 3.8153174
169 -1.3755713 3.7517629
257 -1.4000797 4.227674
131 -3.567619 -1.5775874
61 -1.9751887 0.8095605
37 -3.5769427 -1.4967767
227 -1.4388446 3.4975073
224 -3.846971 -1.8066885
115 -1.4276282 3.8631084
121 -2.069761 0.74228823
260 -3.9372053 -1.9318957
248 -3.7017236 -1.7407739
205 -1.4118104 3.6843913
215 -1.4386567 3.6827788
237 -1.4058305 3.5256567
269 -3.3154461 -1.3297966
137 -1.3691639 3.6037843
176 -1.4561585 3.4760919
21 -1.4041339 3.7430549
45 -1.3953174 3.2343898
225 -1.388788 3.8331165
90 -3.403974 -1.4078546
102 -1.972452 0.91014355
111 -3.345276 -1.2748048
221 -3.7862823 -1.7597322
231 -1.8884436 1.0470929
10 -1.4168748 4.177765
67 -1.3833467 3.5166006
26 -1.3766301 3.4791093
46 -1.4493289 4.3038545
76 -1.3436358 3.8793466
77 -1.4716163 3.0486653
86 -3.5054777 -1.4355335
89 -1.9696919 0.9325937
173 -2.0712097 0.7808278
183 -2.0238385 0.83497524
252 -2.1880999 0.42608625
4 -1.3303591 3.5611372
106 -1.4996073 3.5853958
16 -3.6902995 -1.6217315
291 -1.9821267 0.93801785
23 -1.9934402 0.92476124
277 -1.923486 1.0122803
31 -1.4409811 3.5541098
42 -1.3762057 3.93404
288 -3.7067766 -1.7169559
60 -1.997647 0.74420565
246 -1.4744344 4.1335125
113 -2.027513 0.76629514
253 -1.9663786 0.86280245
120 -3.5458868 -1.4969711
140 -2.10796 0.7129758
133 -3.3668618 -1.3583359
148 -3.5799026 -1.6119019
223 -3.6979828 -1.6221713
186 -2.0163734 0.95263743
274 -1.9208809 1.0790527
219 -3.4864976 -1.5910761
281 -2.0999265 0.7549516
30 -1.382987 3.9026475
47 -1.4712504 3.1321867
289 -3.599892 -1.6031027
29 -3.708895 -1.6729062
259 -3.6618316 -1.6947312
36 -1.4596771 3.837242
265 -1.3962368 3.5206833
208 -3.5512867 -1.5758986
85 -3.5903113 -1.6231123
244 -2.0301812 0.81161165
172 -3.5923886 -1.5644346
68 -1.5137112 3.2968066
192 -3.3501358 -1.3739846
129 -1.9524548 1.0473516
132 -1.3949823 3.0606904
138 -1.3547258 3.6476388
201 -2.1194186 0.6748054
228 -1.8436013 1.2400886
0 -1.3807228 3.4037006
64 -3.5518532 -1.5995142
158 -1.3967386 3.613975
191 -1.4317527 3.9869123
122 -1.3646832 4.0168476
136 -4.1593685 -2.129837
167 -1.3962944 3.7539685
127 -2.0375416 0.81355757
234 -2.0235562 0.88066804
276 -1.9778377 0.814423
6 -2.1371858 0.6347016
84 -1.4193361 3.635052
71 -1.8542156 1.0220597
70 -1.4920157 3.6013794
238 -1.3372558 3.434668
188 -2.0564492 0.74761873
93 -1.433512 3.4763353
125 -1.3950691 3.5817242
243 -1.8862691 1.0590338
239 -1.36678 3.7179277
293 -2.0930433 0.6302362
5 -1.9247924 1.1360308
13 -1.9435005 0.99777305
151 -2.0513465 0.780002
32 -3.5180564 -1.5356584
40 -3.687741 -1.641862
290 -1.3883039 3.321271
262 -2.0766513 0.747621
204 -3.8263001 -1.8362418
280 -2.0184152 0.80173874
284 -3.6186123 -1.6168861
145 -3.606623 -1.5704483
27 -3.6729865 -1.6929483
34 -1.9895504 0.9310971
273 -3.5095925 -1.5375297
218 -1.9945892 0.93156
59 -3.8149786 -1.7997037
258 -2.1484277 0.48506472
116 -1.4270036 3.5550015
160 -3.7047033 -1.7538486
195 -1.3778613 3.2977545
207 -1.3672129 3.9699025
155 -4.0718527 -2.004757
12 -1.8954102 1.1479454
101 -2.047766 0.728522
251 -1.3781979 3.8227942
74 -3.4439948 -1.4045358
266 -2.0325935 0.9500328
135 -3.2726738 -1.2664095
222 -3.6373901 -1.7005906
178 -3.213416 -1.2308714
177 -2.0092878 0.8261814
299 -1.3175064 3.7151873
295 -3.3354847 -1.3812099
72 -3.4777644 -1.4312674
69 -1.389833 3.5619063
240 -2.1220555 0.5506997
100 -1.3436921 3.9084063
50 -3.255359 -1.2469503
292 -3.6436458 -1.5677308
80 -1.4528086 3.6357758
179 -1.3887675 3.7154248
296 -3.8517888 -1.748778
185 -3.7639065 -1.6877378
123 -1.437842 3.7539234
250 -3.6026595 -1.5904207
1 -3.628856 -1.6359075
38 -1.4008921 3.488634
283 -1.3740821 3.9847884
110 -3.2657506 -1.2420187
229 -1.8772123 1.2363021
24 -1.4480865 3.4819224
51 -3.5639489 -1.4067347
55 -2.0296154 0.69995815
99 -1.4354684 3.7686653
247 -1.3862181 3.6693406
2 -3.4839382 -1.4814993
230 -1.4168259 3.1731045
235 -1.3666056 3.7764003
53 -1.435507 3.7866035
143 -1.379927 3.254468
152 -3.6180508 -1.5796907
264 -3.8932002 -1.8389367
287 -3.6703088 -1.5806745
271 -1.419393 3.9435241
286 -1.3981612 3.3704183
97 -2.038419 0.895578
81 -1.391322 3.7214608
109 -3.9783914 -1.9170917
162 -2.0197248 0.9966994
49 -2.0302718 0.79578674
184 -3.8477027 -1.8950549
279 -2.1080103 0.76579684
156 -1.4251573 3.2569745
216 -3.7544694 -1.8471138
7 -1.4305699 3.0668628
48 -3.804819 -1.746232
190 -1.8809866 1.131001
175 -2.0487154 0.75505865
249 -3.906397 -1.8504566
267 -3.333651 -1.3036388
285 -1.4102865 3.6944964
112 -3.7079144 -1.6525536
171 -2.0293248 0.79313886
270 -3.5818346 -1.6011976
20 -1.3848646 3.5504167
39 -2.0782743 0.8089988
214 -2.0813916 0.7916777
203 -3.4483967 -1.5172582
79 -3.612609 -1.5682799
181 -3.454275 -1.4814117
261 -3.5200744 -1.5318547
