300 2
97 -2.1678958 0.46238342
124 -1.6096388 3.9890351
198 -3.1516943 -1.1959168
129 -2.0404694 0.76023924
150 -2.2454455 0.26203302
159 -1.5619102 3.8904445
56 -1.935376 1.0367528
103 -1.5504824 3.7301602
201 -2.0441835 0.6348771
149 -1.9502053 0.9765784
229 -1.9029193 1.1327257
210 -1.4957068 3.4472396
34 -1.9714624 1.0777669
89 -1.9889553 1.0240806
18 -1.9483314 0.9187894
20 -1.4748032 3.5655882
47 -1.5101572 3.2255645
46 -1.5796438 4.0759773
130 -1.4592077 3.7840598
228 -2.0546262 0.7612036
274 -1.9607161 0.95329934
138 -1.4944649 3.3060975
42 -1.5025352 3.8177085
75 -3.441015 -1.5238237
254 -3.6989996 -1.7747864
157 -3.3465772 -1.4900857
298 -2.036675 0.7169726
263 -2.0555875 0.7295547
203 -3.63312 -1.7424431
176 -1.4993862 3.1096597
9 -2.0552 0.72709894
134 -1.9988779 0.8821075
28 -3.6486456 -1.7644233
60 -2.0669506 0.67500544
158 -1.5178559 3.7151377
127 -2.0547192 0.78379273
282 -2.0843432 0.56021947
181 -3.2958558 -1.3437223
63 -2.1235502 0.5927134
275 -2.0526407 0.8822335
132 -1.5107086 3.3853617
221 -3.848866 -1.9271468
175 -2.106526 0.6157472
8 -2.0567622 0.72840345
72 -3.2513561 -1.319561
190 -1.9726818 0.8633164
194 -2.1227639 0.53811026
225 -1.5479763 3.7288687
5 -1.9511384 1.0599926
82 -3.3909545 -1.5582976
16 -3.3955777 -1.4334646
33 -1.9369597 0.9530406
43 -2.0101192 0.89103585
148 -3.5677292 -1.6703837
277 -1.9712422 0.7855886
281 -2.1724772 0.53361917
7 -1.432819 3.0271819
53 -1.4701806 3.4824877
25 -3.4718614 -1.5149759
27 -3.5541759 -1.5753877
169 -1.541858 3.4971316
57 -2.067713 0.6481819
291 -1.9686978 0.91401684
241 -2.0260627 0.7815263
251 -1.5072072 3.8200963
235 -1.4796654 3.4235816
243 -1.9754906 0.8596534
170 -2.0079274 0.85031104
90 -3.381749 -1.5295693
256 -2.1399257 0.46244636
51 -3.4744368 -1.5301254
224 -3.60823 -1.6811452
116 -1.4908031 3.2898538
151 -2.0626402 0.6195331
12 -1.9726849 0.9553111
81 -1.5341641 3.7543724
299 -1.454288 3.7511857
36 -1.5784564 3.5635574
292 -3.554903 -1.6552051
178 -3.355369 -1.4919872
69 -1.4770863 3.2498317
105 -3.1670656 -1.198048
233 -2.12389 0.6223371
240 -2.2351809 0.41004327
212 -1.5431275 3.5924256
15 -2.0303593 0.8355351
49 -1.9966935 0.82724625
115 -1.4836116 3.7945368
297 -1.5477232 3.9784315
139 -3.8021023 -1.8752874
166 -1.5277249 3.4911313
270 -3.4719164 -1.6004969
200 -1.5519282 3.8781679
264 -3.8363051 -1.9482135
0 -1.4477191 3.4356298
3 -1.5744263 3.9031746
6 -2.1553578 0.539475
83 -2.08984 0.68469065
266 -2.073439 0.8079215
205 -1.4787661 3.4836113
165 -3.3516965 -1.4207516
21 -1.5428516 3.3766105
22 -1.4802246 3.4440317
41 -1.5467365 3.933263
267 -3.373279 -1.4960039
192 -3.5111675 -1.5647247
236 -1.5316744 3.348425
128 -1.9805813 0.88269305
290 -1.4537591 3.256528
239 -1.4634995 3.3721263
288 -3.419953 -1.4754739
84 -1.5316825 3.4106863
45 -1.5160246 3.3552394
154 -3.754156 -1.8901839
167 -1.5475426 3.649385
52 -1.9644362 0.91191477
222 -3.8061507 -1.9234569
255 -2.0294886 0.8083311
199 -1.8949697 1.2074251
232 -3.528189 -1.6059595
295 -3.4298708 -1.459965
188 -2.0536432 0.82678205
286 -1.5442628 3.5048296
2 -3.2554164 -1.2249311
126 -1.9811683 0.9043509
141 -3.8180296 -1.9190123
258 -2.1253 0.62675005
32 -3.5362284 -1.5410868
35 -2.081702 0.64581645
153 -3.5479763 -1.5965906
209 -3.2913945 -1.3916547
172 -3.461364 -1.5342512
146 -3.752495 -1.9247334
4 -1.5112417 3.275302
242 -1.9777812 0.8395827
94 -1.967452 0.84442997
284 -3.7598119 -1.8329707
58 -3.4585943 -1.5758911
62 -3.332189 -1.4655315
80 -1.4982498 3.7196093
120 -3.3726263 -1.4258709
253 -1.9406137 0.8245148
289 -3.6339757 -1.6828275
142 -1.571413 3.838458
174 -2.0272584 0.6559058
219 -3.4714162 -1.5412033
234 -1.8781639 1.2105564
217 -1.4697286 3.6123896
204 -3.3815641 -1.4610497
238 -1.6264666 3.5003648
164 -3.7415373 -1.8860226
118 -1.5419704 4.1048603
187 -3.7344728 -1.8156189
114 -2.0616877 0.7416876
279 -2.017927 0.9270351
147 -2.0422888 0.7894681
135 -3.5710738 -1.639081
156 -1.4697099 3.4406855
265 -1.5391682 3.3399222
189 -1.5971334 3.0912025
208 -3.4596632 -1.6130321
231 -1.9441063 0.98908734
40 -3.6324604 -1.6993593
207 -1.5906006 3.893064
184 -3.7223625 -1.9380496
31 -1.5152633 3.692659
67 -1.4136553 3.7768726
54 -3.7670715 -1.8635451
280 -2.1127017 0.6108772
272 -1.4919157 2.7426546
196 -1.478946 3.741262
250 -3.5071285 -1.5866385
160 -3.7735066 -1.8532557
218 -1.9805053 1.0373275
11 -1.9973605 0.76845926
29 -3.4582644 -1.5805062
191 -1.5181869 3.6989458
215 -1.5562754 3.2624903
39 -2.0991907 0.71088713
143 -1.501667 3.4535487
112 -3.4896832 -1.6728375
276 -1.9427118 0.85379815
245 -3.3839242 -1.5592782
88 -1.4768423 3.7559223
195 -1.5281984 3.6466749
99 -1.4543741 3.737942
109 -3.8881192 -2.054943
131 -3.4426305 -1.5337075
206 -3.1645844 -1.2050679
237 -1.5458568 3.3121006
140 -2.1606417 0.5534374
14 -3.3394094 -1.4573601
23 -1.9966457 0.8092579
113 -1.9008882 1.0134741
96 -1.54202 3.7488427
76 -1.4896646 3.7025204
55 -2.1298108 0.6384017
59 -3.5742154 -1.6655293
61 -2.064471 0.67157793
155 -3.6721828 -1.7603742
283 -1.6019913 3.3754268
107 -2.041895 0.8454009
108 -1.9431552 0.829499
161 -1.9842104 0.7853339
269 -3.222134 -1.2739592
186 -2.0949066 0.7178199
183 -2.052041 0.71504164
285 -1.582527 3.4395514
182 -3.567133 -1.6706991
262 -2.120061 0.6129497
10 -1.5412052 4.1276455
26 -1.4733651 3.5622036
179 -1.5096842 3.5747955
50 -2.9625947 -0.99208164
111 -3.51947 -1.519755
230 -1.4401156 3.3453581
271 -1.5831228 4.0507274
220 -3.4113255 -1.466372
19 -1.5495443 3.6327035
121 -2.0906696 0.70462894
48 -3.709006 -1.7433867
213 -2.1112697 0.46900344
77 -1.3921643 3.083338
100 -1.5318792 3.6023407
247 -1.5186054 3.3946342
244 -2.082978 0.73406273
177 -1.9737754 0.96499693
252 -2.1367724 0.48999485
248 -3.6451745 -1.6788367
268 -1.5013481 4.053224
66 -1.541282 4.0050983
70 -1.5375694 3.7501051
168 -3.8907328 -2.0109947
85 -3.6149457 -1.7181059
87 -2.0393903 0.6925006
95 -3.9189603 -1.9613441
101 -1.9892076 0.816694
104 -2.0587149 0.7300679
117 -2.0558896 0.6857744
214 -2.0141978 0.7826864
152 -3.5265431 -1.7405751
162 -1.9931852 0.9063799
185 -3.6739624 -1.7411885
197 -1.6298277 3.7521605
226 -1.5410439 3.730642
216 -3.585293 -1.6370331
202 -4.065623 -2.1977675
296 -3.7542572 -1.8469093
211 -2.0653777 0.6752328
125 -1.5118098 3.5415502
78 -1.5131084 3.5863051
106 -1.5661687 3.3093762
257 -1.5976014 4.097096
145 -3.6993458 -1.7484884
259 -3.5143032 -1.5788013
98 -3.3001325 -1.4579203
180 -2.1339676 0.49816233
278 -1.5367475 4.0636344
73 -2.0821886 0.66220665
110 -3.0355268 -1.0490166
249 -3.7642066 -1.9431257
136 -3.6310008 -1.7953548
273 -3.2577996 -1.3697072
293 -2.00512 0.8076178
287 -3.6454718 -1.7690151
227 -1.512134 3.4455192
30 -1.5089406 3.8396578
261 -3.692959 -1.7031415
44 -3.2963986 -1.4414921
74 -3.0903752 -1.2063227
294 -3.5275776 -1.6375362
133 -3.4727006 -1.5586799
123 -1.5577052 3.4967892
163 -2.1360793 0.5337126
171 -2.0306597 0.7779197
64 -3.4822528 -1.6428828
79 -3.6668673 -1.7609874
86 -3.288842 -1.3852814
91 -1.9139286 1.1702623
223 -3.9058373 -2.0591583
13 -2.0652602 0.90341264
24 -1.5472304 3.6881533
68 -1.4739571 3.410519
193 -3.3537252 -1.4767292
122 -1.5393542 4.1152053
246 -1.482896 3.6762068
1 -3.7305443 -1.7728838
37 -3.5797267 -1.6754217
38 -1.5205462 3.607998
92 -1.5852456 3.8979867
65 -3.4737175 -1.6206019
71 -2.0076985 0.80313647
93 -1.5288566 3.256678
102 -1.9863523 0.9485444
17 -1.6072464 4.0067625
173 -2.0221355 0.81957096
137 -1.4409906 3.2907517
260 -3.7430694 -1.8047388
119 -1.5011171 3.0183482
144 -1.556172 3.4811275
