300 2
231 -1.8693618 1.1489369
259 -3.515075 -1.4118745
149 -1.955864 0.92291695
158 -1.3913468 3.3941107
15 -1.9860712 0.9311335
132 -1.3456339 3.4615526
209 -3.456517 -1.5003456
280 -2.0501544 0.6745697
107 -1.9995116 0.7762008
208 -3.8855736 -1.8639339
176 -1.4311223 3.184455
22 -1.389567 3.8958757
23 -2.0136871 0.8022436
156 -1.4351331 3.2738976
83 -1.9022393 1.0930064
258 -1.9863397 0.8681285
127 -1.9776046 0.72993904
16 -3.5987663 -1.6671054
274 -1.9399818 0.92262787
33 -1.9321375 0.8904376
251 -1.3659267 3.692768
263 -1.9594628 0.89952534
10 -1.395282 3.8904757
205 -1.3859806 3.709332
108 -1.8606365 1.2123245
253 -1.8779598 1.1513389
224 -3.7814097 -1.7759143
175 -2.130758 0.6482358
128 -2.0865126 0.6981864
69 -1.3740613 3.2153883
116 -1.3667104 3.3236275
228 -2.0366912 0.7764499
198 -3.384001 -1.3548069
8 -1.9866915 0.79946566
233 -2.0837767 0.78513414
225 -1.3586363 3.7348223
267 -3.377147 -1.3758519
133 -3.3691232 -1.3766632
295 -3.4386535 -1.446212
201 -1.9860815 0.86665237
61 -2.1513894 0.5625606
250 -3.794862 -1.7472084
159 -1.4046696 3.9103022
62 -3.686084 -1.7175913
237 -1.3809029 3.5320039
284 -3.39644 -1.4171734
6 -2.1379938 0.6302662
12 -1.9759088 0.9624152
235 -1.3521811 4.3816633
273 -3.7308109 -1.6554796
147 -2.0813105 0.7327188
151 -2.054316 0.75546676
4 -1.3909403 3.4233406
93 -1.4066114 3.3463376
297 -1.4220995 3.668864
129 -2.0164094 0.7959042
298 -1.9214932 0.9480266
18 -1.8406408 1.2017525
26 -1.4238123 3.2783654
150 -2.1934931 0.37898812
35 -2.0131967 0.7792286
213 -2.0473506 0.7360522
53 -1.3850114 3.657435
86 -3.557534 -1.5397652
291 -1.9994555 0.8234922
126 -1.9580666 1.0490195
279 -2.0804741 0.6989074
137 -1.4432596 3.7611086
30 -1.3574243 3.7573824
227 -1.4138855 3.7173882
34 -1.8963733 1.1288624
238 -1.3583524 3.720102
56 -1.9406809 0.90024704
162 -1.9471496 1.0710758
190 -1.9110999 1.1396631
97 -2.0666883 0.78572416
193 -3.7748754 -1.7843313
100 -1.4101304 3.5678024
106 -1.373958 3.33822
288 -3.6934068 -1.7569562
222 -3.7924607 -1.7465725
255 -1.998767 0.892144
269 -3.3995075 -1.4039617
294 -3.5423229 -1.4902457
299 -1.3575697 3.5805564
245 -3.7539127 -1.7321328
265 -1.4541557 3.6728997
25 -3.7282517 -1.728731
174 -2.0294063 0.8060847
82 -3.4468145 -1.442926
296 -3.678279 -1.6705579
76 -1.4338964 3.8916965
163 -2.1131673 0.63350415
131 -3.5761983 -1.5330164
221 -3.6870341 -1.7123706
135 -3.6073601 -1.5852399
32 -3.7150917 -1.6999114
52 -2.0595474 0.8063178
134 -1.9484347 0.8681967
105 -3.2525146 -1.2244976
144 -1.4019125 3.733669
94 -1.9380202 0.8981702
87 -1.9890127 0.8263517
121 -2.053975 0.8003668
275 -1.9894222 0.9528946
292 -3.4721215 -1.3585287
31 -1.3808668 3.5964332
160 -3.629728 -1.6710141
41 -1.3835741 4.101081
78 -1.3983629 3.721204
248 -3.7939174 -1.7492017
242 -1.9845533 0.9617174
247 -1.4148681 3.3503063
236 -1.3741466 3.2811854
266 -2.008598 0.9093337
29 -3.337445 -1.3578314
7 -1.3667616 3.4423935
9 -1.9842478 0.90330154
283 -1.3632889 3.7795892
28 -3.4166973 -1.3722913
89 -1.9471978 1.1218246
117 -2.0273085 0.8168199
241 -2.0190873 0.8366885
157 -3.5831177 -1.5921949
169 -1.3264873 3.6856363
0 -1.4049772 3.4794037
219 -3.5143123 -1.5104669
57 -2.0359602 0.71199626
211 -2.0617936 0.57185495
99 -1.374389 3.9451027
188 -2.1448016 0.57461715
244 -2.014825 0.8059355
177 -2.1012125 0.6408804
206 -3.3514633 -1.3925991
286 -1.3613772 4.0359745
262 -2.0854845 0.8051913
96 -1.370407 4.0225563
19 -1.380818 3.4773643
124 -1.4312451 4.078611
194 -1.9433419 1.0494739
202 -3.9995358 -2.0732496
65 -3.606778 -1.5022905
179 -1.4198152 3.5482562
109 -4.0632725 -2.0277689
189 -1.4356707 3.412628
195 -1.4405602 2.920902
239 -1.3459533 3.6870847
21 -1.399004 3.615426
24 -1.3841615 3.34603
252 -2.166698 0.5573537
226 -1.4048682 3.6726012
54 -3.6025603 -1.6887318
243 -1.9761313 0.91104984
230 -1.3933524 3.564233
246 -1.4762093 4.0098944
71 -2.038147 0.8182554
75 -3.5242705 -1.4955661
115 -1.3819939 4.25409
111 -3.5526261 -1.5441395
95 -3.8568902 -1.8533007
180 -2.0746346 0.62570953
125 -1.4202569 3.4742446
210 -1.3916997 3.4930658
234 -2.0389185 0.7820197
287 -3.8203304 -1.8343058
276 -2.006909 0.7897628
217 -1.4580175 3.741983
281 -2.1101649 0.6116229
146 -4.045201 -2.0039263
282 -2.168193 0.59415543
110 -3.0023265 -0.95096433
229 -1.7401142 1.5677679
36 -1.378705 4.023725
38 -1.3913321 3.6758344
66 -1.4655592 4.4124165
155 -4.0573764 -2.0249596
60 -2.016614 0.7987469
212 -1.3795581 3.780339
64 -3.2420795 -1.255066
278 -1.3807757 3.4202168
270 -3.4914503 -1.5234025
90 -3.5937142 -1.4852272
141 -3.6451044 -1.5809215
164 -3.8829618 -1.8125988
119 -1.413537 3.3789895
277 -1.8368701 1.3046927
167 -1.348175 3.3033557
289 -3.747192 -1.6560894
13 -2.0809793 0.74511296
17 -1.4001062 4.109184
55 -1.9841326 0.87674016
44 -3.2885487 -1.3332255
47 -1.398105 3.445583
67 -1.4281147 3.7457988
77 -1.3745027 3.1765962
80 -1.3634686 3.8028235
218 -1.9574043 0.96782446
101 -1.9316753 0.9178785
123 -1.4166166 4.0297594
256 -2.1605208 0.46301237
136 -3.8991814 -1.8723987
153 -3.2192569 -1.230855
172 -3.6201096 -1.5830654
204 -3.4352543 -1.4991509
261 -3.7688446 -1.6945168
293 -2.060791 0.7208328
184 -3.8077846 -1.7662009
170 -2.0836241 0.7988816
27 -3.6423178 -1.6869894
88 -1.3660755 3.742726
91 -1.8729254 1.2913909
165 -3.5159402 -1.6061242
181 -3.5006833 -1.5452948
260 -3.8243082 -1.8857387
3 -1.3972682 3.649024
98 -3.5142648 -1.4983006
39 -2.0389922 0.8426258
196 -1.4165564 3.4924095
161 -2.041763 0.754628
42 -1.3796966 3.7392974
45 -1.4515803 3.1622076
85 -3.7156215 -1.643259
114 -2.1701639 0.45000806
70 -1.4096252 3.830201
168 -3.7225368 -1.719222
59 -3.4694562 -1.5032935
68 -1.4032525 3.182867
72 -3.4827142 -1.5038618
130 -1.4049788 3.872476
268 -1.373688 3.959433
50 -3.054667 -1.0055169
140 -2.0986872 0.74651635
138 -1.4335762 3.7514746
143 -1.335781 3.4437966
46 -1.3995619 4.3696504
48 -3.7053835 -1.595887
264 -3.6601617 -1.6905961
285 -1.3813818 3.71565
79 -3.7079437 -1.6516781
199 -1.973731 0.9139487
5 -1.8645626 1.1402379
11 -2.1069803 0.7354172
207 -1.3910339 3.8712635
182 -3.5457582 -1.5640253
120 -3.6230583 -1.6221952
290 -1.347228 3.5247765
84 -1.4111221 3.5734432
113 -2.0052142 0.8524357
173 -2.055644 0.7591423
191 -1.365857 3.680209
257 -1.4210285 4.278318
1 -3.666215 -1.6150975
166 -1.3532054 3.500213
49 -1.8664119 1.2500818
51 -3.5676134 -1.6035392
215 -1.4566504 3.572055
154 -3.954715 -1.8679823
183 -2.0261555 0.9612355
203 -3.5514793 -1.4599265
37 -3.703868 -1.6658906
63 -1.9922961 0.78973925
43 -2.0376828 0.7618023
216 -3.8575459 -1.8930576
58 -3.704095 -1.7173942
272 -1.405893 2.8073685
232 -3.9765446 -2.031716
104 -2.0460591 0.7333393
271 -1.3519508 3.9635198
185 -3.928326 -1.8744649
214 -1.9507248 1.0547084
240 -2.1845596 0.48931095
92 -1.3960513 4.6205287
152 -3.4733613 -1.491715
102 -1.9805231 1.0352664
103 -1.376689 3.6969435
142 -1.3849669 3.8701146
145 -3.5809414 -1.6233664
187 -3.6498718 -1.7767676
249 -3.9252887 -1.9411137
178 -3.2773082 -1.2862601
14 -3.5831525 -1.5657275
81 -1.402266 3.6497433
254 -3.61287 -1.6731868
200 -1.3773378 4.0134683
192 -3.4889367 -1.4676701
74 -3.465064 -1.5474496
112 -3.6836286 -1.7318317
220 -3.7481458 -1.7869796
197 -1.3613155 3.812687
73 -1.9586036 1.0095161
223 -3.9685822 -1.9340129
148 -3.578417 -1.5485241
40 -3.568703 -1.6567625
20 -1.3015642 3.5107937
186 -2.0197551 0.8786052
139 -3.7616334 -1.7794956
171 -1.9557108 0.96673816
2 -3.486884 -1.4018651
118 -1.4009264 4.010624
122 -1.3684604 4.2395787
