30 2
21 3.2415717 4.9952884
1 3.0698326 5.546666
22 3.673113 1.7923055
16 3.7348495 1.8085394
15 3.8825037 1.6602105
23 7.058206 -2.7962184
8 6.1886954 -2.1211207
6 6.3519845 -2.3605711
10 5.344126 -1.0284588
7 3.532595 2.3390987
17 3.8618135 1.6207052
11 3.1432984 6.030604
27 3.1030655 6.2991657
14 3.6124825 2.1001494
4 3.9328706 1.3531029
19 5.600417 -1.5902346
26 3.506952 2.665993
3 3.1262794 4.51871
18 3.7435298 1.4798795
25 6.2128196 -2.03728
0 3.0696924 4.7825146
20 4.005455 1.0421907
28 5.87385 -1.8346868
2 3.3348422 6.789706
13 5.4792857 -1.1958656
5 6.503216 -2.3845353
29 7.180389 -2.9592538
12 3.1836634 6.4983463
9 3.1819792 4.8984866
24 3.1830359 4.940089
