30 2
16 3.9285977 1.4353817
4 3.9755847 0.8394228
22 3.8872428 1.2106283
7 3.796168 1.8715459
10 5.2887807 -1.9102666
26 3.7151165 2.0823963
14 3.8980927 1.7644364
20 4.0757947 0.58260727
15 3.9969456 1.0257286
17 3.9833527 1.2040734
28 5.8315954 -2.820756
8 5.8996325 -2.87222
1 3.8595262 4.940259
19 5.3130364 -2.058707
25 5.9375587 -2.86662
11 3.9405403 5.580448
12 4.058082 6.0841465
18 3.8924184 0.95185333
23 6.517508 -3.8572154
21 3.8428895 4.5180583
27 3.961342 5.7701383
0 3.7168229 4.145565
13 5.2763824 -1.8433592
9 3.832345 4.4437523
2 4.1100807 6.060978
24 3.765933 4.471301
3 3.7519732 4.2256627
29 6.5335913 -3.7240155
5 6.123053 -3.252976
6 6.0438957 -3.0562975
