30 2
22 3.572243 2.007825
7 3.3918517 2.544916
16 3.6182618 2.0368037
1 2.8901463 5.6191144
10 5.448427 -0.9490198
14 3.5556192 2.3179991
25 6.400974 -1.8030064
20 3.9853294 1.192903
4 3.8530364 1.4941552
28 6.1477175 -1.7876703
15 3.779085 1.8710248
17 3.6974463 1.8554794
19 5.606208 -1.2050965
24 2.9962773 5.00057
8 6.381309 -1.785797
21 2.916346 5.1034575
23 7.0080447 -2.3792343
27 2.8511353 6.425443
18 3.6654527 1.7080531
6 6.3688745 -1.9940318
13 5.5461507 -1.0355749
26 3.3584807 2.6656184
11 2.8895035 6.215254
3 2.9792135 4.565609
29 7.2364407 -2.5611894
0 2.8707404 4.9154468
5 6.690651 -2.1212502
9 2.983063 5.024061
2 2.9624426 6.926766
12 2.9464118 6.685552
