30 2
4 3.9160128 1.3321339
22 3.671541 1.7561029
15 3.931854 1.6656196
1 3.094389 5.5495443
28 5.8768067 -1.8591744
25 6.200575 -2.0220585
26 3.4772136 2.6789775
8 6.174146 -2.0732534
7 3.5077505 2.3196003
14 3.6194496 2.082482
20 4.0490274 0.9918147
11 3.1863523 5.997499
10 5.30666 -1.0794837
21 3.1666381 5.034077
16 3.753714 1.8043196
17 3.8918629 1.554491
3 3.1136742 4.537122
18 3.7521815 1.4308999
6 6.3325205 -2.3416655
13 5.414682 -1.1742575
19 5.629233 -1.501312
24 3.2187457 4.915877
23 7.052677 -2.8329306
27 3.0906835 6.257211
12 3.2145047 6.5317636
29 7.1427927 -2.9264574
9 3.11973 4.970485
2 3.3298137 6.7380247
0 3.111355 4.7507253
5 6.538418 -2.3928287
