30 2
1 2.7954085 5.6314964
10 5.4639664 -0.7546432
16 3.5728593 2.088404
21 2.8639412 5.131264
15 3.7740836 1.8339722
25 6.435109 -1.7464067
26 3.3859782 2.565196
22 3.5754201 1.9620034
17 3.6946146 1.8843155
23 7.0305014 -2.323541
4 3.8399522 1.5265408
28 6.177001 -1.6060528
14 3.5630052 2.1511161
0 2.874916 5.1330795
12 2.8806744 6.791179
27 2.8893156 6.461179
24 2.8266714 5.08144
13 5.584324 -1.0454993
18 3.626282 1.6879442
29 7.223549 -2.4067442
3 2.8893025 4.627418
19 5.6823916 -1.0824202
20 3.9953916 1.149327
11 2.7399235 6.21356
2 2.929437 6.993855
6 6.4527655 -1.9137613
7 3.380271 2.5157993
8 6.405398 -1.6175773
9 2.832102 5.121432
5 6.6562953 -1.9849266
