30 2
16 3.7500353 1.9359866
22 3.7141843 1.8078876
1 3.1858554 5.4218946
15 3.9551432 1.3646597
21 3.2585268 5.0196195
10 5.401064 -1.2335482
4 4.00316 1.2022672
28 6.079576 -2.058297
20 4.0980124 0.860304
26 3.5290391 2.322797
8 6.1995425 -2.1730475
17 3.9759057 1.3611687
25 6.137777 -2.0990927
19 5.60863 -1.5348998
11 3.2255166 5.981393
6 6.2985096 -2.3723762
7 3.5133014 2.2384105
18 3.8043916 1.4114136
14 3.6910124 1.9918084
27 3.2188103 6.2349586
13 5.4934216 -1.3992984
23 6.939349 -2.9002156
2 3.3537662 6.5609365
29 7.05575 -3.021794
3 3.26252 4.5215163
0 3.2156484 4.885744
12 3.392431 6.597087
24 3.233758 5.0334945
5 6.443069 -2.5911603
9 3.2163012 4.836817
