30 2
29 4.854371 3.3001354
7 4.1929584 3.2442732
4 -1.9265183 5.804346
6 5.295166 2.943223
0 0.87256974 4.2116337
18 -1.1895732 5.155949
12 5.3405094 3.0994582
3 1.6489847 3.9513483
20 -1.3033277 5.319914
25 5.404524 3.1439047
23 -2.4999218 6.3169713
2 -1.7606728 5.8271656
14 -2.044023 6.00094
5 1.8221073 3.815668
1 5.6982775 2.988281
16 1.2218231 4.290245
10 4.411858 3.2119343
27 2.1411347 3.79327
26 5.415617 2.9874084
22 4.3488574 3.184575
17 -1.6178892 5.6581883
15 5.9522123 3.1639667
19 -2.531001 6.317568
8 -1.1964306 5.169434
24 1.8248087 3.95504
28 -1.6277963 5.434354
11 1.3738052 4.0130134
21 2.5741713 3.7212262
9 1.0650576 4.182022
13 2.5505288 3.6403255
