30 2
7 4.415529 2.8891168
20 -0.9826707 5.35776
2 -1.4392426 5.9067025
29 4.84353 3.056282
5 2.2087214 3.5639071
1 5.882608 2.8254235
4 -1.5681075 5.84574
14 -1.860592 6.14336
24 1.9165226 3.7843637
18 -0.79894096 5.2381277
3 1.8765188 3.8607736
8 -1.0720643 5.4605484
10 4.6411896 2.998298
0 1.2102118 4.0477967
11 1.5440338 4.040955
25 5.647034 2.7944763
21 2.9092517 3.5476124
23 -2.0496147 6.3866205
6 5.3648467 2.7415097
9 1.2990599 4.1637383
28 -1.2003102 5.4729066
15 6.0119514 2.8466148
17 -1.3946097 5.750196
19 -2.2083669 6.3707933
22 4.426815 2.9326959
12 5.476982 2.8634555
16 1.3939192 4.0618668
26 5.57782 2.7324164
27 2.3217132 3.6701305
13 2.9342577 3.5091937
