300 2
291 -1.9211112 0.96635
198 -3.3706875 -1.3059223
40 -3.7990246 -1.8053153
43 -1.9816643 0.9182338
85 -3.7064254 -1.7915698
20 -1.4412117 3.7068667
147 -1.9731574 0.8871333
174 -2.1586227 0.5263872
130 -1.3602633 3.7917397
3 -1.3920641 3.7820957
136 -3.7550948 -1.7637877
199 -1.9991382 1.0099986
88 -1.3691804 3.4518056
111 -3.305915 -1.3858294
75 -3.3399582 -1.2810762
229 -1.910277 1.1577439
298 -1.9988948 0.7777364
258 -2.1756766 0.5422997
190 -1.9782563 0.9183531
94 -2.0571985 0.7581058
96 -1.3778198 3.63297
157 -3.4691896 -1.5203446
64 -3.61994 -1.5724018
108 -2.006668 0.85324436
201 -2.0400867 0.808123
141 -3.6022336 -1.5642649
206 -3.3640811 -1.4771321
262 -2.0709107 0.68835586
131 -3.468976 -1.5658976
277 -2.0006192 0.9186468
12 -2.0472307 0.8330529
87 -1.9613191 0.9538629
34 -2.0030494 0.90261054
9 -2.016655 0.829739
244 -2.1101882 0.61953866
83 -2.0240133 0.7538749
297 -1.4291966 3.773892
254 -3.654478 -1.6472166
189 -1.4221234 3.4969244
127 -1.919659 0.9439085
6 -2.0903218 0.6922181
7 -1.4188014 3.3962464
22 -1.4402032 3.5338216
256 -2.095384 0.65428615
39 -2.0897906 0.7164071
77 -1.3781018 3.0484843
102 -2.038813 0.82810366
249 -3.9010372 -1.9766302
257 -1.4079396 3.7449577
46 -1.4043596 4.418723
284 -3.4045594 -1.4472301
245 -3.639713 -1.6757965
163 -2.0655963 0.73196965
286 -1.4004269 3.689969
167 -1.4102408 3.5062912
19 -1.3709347 3.5581257
27 -3.5872371 -1.7072829
159 -1.4604216 4.246534
57 -2.0387096 0.8345556
214 -2.0034103 0.84432006
114 -2.1856086 0.4686702
168 -3.825373 -1.7661138
263 -2.1338584 0.56033957
283 -1.3666652 3.8309536
259 -3.2527964 -1.2882946
5 -1.9214995 1.1165321
35 -2.167335 0.5860932
191 -1.377725 3.8581016
45 -1.3746178 3.6155186
101 -1.9419054 0.8648689
221 -3.535717 -1.6547433
65 -3.3193588 -1.4391116
112 -3.642512 -1.7156721
173 -2.0427485 0.8251187
219 -3.725939 -1.6922734
274 -1.9489293 1.048382
231 -1.8768657 1.2186034
113 -2.0493946 0.83808666
139 -3.6179972 -1.6607786
11 -2.0242221 0.84779596
220 -3.6065445 -1.6185415
21 -1.4270464 3.5501537
86 -3.425667 -1.4539539
117 -2.030184 0.7086377
36 -1.4176041 3.6991496
247 -1.364876 3.8080986
41 -1.380273 4.034563
42 -1.3587346 3.6202593
63 -2.105776 0.60355073
253 -1.9668998 0.9766245
100 -1.4040221 4.101694
123 -1.3776553 3.8199263
126 -2.0071168 0.80828035
150 -2.1424007 0.4557685
197 -1.452241 3.9342616
267 -3.352091 -1.4400587
0 -1.3856227 3.5274253
228 -2.073377 0.6698579
89 -1.993742 0.9613317
118 -1.3469765 4.2058682
265 -1.3687332 3.5305018
135 -3.4318116 -1.4947584
91 -1.925121 1.2455631
243 -1.9039019 0.99937224
164 -3.9465623 -2.0348752
236 -1.4610502 3.3021755
129 -2.0111122 0.8824927
180 -2.11197 0.5925139
210 -1.3897129 3.681393
246 -1.3585345 3.8963313
278 -1.4596561 3.7601151
104 -2.0704534 0.7779974
184 -3.882138 -1.8093257
234 -1.9365222 1.0676839
204 -3.549288 -1.5296944
37 -3.6173792 -1.610161
47 -1.405311 3.2208622
105 -3.1232097 -1.217957
115 -1.5126781 4.019283
154 -3.8240614 -1.8758204
211 -2.0252497 0.7984743
194 -2.060555 0.7295415
148 -3.6331027 -1.6028203
178 -3.079333 -1.1086465
212 -1.4271859 3.8703923
208 -3.5512605 -1.5773453
8 -2.0974944 0.73778766
68 -1.4056243 3.6332233
53 -1.438342 3.727074
282 -2.0212977 0.82876855
72 -3.1724133 -1.1957489
71 -2.0994093 0.7575303
227 -1.3855201 3.5269234
292 -3.5489972 -1.5904256
152 -3.5965471 -1.6293008
170 -2.0225832 0.844927
193 -3.8381603 -1.8013312
205 -1.3658266 3.3499482
2 -3.5565064 -1.5357726
294 -3.421576 -1.426935
95 -4.1340847 -2.0608144
107 -1.9812338 0.9219109
32 -3.251013 -1.2785379
248 -3.804853 -1.7391282
33 -1.9901749 0.89345306
151 -1.9808725 0.7967785
169 -1.5135293 3.8085654
269 -3.2017238 -1.2292196
239 -1.3663859 3.4875329
266 -2.033165 0.84611696
93 -1.3884825 3.4987435
121 -2.0626535 0.81962895
132 -1.3891735 3.5193677
226 -1.3820955 3.645425
233 -2.0392258 0.68832546
271 -1.3846779 3.9585457
54 -3.6643777 -1.7491943
144 -1.4784834 3.9559867
67 -1.4131154 3.7432096
16 -3.599532 -1.5773528
252 -2.1586215 0.5254256
23 -2.0320938 0.83424354
260 -4.1901565 -2.2806237
50 -3.1538937 -1.2826607
58 -3.9061718 -1.8404566
160 -3.6813207 -1.6813782
73 -1.9822683 0.9904366
79 -3.6835768 -1.7463683
155 -3.6663709 -1.6395452
142 -1.4013047 4.0622735
140 -2.1946883 0.54524416
171 -1.9596268 0.9892154
299 -1.4364552 3.7239773
38 -1.4223572 4.0732555
28 -3.635387 -1.6134748
149 -2.007143 0.80152166
176 -1.428085 3.6527753
48 -3.7398708 -1.7599232
133 -3.4506454 -1.5380516
215 -1.3704926 3.521331
97 -2.0962048 0.6388698
81 -1.3677722 3.7832873
175 -2.0555627 0.75686705
90 -3.4892726 -1.5672251
200 -1.3926553 3.8689866
106 -1.357885 3.4090562
122 -1.3929821 3.961039
134 -1.9737566 0.9766648
165 -3.6715198 -1.567163
296 -3.847387 -1.8012613
289 -3.6421633 -1.7216502
18 -1.9527363 0.95297676
66 -1.4078338 3.8895464
59 -3.6971204 -1.7968028
273 -3.588937 -1.5304226
241 -2.0990994 0.6703785
125 -1.4452204 3.6903222
161 -2.0349393 0.77878296
162 -1.8847386 1.2125962
222 -3.4630997 -1.4348208
224 -3.7880526 -1.726944
240 -2.2298205 0.43890232
4 -1.3941694 3.5261
270 -3.4132428 -1.4131596
51 -3.508481 -1.5739409
55 -2.0541618 0.7873811
56 -1.9903305 0.8133652
146 -3.9356499 -1.9644078
251 -1.4244972 3.6297905
218 -2.0267174 0.9200012
109 -3.8628793 -1.8924545
280 -2.0289059 0.89038503
153 -3.4573355 -1.4663782
1 -3.6493208 -1.7177502
17 -1.4423548 3.840874
213 -2.1297646 0.60543674
196 -1.4629794 3.8586786
69 -1.4083648 3.3581274
120 -3.5243626 -1.5418694
192 -3.369443 -1.3843058
156 -1.3693148 3.6676128
255 -1.9557488 1.0486499
275 -2.0375116 0.8239966
272 -1.4182143 3.056278
195 -1.4350109 3.3235073
30 -1.4730752 3.8852038
44 -3.260628 -1.262937
62 -3.762952 -1.7349702
237 -1.4273862 3.7196355
116 -1.4207574 3.6280391
295 -3.2810693 -1.2828594
261 -3.4916182 -1.5135573
238 -1.4264019 3.604837
225 -1.4137722 3.4828708
182 -3.4860036 -1.4720951
188 -2.004034 0.8852385
24 -1.3771937 3.3893716
70 -1.3948959 3.7863855
216 -3.5881433 -1.6589016
288 -3.581135 -1.5950406
166 -1.3900344 3.5462832
209 -3.2612205 -1.1976342
25 -3.7648606 -1.816712
29 -3.4202728 -1.4287351
74 -3.3078105 -1.3484945
185 -3.8743782 -1.9009398
80 -1.3992155 3.6103535
128 -2.0229347 0.78074837
158 -1.4510429 3.5679317
276 -2.056707 0.7365207
242 -1.9658741 0.92108047
290 -1.3757296 3.4780636
60 -2.0517888 0.7617681
92 -1.4565104 4.676619
84 -1.4188302 3.6755495
232 -3.599147 -1.6282923
177 -2.0211287 0.8246347
287 -3.862328 -1.9904642
285 -1.4485794 4.05849
15 -1.9990234 0.85327727
52 -2.0682573 0.77764976
119 -1.3839803 3.335675
207 -1.4366481 4.0496674
124 -1.3720765 3.8062856
143 -1.4102966 3.621049
82 -3.6940641 -1.6971731
98 -3.2919662 -1.4121994
110 -3.091338 -1.131653
223 -4.0877733 -2.100656
281 -2.0921628 0.6121709
172 -3.6136723 -1.6849302
202 -4.315651 -2.3546379
49 -2.0198593 0.86594635
61 -2.0694032 0.6461568
99 -1.3766643 3.7510507
138 -1.4569201 3.56649
26 -1.3867499 2.9748328
293 -2.166348 0.42857876
103 -1.4156004 3.4847987
181 -3.4033256 -1.338551
230 -1.4523121 3.1699605
268 -1.3288227 4.064738
264 -3.6946003 -1.6950022
186 -2.0205255 1.0520893
235 -1.4016651 3.650324
78 -1.4079622 3.4032986
203 -3.6349277 -1.647348
137 -1.4127737 3.401824
183 -1.9770672 0.9612503
179 -1.4168613 3.5782325
31 -1.3960079 3.4965477
187 -3.6138384 -1.6921711
279 -2.095516 0.72886777
250 -3.7948194 -1.770218
10 -1.452475 3.884136
145 -3.8246338 -1.8583497
14 -3.4931493 -1.5880128
76 -1.4230729 4.0126767
13 -2.071891 0.65193087
217 -1.4669139 3.8418112
