30 2
3 3.0475092 4.6282315
22 3.6286767 1.8811914
13 5.4748635 -1.1707234
21 2.9916139 5.0728
16 3.6751597 1.9728184
10 5.477955 -1.0810825
28 6.071207 -1.7552661
8 6.383639 -2.0110772
14 3.5053587 2.279851
15 3.807594 1.5397311
7 3.4233742 2.4298978
17 3.7909997 1.6464518
0 3.046928 4.7180486
19 5.601825 -1.1437502
26 3.4211802 2.5144434
23 7.0788994 -2.7279131
18 3.715641 1.5790476
1 2.9522479 5.6010604
25 6.325809 -1.8382285
12 3.028464 6.591966
11 3.069819 6.0947614
4 3.870103 1.3713347
6 6.4703565 -2.1247325
29 7.116221 -2.7105286
20 4.050395 0.9874321
9 3.0872858 5.047012
2 3.126457 6.915424
27 3.0338595 6.394971
5 6.487229 -2.129978
24 3.0046315 5.001673
