30 2
8 6.010263 -2.9108214
15 4.049185 1.0207919
10 5.250813 -1.7420084
28 5.848379 -2.8195367
1 3.8072681 5.027452
21 3.8122785 4.4277587
4 4.008376 0.80621886
17 4.0921636 1.0516604
22 3.8580859 1.3089767
23 6.5860205 -3.6984053
20 4.077262 0.55425787
7 3.7343962 1.8676565
12 4.0122104 6.198408
18 3.8626022 1.1436032
3 3.744654 4.306133
14 3.8130276 1.7151384
27 3.8878381 5.8909974
24 3.8065715 4.4796066
0 3.6996918 4.2515173
25 5.97931 -2.9251935
19 5.382932 -2.1311693
16 3.9071567 1.4545704
5 6.19223 -3.1488798
6 6.0086455 -3.0676584
13 5.1967525 -1.9248657
26 3.7740617 1.9238598
11 4.0170555 5.7057667
2 4.103142 6.1765223
29 6.593206 -3.623919
9 3.7180643 4.566269
