30 2
7 3.7952237 3.767403
29 4.0454836 3.9278696
3 1.0667491 4.1784472
4 -2.7602906 5.455138
20 -2.1767695 5.110551
18 -1.9744616 5.013446
0 0.2677644 4.2196827
5 1.162194 4.0612335
25 4.838207 4.011801
1 5.3088446 3.9099464
24 1.3932782 4.230232
26 5.007883 3.7969835
21 1.8982643 4.132093
11 0.75543034 4.1842313
6 4.846752 3.8365302
14 -3.0232673 5.5100536
23 -3.37507 5.6976943
17 -2.5226238 5.372224
9 0.4737133 4.339672
2 -2.7385623 5.542927
10 3.8789713 3.879926
12 4.721079 3.8803804
16 0.36758626 4.391684
22 3.795558 3.8232799
28 -2.4266658 5.163742
27 1.2570062 4.0975237
8 -2.0158498 4.881705
19 -3.3967817 5.784687
15 5.0688453 3.999485
13 2.1906097 4.032887
