30 2
29 4.8143883 3.071462
7 4.298877 2.9988713
3 1.8122016 3.9653509
5 2.1178694 3.6520436
14 -1.948652 6.1411
4 -1.6237915 5.827868
10 4.5486236 3.0050871
2 -1.4968635 5.833587
18 -0.7991591 5.110463
1 5.836943 2.8331187
24 1.9633367 3.7790415
23 -2.2503135 6.4772615
12 5.4855824 2.9021568
6 5.356954 2.7786083
20 -1.0209713 5.2939425
26 5.524846 2.767454
21 2.7180033 3.5607204
25 5.640701 2.8196983
17 -1.4045404 5.775173
0 1.1783326 4.0961533
11 1.3743011 4.0241556
28 -1.1914244 5.4689317
15 6.1111484 2.8346283
22 4.4062815 2.9620688
19 -2.184559 6.428284
8 -1.147315 5.39462
9 1.3254129 4.169451
16 1.3562287 4.1365023
27 2.3082714 3.6643338
13 2.7967103 3.5862503
