30 2
10 5.4558163 -0.8061182
15 3.7541666 1.9248722
21 2.8485663 5.112332
17 3.7235208 1.8034877
22 3.5751445 1.9144162
14 3.5352325 2.2122157
8 6.411228 -1.666593
7 3.3811293 2.5434594
1 2.7763202 5.6269097
3 2.9086971 4.57955
16 3.572252 2.0844471
25 6.4092517 -1.7216846
18 3.663134 1.6898284
28 6.1266356 -1.6253046
4 3.785273 1.5183452
19 5.7076707 -1.0948772
12 2.9006124 6.801485
13 5.5154896 -0.9735752
23 7.0160265 -2.3790197
6 6.4355607 -1.9652792
20 4.038722 1.1091113
0 2.8394747 5.127031
26 3.4018066 2.5425286
2 3.0335035 6.906026
5 6.6832504 -2.0772161
9 2.8491795 5.096083
27 2.8239045 6.4657006
29 7.2439237 -2.5337868
24 2.8924165 5.0493536
11 2.8375375 6.1582036
