30 2
29 4.5167036 3.6723952
2 -2.2489464 5.6948333
7 4.074288 3.522254
1 5.611009 3.5216084
5 1.4893771 3.9506443
20 -1.6446105 5.2532654
14 -2.6096113 5.8594685
4 -2.508494 5.756232
11 1.1316789 4.0564075
25 5.1526327 3.6046526
6 4.8319845 3.418679
22 4.2417145 3.439177
0 0.57374597 4.186688
3 1.4038162 4.0306797
10 4.1565795 3.5114396
15 5.600066 3.5821958
12 5.044008 3.4436216
18 -1.5576543 5.103082
24 1.3929551 4.1061273
23 -2.8267663 5.8688736
26 5.257442 3.3826504
28 -1.6723698 5.224341
16 0.79119325 4.36402
21 2.3548923 3.8842056
19 -3.1009822 6.163419
17 -2.130341 5.574709
8 -1.6652147 5.086998
27 1.6659578 3.9192128
9 0.74143845 4.2686143
13 2.3408475 3.739563
