30 2
4 -1.6205158 5.8778663
1 5.8531675 2.843526
7 4.360989 2.9827905
29 4.732988 3.0288162
5 2.1768389 3.5965374
24 1.92332 3.7959154
14 -1.9428697 6.1784134
2 -1.5269055 5.8388486
20 -0.89835405 5.2696476
18 -0.84604734 5.1637993
0 1.1765538 4.082306
3 1.8084037 3.9238358
22 4.451678 2.981387
15 6.10284 2.7719574
8 -1.1237298 5.3932457
21 2.7968998 3.6019814
10 4.5529795 3.0136964
6 5.389329 2.792708
26 5.569399 2.789638
17 -1.4414822 5.769694
23 -2.2059128 6.4218884
11 1.4460251 4.002698
13 2.8554864 3.561716
25 5.6168904 2.7851136
19 -2.153059 6.411363
28 -1.2275573 5.4959507
16 1.3681749 4.1779637
12 5.5033607 2.880789
27 2.304337 3.6769361
9 1.3539441 4.138165
