30 2
2 -2.596936 5.6396646
7 3.7907693 3.7907245
29 3.9515214 3.947073
14 -3.0610552 5.623565
5 1.1851444 3.9946096
23 -3.2545204 5.81233
3 1.0879085 4.158842
20 -2.143476 5.0677767
26 5.043125 3.738193
1 5.270976 3.952359
18 -2.0182748 5.0136013
15 5.092986 3.9404628
10 3.8692753 3.8686185
0 0.3655634 4.2526784
25 4.9328303 3.9415977
22 3.8791263 3.7207284
4 -2.779247 5.4017043
11 0.78302497 4.1929774
28 -2.451755 5.174567
16 0.47174785 4.3856034
21 2.048832 4.1461744
8 -2.0266542 4.9173903
13 2.2441418 3.9915106
24 1.4847856 4.1613274
6 4.8838477 3.8554573
27 1.298274 4.0962844
12 4.7309074 3.8371577
17 -2.5126414 5.313865
9 0.45912546 4.3437204
19 -3.3974264 5.8287687
