30 2
22 3.8861437 1.3378155
21 3.9219656 4.3928814
8 5.8937774 -2.9204652
14 3.8511772 1.7847846
10 5.197548 -1.9837933
4 3.9737782 0.7706561
1 3.8451707 4.8533425
16 3.894689 1.3114605
18 3.8889709 1.0924677
0 3.7331045 4.234785
26 3.813836 1.8346376
15 3.996063 1.1322994
28 5.813357 -2.871904
17 3.9631817 1.1317854
6 5.8940005 -2.999234
19 5.3226686 -2.041821
11 4.0438304 5.4814024
24 3.7952235 4.3940115
13 5.2441 -2.1067011
20 4.0403085 0.47868887
7 3.7670722 1.8385658
12 4.1654577 6.1790004
29 6.602815 -3.7394152
25 5.978385 -3.1030018
9 3.8150456 4.544557
27 4.042807 5.775782
3 3.764115 4.1011653
23 6.4854116 -3.738631
2 4.1167717 6.0166245
5 6.100068 -3.2426605
