30 2
29 4.877459 3.020752
2 -1.4403238 5.963001
7 4.564031 2.8581634
25 5.749092 2.8171322
20 -0.89549667 5.3603897
14 -1.8609569 6.1590953
24 1.9933143 3.7830899
23 -1.966036 6.4218335
6 5.4529047 2.7409103
3 1.7483587 3.8617377
18 -0.76686114 5.268064
4 -1.4899606 5.901619
10 4.6366053 2.9945045
5 2.1413472 3.6394098
21 2.7959032 3.5391817
26 5.605898 2.6292489
0 1.1437795 4.098277
1 5.890975 2.6943808
15 6.151949 2.7627563
11 1.5305266 3.9542909
28 -1.1534349 5.5582223
9 1.3568479 4.195535
19 -2.066161 6.4536233
17 -1.2538282 5.7222743
8 -1.0289127 5.4630294
12 5.5822306 2.7366657
22 4.4180794 2.9226215
27 2.3193336 3.6394284
16 1.4061209 4.1048384
13 2.962895 3.455203
