30 2
7 4.2522893 3.0553284
3 1.6701119 3.9076815
29 4.878386 3.0786297
20 -1.0721669 5.3944917
6 5.2855864 2.841794
14 -2.0332289 6.1939554
18 -0.82844055 5.0823646
1 5.8478093 2.9514966
4 -1.7223201 5.759163
5 1.9787428 3.7311006
2 -1.5639547 5.9450655
11 1.3451486 4.052466
24 1.9967071 3.93056
25 5.5976853 2.9202158
23 -2.3030796 6.4216337
10 4.582842 3.0829618
21 2.7425823 3.5881476
16 1.3620895 4.2020125
22 4.458189 3.023863
0 1.1357775 4.0869827
12 5.413138 2.9260035
26 5.413286 2.825872
15 5.970442 2.8939884
19 -2.2812119 6.3863454
17 -1.4519573 5.7413473
8 -1.0884106 5.314962
9 1.3646567 4.242109
13 2.6911056 3.5591412
27 2.281225 3.6429827
28 -1.3201196 5.4062576
