30 2
29 4.207879 3.9042363
4 -2.672066 5.446576
22 3.9452398 3.6921709
14 -3.001698 5.655859
20 -2.0048125 5.136953
7 3.7581778 3.7556052
2 -2.7114666 5.5607505
1 5.2399254 3.8428094
0 0.33376893 4.211208
16 0.48003668 4.276974
3 1.0209068 4.1198397
11 0.8581373 4.16218
15 5.1959476 3.9893517
23 -3.0965588 5.7737775
12 4.6862187 3.864703
8 -1.9636748 5.0213876
25 4.860927 3.9407876
18 -1.871497 5.0019326
26 5.014653 3.7476106
17 -2.565191 5.4023285
6 4.974781 3.7407053
5 1.1107202 4.031892
19 -3.293427 5.8892546
24 1.3776678 4.037411
13 2.265049 3.913467
28 -2.326898 5.1694784
10 4.007895 3.8450952
21 2.0905232 4.0806184
27 1.4590557 4.0611186
9 0.47607613 4.35624
