30 2
21 2.949164 4.992652
10 5.4732623 -0.96824205
22 3.5851352 1.9450729
7 3.3679624 2.4689245
23 7.0161977 -2.5376253
1 2.9188077 5.6862683
8 6.4147763 -1.8384179
17 3.7350314 1.7826698
25 6.345687 -1.9869691
28 6.304814 -1.8087937
20 4.0256023 1.0426686
18 3.6587741 1.5879308
14 3.4587474 2.4421368
6 6.403131 -1.9199278
16 3.635642 1.9815731
0 2.9168324 4.9406047
12 2.9729874 6.676245
2 3.0775735 6.8038955
24 3.0338345 4.994161
13 5.5087337 -0.963096
19 5.644864 -1.1577836
29 7.154179 -2.5249283
3 2.9494283 4.652825
4 3.8317404 1.4981078
11 2.9384701 6.28886
27 2.976756 6.4809847
26 3.356176 2.561038
9 2.9802697 5.025879
15 3.7326567 1.7768444
5 6.5975904 -2.1079493
