30 2
22 3.914539 1.3083968
16 3.8795948 1.5822852
4 4.0433598 0.85907817
17 4.0790534 1.0087326
15 4.012496 1.143327
1 3.8178601 5.0535817
13 5.2115917 -1.8082951
27 3.9241157 5.915024
7 3.7453444 1.8834263
6 5.9727435 -3.0939796
0 3.6856563 4.4354444
23 6.5601506 -3.6664402
21 3.7430637 4.531904
28 5.862083 -2.7065213
25 6.010615 -2.9091904
8 6.0332637 -2.8770766
10 5.220839 -1.8804306
14 3.8250573 1.7957913
19 5.3626614 -1.9771796
29 6.730572 -3.681859
26 3.699334 2.0957327
9 3.753612 4.545954
12 3.9615192 6.238759
18 3.8642726 1.1021556
2 4.035095 6.20906
11 3.89479 5.656926
5 6.154097 -3.0197546
3 3.7676892 4.3040595
20 4.08557 0.53534746
24 3.682062 4.500964
