30 2
1 2.8756433 5.638955
10 5.495357 -1.0662024
19 5.5467434 -1.040259
22 3.6290414 2.114189
14 3.472801 2.28942
21 3.0298712 4.899806
4 3.7803106 1.5290084
6 6.515697 -1.928603
28 6.1965566 -1.8597407
7 3.3592348 2.602574
16 3.6890395 2.0559251
25 6.373473 -1.8958575
23 7.085602 -2.463656
15 3.7452035 1.8426859
20 3.918815 1.1997403
11 2.9384773 6.2697487
8 6.476813 -2.043521
27 2.9831886 6.479607
18 3.705873 1.6057453
0 2.970622 4.834424
26 3.350583 2.5793285
29 7.1744695 -2.5919354
2 2.9563525 6.908768
17 3.7896295 1.822571
13 5.4317822 -0.98148143
12 2.9897826 6.642365
5 6.6502676 -2.236606
24 3.030518 4.998359
9 3.0877416 4.947873
3 3.0599253 4.519117
