30 2
29 4.8800545 2.9639952
7 4.4951315 2.8915854
3 1.7207016 3.9088907
2 -1.4256593 5.9840236
5 2.065074 3.6641822
4 -1.4505347 5.928461
18 -0.750222 5.202867
14 -1.823212 6.214766
20 -0.8197639 5.302686
23 -1.9777161 6.4424105
8 -0.99224013 5.4448915
24 1.9534004 3.7984874
28 -1.1762453 5.5849333
0 1.1299386 4.108957
22 4.506938 2.9038615
1 5.905727 2.6300645
21 2.866926 3.5257976
25 5.749606 2.749947
11 1.5587977 3.952167
10 4.730395 2.8877573
26 5.582865 2.6938794
6 5.4953933 2.719603
9 1.3372338 4.1791773
12 5.5339437 2.7150228
27 2.3444154 3.6451085
17 -1.244674 5.6784816
19 -2.0164557 6.464861
16 1.4078685 4.177478
15 6.18674 2.7540429
13 2.9440784 3.4657753
