30 2
29 4.2912917 3.8698583
7 3.8440268 3.745368
20 -2.0037844 5.1043444
2 -2.683506 5.5258126
3 1.0801612 4.0975103
1 5.242244 3.791715
14 -2.954941 5.6983037
10 4.0078287 3.8158586
0 0.39596614 4.2316394
4 -2.6297169 5.514604
5 1.1773056 4.0175853
24 1.3676094 4.053221
21 2.1061707 4.057263
11 0.8340009 4.153704
22 3.9423614 3.6985364
25 4.847668 3.9317603
26 5.0496793 3.6762295
6 4.981985 3.714782
8 -2.064265 5.127792
16 0.53750956 4.2844844
12 4.7049513 3.8399296
18 -1.8728089 5.0061727
28 -2.190599 5.1917787
27 1.4685148 4.057654
15 5.1832747 3.9406583
23 -3.0722425 5.7493577
17 -2.511368 5.3986273
9 0.50200516 4.380926
13 2.336703 3.9104981
19 -3.3360178 5.8446107
