30 2
1 2.9753187 5.6064944
7 3.416359 2.449008
16 3.6512501 1.9685061
28 6.081564 -1.742914
26 3.3902097 2.541188
21 2.996403 5.056656
0 3.0364304 4.723562
6 6.4414 -2.139517
14 3.4787116 2.2979615
25 6.321998 -1.8060869
15 3.803472 1.5816284
8 6.3823266 -2.0212631
10 5.473917 -1.095327
22 3.584889 1.9101992
4 3.8765519 1.3591825
13 5.4913645 -1.1517469
19 5.5793424 -1.0996904
12 3.045193 6.5668364
20 4.0369296 0.98620164
29 7.1267023 -2.721252
23 7.0878077 -2.7275257
18 3.7035875 1.5723606
17 3.7818964 1.6549077
2 3.135168 6.9196806
3 3.044175 4.6381726
27 3.0263648 6.3838296
5 6.497524 -2.1565375
9 3.0768836 5.0414305
24 3.0090837 4.991426
11 3.0584836 6.0965667
