30 2
7 4.0076604 3.5294814
29 4.388902 3.6625004
20 -1.7356741 5.2408566
4 -2.4803898 5.717388
3 1.4631708 4.041566
18 -1.6787105 5.105659
2 -2.3755746 5.703407
25 5.2165184 3.5896099
1 5.6323266 3.5802317
10 4.2445264 3.548247
21 2.308891 3.9101157
5 1.4902369 3.940256
14 -2.6780853 5.8323216
8 -1.7535235 5.1521597
23 -2.7552054 5.845522
24 1.4404585 4.0391583
0 0.60575914 4.236579
12 4.975503 3.613059
16 0.6318846 4.420046
11 1.0681189 4.105604
6 4.8661294 3.4296236
22 4.2103333 3.486857
15 5.6086135 3.5605843
26 5.2042966 3.4591997
17 -2.1636534 5.558625
27 1.690532 3.9495268
13 2.3168035 3.731177
19 -3.1252825 6.1639857
28 -1.8549196 5.221564
9 0.6982513 4.2652
