30 2
21 3.4135146 4.7516546
19 5.430026 -1.4806192
10 5.383448 -1.5431783
1 3.3716698 5.162903
15 3.9333048 1.2338669
22 3.7798867 1.6183943
16 3.7943432 1.7128111
8 6.1941895 -2.6085587
23 6.7846804 -3.2100928
25 6.1150603 -2.4654684
4 4.043455 0.9219264
14 3.7881193 1.8839321
6 6.2876477 -2.6650188
17 3.9217906 1.3614631
7 3.6126497 1.9400846
28 5.909192 -2.3159127
0 3.464051 4.622437
12 3.6275346 6.4877563
13 5.419511 -1.6145988
3 3.4890876 4.3741417
20 4.1364765 0.69277716
2 3.6460283 6.439084
29 6.85929 -3.2734845
27 3.561586 6.166584
26 3.6800313 2.061413
18 3.841574 1.2048305
11 3.547784 6.036188
9 3.4558327 4.715483
5 6.3573933 -2.709423
24 3.4558206 4.8181057
