300 2
255 -1.9953213 1.0176407
149 -1.9393826 0.96022487
105 -3.2498815 -1.0491688
265 -1.3162212 3.5686843
165 -3.5979624 -1.3840373
136 -3.9864984 -1.8601059
210 -1.2168177 3.7854798
292 -3.7034385 -1.472438
99 -1.315678 3.7248578
217 -1.3020667 3.8768651
10 -1.2102909 4.02593
65 -3.441591 -1.314367
11 -2.0079446 0.81867856
73 -2.054251 0.82477045
209 -3.4711232 -1.3530828
197 -1.2828419 3.6071486
251 -1.4048312 3.8238695
23 -2.0360038 0.9252661
122 -1.2995983 4.0347238
84 -1.2957613 3.5825646
148 -3.7774448 -1.6522915
22 -1.259512 3.7196305
203 -3.6752503 -1.481697
67 -1.3691378 3.602032
272 -1.3226241 3.0376375
26 -1.2853975 3.484877
128 -2.0136619 0.8119263
121 -2.022328 0.7844048
56 -2.0386848 0.8195809
293 -2.0311973 0.86157674
17 -1.2529086 3.7651768
18 -1.9309227 0.9767997
62 -3.7500753 -1.6345838
133 -3.4376132 -1.294251
46 -1.2803532 4.0627027
47 -1.381366 3.3635654
90 -3.6543233 -1.3885378
93 -1.3013009 3.6201215
154 -3.912861 -1.6569663
6 -2.149266 0.5973939
7 -1.2406412 3.4023073
12 -1.8934011 1.0427232
213 -2.009854 0.81354094
263 -1.9856017 0.871473
16 -3.6220894 -1.379442
276 -2.0313592 0.7805603
170 -1.8939815 0.98053616
71 -2.0565856 0.8179851
219 -3.6049333 -1.4596233
204 -3.6667893 -1.4486729
252 -2.0257366 0.8095776
147 -2.0451663 0.8678232
162 -1.952246 0.87892944
159 -1.2765113 4.0223813
176 -1.306674 3.5989835
189 -1.2945853 3.5860503
201 -2.0188544 0.8555612
234 -1.9896618 0.93240875
221 -3.686368 -1.5017055
184 -3.8524787 -1.7038736
220 -3.6879668 -1.5841812
231 -1.9662635 1.0420454
44 -3.1774018 -1.0291559
97 -2.1035972 0.6360045
55 -2.1298707 0.62768537
225 -1.2953542 3.7333236
174 -2.0474658 0.81392115
246 -1.3261505 3.9065626
9 -1.9820664 0.8865821
94 -1.9767431 0.84431064
15 -1.9379382 0.99123114
123 -1.3145128 3.6347275
195 -1.3196341 3.754485
250 -3.7027764 -1.5957981
35 -2.1443977 0.5925521
164 -3.938771 -1.7156518
114 -2.1438272 0.6546301
194 -1.9455279 1.0088525
152 -3.7232919 -1.5973964
205 -1.3598582 3.2785442
242 -1.8871888 1.022609
92 -1.2582403 4.248459
289 -3.644655 -1.4543982
108 -1.9664772 1.0580887
115 -1.2312577 4.0352855
258 -1.8559388 1.069403
120 -3.6602855 -1.4988577
142 -1.3053708 3.9866767
256 -2.0924127 0.5353083
280 -1.9600259 0.97951543
254 -3.5386636 -1.3549782
8 -2.1224055 0.7105311
274 -1.9399732 1.071137
49 -1.9394982 1.0212096
104 -1.8971908 1.0212482
58 -3.578709 -1.4325228
277 -1.944086 0.91630626
113 -1.9508461 0.97986037
95 -4.034066 -1.8631642
158 -1.3290275 3.875406
236 -1.3678623 2.8230755
87 -2.010404 0.8736344
295 -3.3698952 -1.2594541
102 -2.0555654 0.7685314
33 -1.8211914 1.1527038
63 -1.9237403 0.9897298
206 -3.4465885 -1.3244518
228 -1.9756565 0.9212118
175 -1.9254336 1.0571942
208 -3.5937011 -1.3846381
262 -1.9573721 0.9467331
284 -3.7185962 -1.5315642
299 -1.3270581 3.6525688
130 -1.3200315 3.707833
54 -3.812012 -1.6552072
127 -2.092191 0.67225415
28 -3.7658036 -1.6550016
135 -3.4164178 -1.1709015
64 -3.5268211 -1.2991217
126 -2.0095441 0.9055378
131 -3.3357084 -1.1437182
155 -4.159894 -1.8795569
198 -3.071948 -1.0021032
29 -3.515291 -1.454168
5 -1.8910569 1.232693
14 -3.4876356 -1.3998488
243 -1.994949 0.8707287
98 -3.3849342 -1.3046641
27 -3.7658508 -1.5450345
34 -1.8629217 1.2648859
180 -2.1343772 0.65756243
40 -3.7357447 -1.5995637
42 -1.2643672 4.2228627
83 -1.9258403 1.005758
86 -3.2330585 -1.1493756
166 -1.2479604 3.8684564
117 -2.0385687 0.8124839
88 -1.3137702 3.4345481
273 -3.7589917 -1.6362408
132 -1.3343968 3.5993507
141 -3.642984 -1.4436498
143 -1.2714767 3.0839124
91 -1.8939399 1.1744606
4 -1.2505043 3.6585152
30 -1.2479464 3.838085
41 -1.2541878 3.9011543
199 -2.0146215 0.89909613
82 -3.7173765 -1.5500351
78 -1.2974688 4.108603
79 -3.7166667 -1.5202918
124 -1.3575329 3.8762443
253 -1.8350407 1.1523225
237 -1.2992436 3.44598
169 -1.3204912 3.7968955
218 -1.9577726 1.023666
235 -1.3342749 3.7835584
261 -3.6390457 -1.522705
298 -1.9638532 0.85946935
287 -3.753127 -1.4829065
70 -1.3323972 3.736312
20 -1.2997757 3.7617543
172 -3.4365838 -1.3388422
101 -1.9930828 0.8177815
24 -1.2811244 3.67592
60 -2.0178185 0.9363591
45 -1.2522302 3.411028
52 -1.9723827 0.9003267
57 -2.025034 0.81450355
190 -1.8166996 1.2912755
196 -1.2624038 3.773218
288 -3.8264797 -1.670695
116 -1.3101021 3.487061
118 -1.2916942 3.958138
119 -1.3028349 3.3205607
139 -3.7341008 -1.5799041
146 -3.8873692 -1.6917497
160 -3.6866674 -1.4175788
271 -1.2905486 4.408395
140 -1.9306312 0.829084
77 -1.3386616 3.345464
268 -1.2782446 4.414829
38 -1.2548513 3.7165217
282 -2.005897 0.77190393
291 -1.9660602 0.9271034
107 -1.9375818 1.0679436
112 -3.7065008 -1.5033162
226 -1.2892649 3.7505069
223 -3.8878021 -1.7451261
240 -2.2375453 0.4752355
0 -1.3365982 3.36275
3 -1.3346099 4.046906
286 -1.2724842 4.1338177
151 -1.9798601 0.9127251
31 -1.2781832 3.7259052
183 -2.0165775 0.7466456
76 -1.2912782 3.9866762
103 -1.3346245 3.6656175
111 -3.5925088 -1.4081823
134 -1.9325999 0.8932584
144 -1.2864004 3.589034
150 -2.151803 0.6377853
296 -3.7175438 -1.4947243
270 -3.754877 -1.6005294
214 -1.8986888 1.1315193
229 -1.9143635 1.1570864
19 -1.2877113 3.874335
21 -1.3424896 3.6259933
215 -1.2672625 3.9208412
182 -3.5146275 -1.4782184
110 -3.298983 -1.2791061
37 -3.7654812 -1.5901535
153 -3.5623777 -1.4110425
247 -1.2761452 3.5622292
233 -2.0905864 0.7479325
281 -2.0602386 0.82322466
188 -2.0755208 0.7180594
1 -3.6226063 -1.4336013
167 -1.326494 3.5478182
230 -1.2953907 3.0965147
36 -1.278358 3.7049644
137 -1.3261944 3.578389
259 -3.7656896 -1.5057925
43 -1.8532157 1.0960062
275 -2.1089566 0.72710234
248 -3.7405279 -1.5403972
68 -1.2670559 3.6148567
200 -1.2642386 3.7495148
72 -3.2742112 -1.1058689
157 -3.512282 -1.4382635
279 -1.9692259 0.8563232
100 -1.357745 3.7280452
294 -3.8517675 -1.6325138
241 -1.9134121 1.0632291
25 -3.7559934 -1.6187896
232 -3.893445 -1.7225747
245 -3.6048045 -1.4148316
74 -3.4129286 -1.3353372
173 -2.0795398 0.75377303
145 -3.8646233 -1.7447472
163 -2.088541 0.8314499
81 -1.2639453 3.7052767
96 -1.2695626 3.8125672
192 -3.6720762 -1.4753784
285 -1.2743131 4.3639255
2 -3.3585668 -1.1825994
129 -2.036065 0.89685374
69 -1.2476181 3.7142391
75 -3.532734 -1.4290471
89 -1.9084538 1.0917661
297 -1.2826064 4.3307276
179 -1.2860968 3.593646
207 -1.2664359 4.1594176
13 -2.0601459 0.8398079
278 -1.2518836 3.5862653
239 -1.2745026 3.8947587
138 -1.3236465 3.4607563
216 -3.5067492 -1.4441596
168 -3.6678963 -1.4943706
187 -3.7409012 -1.6178119
185 -3.8391068 -1.6190205
267 -3.1747217 -1.0660189
161 -2.0153265 0.9231168
224 -3.7370129 -1.4549154
211 -2.0776944 0.77702755
238 -1.3554972 3.7483158
212 -1.3249182 3.9671454
59 -3.6785681 -1.5659214
177 -2.0898614 0.7047334
244 -2.0202196 0.83380437
178 -3.4890194 -1.2911775
260 -4.0613837 -1.866602
53 -1.271086 3.6716504
193 -3.7647011 -1.5785613
80 -1.247064 3.7725923
85 -3.7448742 -1.5944555
109 -3.9974341 -1.837267
222 -3.7702413 -1.5729382
61 -2.0401282 0.7527338
66 -1.2532072 3.954244
264 -3.799136 -1.5879785
156 -1.3533609 3.5545669
227 -1.3130311 3.7118363
48 -3.775411 -1.6109359
249 -3.5751693 -1.420992
266 -2.0469189 0.88246137
290 -1.3009616 3.5582044
186 -2.0844927 0.778263
106 -1.2647266 3.42316
181 -3.7175841 -1.506593
125 -1.2804222 3.713051
171 -1.912659 0.9711047
191 -1.3086554 3.9157643
202 -4.025286 -1.7531528
269 -3.4458477 -1.3544171
50 -3.1573446 -1.0835773
39 -2.0240636 0.84535694
283 -1.2366462 3.6491535
51 -3.6065512 -1.4447973
257 -1.2980295 4.1020603
32 -3.6909943 -1.4595034
