30 2
22 3.8021991 1.5196201
16 3.890218 1.601256
21 3.723269 4.51588
1 3.6907456 5.01608
15 3.97765 1.3207868
10 5.3685393 -1.8434428
19 5.2885127 -1.97877
7 3.7589273 2.0278819
3 3.7018528 4.215365
27 3.8255856 5.993923
26 3.7113726 2.0926046
25 6.0310817 -2.8364372
4 4.0005884 0.83735645
28 5.8737016 -2.639842
8 6.0314436 -2.7344532
11 3.8423674 5.7114406
9 3.7045963 4.696434
14 3.745005 1.9678532
29 6.837934 -3.7312436
6 6.131197 -2.9338458
17 4.0442924 1.2177519
23 6.58555 -3.5987797
20 4.046733 0.50301427
24 3.7459042 4.560265
13 5.1967425 -1.8510388
0 3.6481369 4.4424095
2 3.9880345 6.213998
5 6.1360087 -3.1002352
12 3.9811058 6.172077
18 3.9123971 1.1076595
