30 2
2 -2.4815261 5.697767
24 1.2527026 4.0608816
29 4.3393407 3.8213491
18 -1.7569683 5.0919256
7 3.888542 3.6293352
10 4.1126904 3.709644
0 0.5944544 4.2654424
14 -2.8267717 5.6796293
6 4.9323688 3.6185846
21 2.1610324 3.9525821
3 1.3697786 4.112004
4 -2.4466414 5.5419264
25 4.9452496 3.659419
1 5.4176373 3.644904
5 1.3991394 3.9543927
15 5.532652 3.6854734
20 -1.8484429 5.113601
16 0.5168183 4.3069997
11 0.92895174 4.174713
22 4.0661035 3.6401098
9 0.5490827 4.325265
12 4.772735 3.6583126
8 -1.9515295 5.144999
23 -2.9893599 5.9070306
19 -3.088194 5.903589
26 5.0547843 3.5786178
13 2.1903193 3.905169
28 -2.0699883 5.136096
17 -2.2217743 5.424639
27 1.542329 3.9585693
