30 2
7 3.7720616 1.9997165
16 3.9590304 1.5635673
15 3.9811966 1.3034412
22 3.8342297 1.301112
20 4.1163096 0.41926855
4 3.9868586 0.79322386
14 3.7809396 1.9467866
25 6.0160527 -2.7427206
21 3.7136595 4.622753
17 4.046081 1.1324091
0 3.6605911 4.525683
8 5.962666 -2.765286
10 5.3200316 -1.7729238
27 3.842078 5.967495
13 5.186876 -1.7427874
26 3.6475906 2.1230884
3 3.6667619 4.324357
23 6.623965 -3.5498776
18 3.8895912 1.0710658
28 5.829396 -2.6542459
6 6.0643396 -3.0543954
1 3.6731815 5.0964046
5 6.1405153 -3.1145518
9 3.6946805 4.5918517
19 5.321047 -1.9784216
24 3.7705348 4.55578
29 6.8040547 -3.7296607
11 3.8306222 5.6438265
12 3.9790368 6.1393843
2 4.0179205 6.16599
