30 2
16 3.623135 1.9972395
4 3.8371134 1.491061
22 3.584333 1.9376358
23 7.015038 -2.551658
1 2.908093 5.677989
10 5.4922833 -0.98639965
3 2.9577868 4.641983
28 6.302283 -1.8037754
21 2.9612792 4.9761105
14 3.4531653 2.4403203
19 5.639195 -1.1420474
20 4.025429 1.051662
7 3.3729908 2.4660015
2 3.072771 6.7876863
27 3.0053358 6.486273
0 2.9147437 4.9446034
8 6.4255414 -1.8375922
18 3.644106 1.599685
26 3.3540187 2.5537386
25 6.3330016 -1.9974208
15 3.72731 1.8030998
17 3.7297628 1.7957644
24 3.0230064 5.013761
29 7.168135 -2.520898
11 2.9355102 6.291842
6 6.4068522 -1.916361
12 2.966105 6.665462
9 2.9945264 5.037427
13 5.5086675 -0.9771158
5 6.609619 -2.1103067
