30 2
7 3.5946162 2.0016985
4 4.070036 0.94314855
25 6.1383214 -2.5385997
22 3.8081856 1.5972598
6 6.305055 -2.813215
23 6.7380857 -3.2459228
17 4.0026693 1.2954894
21 3.4891272 4.6820526
16 3.7904825 1.7451884
15 3.897688 1.2757636
26 3.6739776 2.139809
3 3.4894009 4.4172444
0 3.5012422 4.6697607
1 3.370061 5.1218166
19 5.4606457 -1.5845201
28 5.9572377 -2.338446
13 5.4566875 -1.6232302
8 6.092476 -2.631638
14 3.766703 1.8859885
12 3.5576513 6.461692
27 3.5927827 6.095126
10 5.375914 -1.5376692
11 3.6090524 6.037762
9 3.4242797 4.7226205
20 4.0968013 0.7424136
18 3.8602138 1.247336
2 3.616801 6.445489
24 3.486656 4.8465166
5 6.313528 -2.7236218
29 6.8845153 -3.2365587
