300 2
195 -1.3130221 3.3673973
149 -2.0824778 0.71867555
65 -3.5976956 -1.4774096
282 -2.0912597 0.566157
23 -1.9801815 0.9372047
231 -1.8733814 1.06084
255 -2.0058186 0.9750885
157 -3.6716444 -1.5343724
115 -1.2523232 3.9343255
121 -2.053983 0.8215721
6 -2.03603 0.8733876
166 -1.2974306 3.7206616
9 -2.0767145 0.73324406
47 -1.2848485 3.5266542
270 -3.69457 -1.5954864
189 -1.2626672 3.6627786
17 -1.3360218 3.9725456
229 -1.8132645 1.3600018
72 -3.460892 -1.3043356
104 -1.9633993 0.9426862
209 -3.4350314 -1.280555
237 -1.3348174 3.6072574
190 -1.9312822 0.9273947
241 -1.8786956 1.0940943
108 -2.0016828 0.7863458
232 -3.7775173 -1.598365
82 -3.6039824 -1.4846004
163 -2.1687045 0.6025058
42 -1.2676833 3.9316404
40 -3.7017462 -1.5441499
262 -2.0483348 0.7516778
78 -1.2695312 3.5377004
277 -1.9778337 0.9809584
221 -3.7771046 -1.5770948
299 -1.2564582 3.7458272
272 -1.4138272 3.022924
160 -3.7095938 -1.5635954
193 -3.579683 -1.4526712
2 -3.1513357 -1.0377333
291 -1.911135 1.0889105
94 -1.9782214 1.0275639
51 -3.5495799 -1.4977062
105 -3.2463188 -1.1431464
140 -2.045587 0.731865
292 -3.7021627 -1.5547347
15 -1.9486148 0.8753702
16 -3.8262167 -1.7151151
174 -2.0070217 0.83290416
144 -1.2927555 3.8880444
107 -2.0210302 0.82746947
67 -1.3149407 3.6600418
111 -3.365477 -1.2791266
158 -1.3718024 3.724151
100 -1.2794586 4.2823095
29 -3.5306342 -1.5102124
68 -1.3157461 3.6146076
169 -1.3024993 3.7701418
98 -3.3985145 -1.3187436
128 -1.9732645 0.8520894
75 -3.4211369 -1.2895919
77 -1.315569 3.304466
83 -1.9791951 0.8678688
298 -2.0381403 0.8726067
161 -2.157156 0.6434627
114 -2.2119863 0.5411027
207 -1.2865855 3.9459207
206 -3.359736 -1.1807698
11 -2.085887 0.6666559
252 -2.0974169 0.6299756
224 -3.4933395 -1.4024988
216 -3.9912324 -1.8383697
275 -2.0642798 0.7342566
3 -1.2593328 3.9282668
13 -2.1213622 0.74816805
37 -3.5160398 -1.3645371
142 -1.3374826 3.84119
79 -3.8845782 -1.7548217
151 -2.0924559 0.6775322
194 -2.0011058 0.8780004
76 -1.298865 3.832078
240 -2.1836374 0.50881004
286 -1.3165095 3.9618204
218 -1.8852568 1.0668384
96 -1.2513936 3.98411
122 -1.2913263 4.0462823
276 -2.014458 0.7957914
204 -3.8015656 -1.7029134
155 -3.8388965 -1.8030612
184 -3.7366529 -1.5649877
205 -1.3150276 3.8361738
244 -2.0767035 0.7094227
235 -1.2634752 3.8756251
0 -1.3123884 3.7874267
18 -1.9245694 1.0012286
71 -2.0274167 0.882736
234 -1.9721459 1.0051724
58 -3.9118776 -1.7247281
64 -3.5255563 -1.332587
175 -1.9547414 0.9425407
117 -2.089493 0.68936664
170 -2.0488272 0.69006103
180 -2.0194695 0.8594459
293 -2.068659 0.8245703
208 -3.670458 -1.5491917
136 -3.9550798 -1.8295693
24 -1.251083 3.6528974
56 -1.9510082 0.94883096
225 -1.3371478 3.536152
182 -3.3826747 -1.2298284
61 -2.0529785 0.7170191
148 -3.4552977 -1.3586056
132 -1.2104217 3.3581305
81 -1.3462824 3.6476083
233 -1.9643303 0.8519405
127 -1.9485942 1.0021493
118 -1.3157393 4.032951
133 -3.4203618 -1.1792692
159 -1.3202423 3.7966025
167 -1.2886121 3.7158098
62 -3.9007533 -1.6613504
192 -3.3940856 -1.3039597
60 -1.9715667 1.0525628
249 -3.993064 -1.8544183
257 -1.2928476 4.275578
125 -1.2794516 3.890254
70 -1.2774163 3.8133929
131 -3.667743 -1.5598044
168 -3.8174105 -1.6507853
7 -1.3432637 3.6060681
294 -3.9670658 -1.7070467
176 -1.2672594 3.6514924
20 -1.3124394 3.5580294
28 -3.476101 -1.3785471
33 -1.9659612 0.96396476
39 -2.0037014 0.90151525
198 -3.2758272 -1.1350626
73 -1.9226558 1.0721679
109 -3.9149706 -1.703437
243 -1.9713953 0.9709242
239 -1.3847883 3.8981748
141 -3.9186308 -1.8306253
242 -1.9447474 0.95086235
172 -3.7686477 -1.6373354
213 -2.0180712 0.7831154
263 -2.0867498 0.592475
31 -1.2316039 3.835385
80 -1.2746754 3.8931358
46 -1.2761936 4.151217
113 -2.0710688 0.79631263
69 -1.2856075 3.5224652
259 -3.3996403 -1.29672
103 -1.2626057 3.5117817
135 -3.4030507 -1.3869187
238 -1.3186313 3.4646256
4 -1.2175174 3.7460878
8 -2.0496407 0.77408016
12 -1.8871859 1.1016495
139 -3.7759478 -1.5876434
101 -1.986384 0.9239891
43 -1.9421208 0.9642642
211 -2.003228 0.72306246
30 -1.2889333 3.3541348
35 -2.1586926 0.6228123
44 -3.3026075 -1.1684979
281 -2.0438278 0.72332853
265 -1.2660259 3.3203163
89 -1.9171469 1.0218124
90 -3.3164465 -1.2098677
92 -1.2699794 4.093822
297 -1.3264626 4.030357
290 -1.3066179 3.0791888
248 -3.9214962 -1.7157481
27 -3.5244591 -1.4054058
219 -3.7229683 -1.5534245
267 -3.265979 -1.2081637
295 -3.5500395 -1.4288468
215 -1.2451042 3.5356998
212 -1.2686728 3.7789478
246 -1.2665075 4.082643
230 -1.3444291 3.1892736
289 -3.704251 -1.5578675
280 -2.0265818 0.8054535
173 -1.987817 0.99124813
284 -3.639051 -1.491741
134 -1.9346132 1.0042659
19 -1.362628 3.5538774
52 -1.9112487 0.99949276
130 -1.3058681 3.4709885
74 -3.5320022 -1.3993058
93 -1.3523735 3.5269928
87 -1.9789575 0.9045112
97 -2.0776365 0.6988642
178 -3.426291 -1.352143
236 -1.3624464 3.2771666
123 -1.2551765 3.9502149
278 -1.3178146 3.409222
251 -1.239197 4.1702595
21 -1.3149383 3.6362555
41 -1.3366578 3.726665
57 -2.1168435 0.764661
201 -2.05218 0.7256593
268 -1.3243873 4.1474233
99 -1.2898796 3.7640955
84 -1.3001411 3.7469773
129 -1.9706488 1.0153276
256 -2.0833638 0.7005445
222 -3.7457554 -1.5472387
228 -1.8701099 1.027551
258 -2.0019226 0.8079017
296 -3.8072815 -1.6401078
186 -1.99224 0.9368914
102 -1.9998454 0.896068
156 -1.2456046 3.4314864
266 -2.0444577 0.8138001
53 -1.3084396 3.4837513
227 -1.3423443 3.4279602
179 -1.3519696 3.887754
116 -1.3633646 3.4345186
253 -1.9231682 1.0767914
147 -2.0655909 0.76495594
187 -3.698128 -1.4873853
154 -4.0587597 -1.9114754
177 -1.9505504 0.8933215
274 -1.9869051 0.83218664
22 -1.3006065 3.9024034
214 -1.9399284 1.1137116
196 -1.263052 3.546186
285 -1.2114799 4.0878077
264 -3.9405928 -1.8906423
202 -4.121526 -1.9113537
63 -1.9468142 0.9747695
254 -3.8353136 -1.6923655
150 -2.1273544 0.59048516
223 -4.041236 -1.9011796
181 -3.390495 -1.3013809
10 -1.2751851 4.184055
165 -3.6767805 -1.5440756
197 -1.3558666 3.840757
86 -3.2843742 -1.1890115
226 -1.3325608 3.7849598
152 -3.7630513 -1.6208683
183 -1.9320323 0.94107944
55 -2.0876253 0.6634026
146 -3.7021463 -1.6030982
171 -2.0168033 0.882717
273 -3.6080132 -1.5116693
85 -3.5716941 -1.4540788
95 -3.7841597 -1.6486789
110 -3.2041044 -1.1548195
188 -2.1368935 0.58586586
271 -1.3141464 4.238144
5 -1.9399496 1.0889891
26 -1.336328 3.2476082
36 -1.3430487 3.7464626
50 -3.1945405 -1.0788206
14 -3.4818647 -1.3207008
48 -4.0360217 -1.8985457
38 -1.377158 3.612407
137 -1.3185501 3.6838205
54 -3.900899 -1.729662
124 -1.2913612 4.1780767
120 -3.3975215 -1.2917708
153 -3.2848635 -1.2651768
164 -4.072105 -1.8515413
162 -1.8748779 1.1193608
203 -3.3662758 -1.2572705
287 -3.5490136 -1.517647
138 -1.248939 3.3847976
217 -1.3272595 3.7887986
25 -3.4456322 -1.34762
143 -1.2830038 3.2486856
59 -3.6646283 -1.4835488
66 -1.3074062 3.8627126
106 -1.3329809 3.2952268
126 -1.9221487 1.1322484
199 -1.9814659 0.91536486
260 -4.160785 -2.0515516
247 -1.36466 3.6131132
91 -1.8975276 1.215429
191 -1.3460147 3.9702697
210 -1.3427956 3.8431888
49 -1.9568326 0.9534816
288 -4.0289955 -1.7975614
283 -1.2691776 3.7419386
32 -3.583887 -1.447669
88 -1.3473212 3.0129685
269 -3.2190537 -1.0191063
34 -1.9994158 0.8209786
220 -3.5023117 -1.3945115
1 -3.7874074 -1.6230614
45 -1.3120329 3.5002441
185 -3.6842175 -1.657855
200 -1.3411895 3.624249
119 -1.3523263 3.358569
145 -3.5901065 -1.483686
112 -3.6014538 -1.5494186
245 -3.767079 -1.6141036
250 -3.8500628 -1.7622393
261 -3.6005902 -1.4721506
279 -2.064032 0.79799336
