30 2
22 3.6736736 1.7473787
16 3.648477 1.9616334
28 6.117138 -1.8240273
10 5.4486 -1.1329718
21 3.0753877 5.0377746
1 2.9624088 5.501552
15 3.8802326 1.561355
8 6.34131 -2.1160502
19 5.597873 -1.4012578
23 7.0741415 -2.63465
7 3.4420652 2.4635167
4 3.7962646 1.4965863
27 3.0774682 6.2889814
2 3.1186755 6.8389335
18 3.67681 1.5524205
11 3.0605187 6.1337743
26 3.4401257 2.5892596
24 3.076502 4.9461637
13 5.408573 -1.1281781
14 3.5841627 2.2587166
12 3.0995326 6.6174026
29 7.060488 -2.7663765
6 6.3974504 -2.1202579
20 4.102934 0.8471819
25 6.331128 -1.9856437
17 3.7682383 1.7304572
9 3.1492834 5.0714097
0 3.0567987 4.7645745
5 6.4189377 -2.1544132
3 3.08965 4.660546
