300 2
71 -1.8978057 1.1983936
151 -1.9356835 1.0431097
128 -2.006048 0.8125075
114 -2.0548904 0.864211
298 -1.9793644 0.88286173
67 -1.2571418 3.7312424
229 -1.785152 1.3218695
43 -1.9247013 0.94788784
56 -2.0090318 0.9151633
64 -3.5826497 -1.4297007
167 -1.2763335 3.6589525
62 -3.6019764 -1.4202274
240 -2.1859508 0.51253176
252 -2.1904526 0.45773062
28 -3.5593903 -1.4603367
107 -1.9928929 0.88558567
211 -1.9837866 0.8680222
189 -1.3271977 3.3021696
4 -1.2689948 3.7622828
11 -2.0154302 0.8190562
18 -1.9265926 1.0375626
120 -3.5087712 -1.3502004
86 -3.3447022 -1.1863753
175 -1.8594025 1.0397407
132 -1.294756 3.4028528
8 -1.9964446 0.8058752
139 -4.174024 -1.8383926
225 -1.3224069 3.6406035
144 -1.2445778 3.7115471
198 -3.3179965 -1.1465514
149 -2.005195 0.9748038
23 -2.0301025 0.76833135
42 -1.3084558 3.5850995
259 -3.421451 -1.2916181
276 -2.0135722 0.7127132
127 -2.0304327 0.7347122
63 -2.017552 0.88123256
152 -3.9666934 -1.793025
16 -3.5435438 -1.3617347
66 -1.3209375 3.921476
173 -2.0601459 0.68035287
269 -3.4087334 -1.303119
280 -2.0696783 0.68672186
77 -1.2561313 3.375012
233 -2.058954 0.6243738
5 -1.8529063 1.2252693
140 -2.061349 0.7557202
182 -3.56362 -1.4232609
27 -3.5286462 -1.3591443
244 -2.0327678 0.79017174
87 -1.868117 0.9793599
243 -1.9556968 1.0606198
246 -1.2586092 4.0284376
3 -1.3626044 3.945239
99 -1.2047864 3.4283202
163 -2.1273153 0.5798056
294 -3.7394528 -1.5047754
126 -1.9503984 0.94451076
111 -3.599252 -1.4477446
265 -1.2891754 3.6683528
39 -1.9938896 0.95158
21 -1.2703751 3.9686525
197 -1.3164308 3.7639384
258 -2.0046272 0.80407906
174 -2.0586698 0.7436098
193 -3.7157073 -1.5244652
250 -3.8744426 -1.6722378
94 -1.9991829 0.7991183
134 -1.9457896 1.0008384
212 -1.2560327 4.183495
78 -1.2476037 4.0176325
124 -1.3112328 4.1044106
131 -3.7556238 -1.5814515
19 -1.3009279 3.5611753
180 -2.0513687 0.77100116
45 -1.296979 3.719616
121 -1.9541295 0.9799667
41 -1.3063014 3.7860825
238 -1.3442166 3.6697266
84 -1.3223048 3.6054783
196 -1.2643034 3.5733366
231 -1.8143873 1.1763475
115 -1.2489003 4.0211987
251 -1.2571355 3.8941321
130 -1.2748331 4.078298
208 -3.6965637 -1.5009708
219 -3.5139537 -1.4226692
242 -1.8821423 0.9777185
101 -2.0999765 0.72187847
15 -1.9317578 0.93163025
214 -1.9848832 0.98725295
177 -1.9160345 1.0400592
35 -2.0668619 0.7105634
38 -1.2732974 3.6793761
201 -2.0627348 0.58267033
54 -3.7881205 -1.6228911
194 -1.9929506 0.82266074
110 -3.3993888 -1.2431828
79 -3.6862395 -1.5653083
158 -1.227983 3.7968094
237 -1.3169839 3.6588855
232 -3.715461 -1.546645
292 -3.6248834 -1.4229653
0 -1.3417239 3.7314851
76 -1.2642996 4.132254
186 -1.9913956 0.8945316
9 -1.9926426 0.9135163
227 -1.3212285 3.6283042
170 -1.9601418 0.90636295
80 -1.283006 3.7583241
100 -1.3261496 4.1592197
103 -1.2539698 3.837075
277 -1.949571 0.9850657
82 -3.746578 -1.579262
81 -1.1954271 3.9799492
274 -1.9967903 0.83325285
161 -1.9319632 0.99660134
253 -2.099272 0.68060094
256 -1.9992214 0.8056152
205 -1.2806817 3.6995265
221 -3.549306 -1.3799844
195 -1.3380727 3.2457438
297 -1.3008472 3.7794065
290 -1.3003527 3.2890387
25 -3.721128 -1.5168668
236 -1.3248876 3.2928128
282 -2.1567698 0.4851421
118 -1.3546166 3.860251
146 -4.004489 -1.8027552
117 -2.0559366 0.7592556
168 -3.7120001 -1.470482
202 -4.2036295 -1.966532
154 -3.742009 -1.582851
299 -1.3117671 3.6505098
150 -2.1650841 0.5493898
17 -1.2856542 4.099284
34 -1.9339665 0.9229061
108 -1.9783881 0.8964407
142 -1.3196361 4.0842867
147 -1.9528229 0.9914532
190 -1.9368031 0.9203683
207 -1.3139855 3.8888745
264 -4.0064235 -1.7708676
285 -1.3529698 4.0345535
1 -3.678909 -1.4894133
106 -1.2807306 3.7096758
70 -1.3515073 3.5634995
36 -1.2981997 4.131027
215 -1.2487143 3.8500643
90 -3.3792193 -1.2860441
166 -1.3436483 3.8456285
249 -3.880919 -1.7296667
176 -1.2643331 3.5375946
199 -1.9438379 0.99117357
287 -3.9756086 -1.7900314
273 -3.421986 -1.3542393
286 -1.2979664 3.7124505
295 -3.533669 -1.4330559
30 -1.255085 3.8965828
6 -1.9689319 0.92675126
262 -2.0436974 0.6813514
60 -2.074159 0.6765749
96 -1.2624813 3.8690321
213 -2.1756186 0.58222765
29 -3.4241304 -1.364484
47 -1.3017946 3.214522
97 -2.0652785 0.73039937
241 -2.1468873 0.60973334
75 -3.307659 -1.2780833
169 -1.2596765 3.7074356
235 -1.3180015 3.9464333
133 -3.5381105 -1.4458301
184 -3.894123 -1.6692045
187 -3.7012067 -1.5791179
200 -1.2876227 4.0279303
267 -3.263644 -1.0733727
33 -1.9142872 0.98347706
37 -3.9154425 -1.6624018
105 -3.246346 -1.1014674
51 -3.6424186 -1.520492
98 -3.433117 -1.2448288
157 -3.599949 -1.3799537
248 -4.109314 -1.930708
206 -3.6224174 -1.4825643
296 -3.710008 -1.5941164
291 -1.9906938 0.8561471
7 -1.2670101 3.4682124
44 -3.096317 -0.997574
155 -3.9377074 -1.8204737
284 -3.5101838 -1.2323723
247 -1.3089287 3.5401168
135 -3.0388482 -0.99906963
270 -3.7256134 -1.6163634
220 -3.615547 -1.4412822
230 -1.3043135 3.2911458
263 -2.081826 0.7722907
116 -1.3187954 3.6842403
278 -1.3000127 3.697901
53 -1.2983384 3.3997762
13 -1.9175886 1.0601847
271 -1.2593721 3.994569
141 -3.7511575 -1.6476935
171 -1.9623756 0.948952
192 -3.7297978 -1.5994018
49 -2.0344017 0.9122367
73 -1.968799 0.9744819
83 -1.9867681 0.918681
102 -1.978682 0.85921353
255 -1.9325246 1.062177
288 -3.9441004 -1.7764218
164 -3.9155529 -1.7788177
183 -1.9429792 0.908177
254 -3.775061 -1.601865
12 -1.9339905 0.9550883
40 -3.5453622 -1.4083531
283 -1.2909554 4.0419106
50 -3.2377522 -1.0944893
122 -1.2511098 4.2829146
113 -1.9918618 0.89104766
239 -1.2991909 3.6454
88 -1.28861 3.7261243
159 -1.254726 4.147152
224 -3.977266 -1.804119
160 -3.7223222 -1.6322277
228 -2.0579643 0.80395925
275 -1.96423 0.9229234
46 -1.3327159 4.2494016
22 -1.3200346 3.8026118
24 -1.3048807 3.4227996
93 -1.3129625 3.6120076
26 -1.3006724 3.274871
272 -1.3022624 2.9036396
203 -3.8382473 -1.6332872
209 -3.3990421 -1.1809367
58 -3.929584 -1.6553783
14 -3.4533775 -1.2960904
31 -1.3574028 3.5864418
112 -3.533151 -1.4145873
191 -1.3615514 3.8877385
204 -3.5106728 -1.3661518
268 -1.361475 4.12052
125 -1.2894148 3.5991127
138 -1.3584594 3.416265
165 -3.3227637 -1.1909527
89 -1.8753476 1.0775454
61 -2.0909817 0.6629582
143 -1.2875458 3.868506
245 -3.619467 -1.4726173
234 -1.9632163 0.9138796
136 -3.9157453 -1.6916413
185 -3.6971219 -1.580837
188 -1.9887851 0.7949497
123 -1.287871 3.740768
226 -1.3539116 4.013782
72 -3.3828 -1.1828363
179 -1.2403569 3.806529
109 -3.9140131 -1.7195156
104 -1.9027239 1.0235289
217 -1.2870126 3.8203504
257 -1.282148 4.124638
57 -2.1853514 0.5801571
10 -1.313852 4.2007623
20 -1.3223376 3.895549
55 -2.0817642 0.7125619
48 -3.9285834 -1.78435
137 -1.2810147 3.6056345
289 -3.6223857 -1.5068271
148 -3.5542283 -1.4422773
153 -3.5343027 -1.4168447
32 -3.649006 -1.4934262
95 -3.8697016 -1.6913232
181 -3.371322 -1.1704648
172 -3.8894196 -1.7165952
210 -1.2690566 3.8965237
74 -3.68925 -1.4897068
162 -1.9123113 0.9818527
156 -1.2743596 3.3066518
279 -2.1265483 0.65280944
261 -3.4231398 -1.3193717
129 -1.8089464 1.2515815
293 -2.005765 0.7876894
216 -3.9265308 -1.7047788
65 -3.4858303 -1.4359663
91 -1.7871296 1.3607993
59 -3.800962 -1.5107025
85 -3.2671661 -1.206672
222 -3.8407824 -1.6304498
92 -1.2961544 4.2460866
266 -1.9301753 1.0415034
260 -4.1665034 -1.9353391
2 -3.4039636 -1.2685995
69 -1.1815305 3.6900363
119 -1.3138295 3.7194445
145 -3.8588514 -1.7279636
223 -3.9369564 -1.7506758
281 -2.0619135 0.72556347
68 -1.3382636 3.1425354
218 -1.9543265 0.93811905
52 -2.0165985 0.80447793
178 -3.3757849 -1.2506198
