300 2
36 -1.375864 3.7792988
225 -1.3630204 4.123851
168 -3.5868545 -1.6523741
6 -1.9783574 0.9315132
201 -2.0914743 0.67754143
298 -2.0818665 0.75547564
193 -3.496386 -1.4306878
198 -3.212533 -1.2871575
287 -3.7413883 -1.7520627
189 -1.3695638 3.5667822
43 -1.9743091 0.9380488
49 -2.0275447 0.8058506
209 -3.2715023 -1.3046709
72 -3.4513547 -1.387757
68 -1.3649704 3.7719738
276 -1.9967481 0.94936407
244 -2.0745351 0.7522689
83 -2.0662413 0.67582625
139 -3.8295307 -1.7856239
233 -2.1600225 0.5979322
134 -2.0342636 0.87108743
161 -2.0616894 0.70472544
219 -3.5926232 -1.5167658
45 -1.3376625 3.4765286
126 -1.9611305 0.9263861
286 -1.4077414 3.4877417
11 -2.1654658 0.4688127
85 -3.8252041 -1.7663299
165 -3.5238175 -1.5023828
195 -1.395939 3.1316073
89 -1.9374596 1.0515882
117 -2.0388012 0.6946274
294 -3.7442918 -1.7026954
218 -1.9841605 0.90903157
158 -1.3811905 3.7648118
26 -1.3577131 3.2656271
61 -2.082411 0.7165482
151 -2.0812824 0.7990845
80 -1.4331101 3.5018008
231 -1.924855 1.124772
238 -1.4641994 4.008451
9 -1.930877 1.0650613
242 -1.9540257 1.1417346
205 -1.360542 3.8760107
63 -2.0146618 0.8253015
240 -2.2825434 0.32644212
114 -2.2155437 0.42477784
259 -3.6449022 -1.7039907
152 -3.6231503 -1.6361378
162 -1.9205427 1.0508112
99 -1.3503873 3.8818989
101 -2.082012 0.5419596
149 -2.0490067 0.6520946
263 -2.1203496 0.552327
7 -1.4085299 3.2251928
33 -1.98553 0.9679315
164 -4.0118523 -1.9667232
130 -1.3706053 3.6048248
128 -2.0462813 0.785929
150 -2.250258 0.43225926
84 -1.4224353 3.2957563
265 -1.3983638 3.462703
22 -1.3837456 3.3362205
64 -3.8059452 -1.7737299
170 -1.9982097 0.8616816
73 -2.0028017 0.797162
118 -1.4343749 3.9226623
251 -1.4029064 3.5958695
275 -2.0152836 0.85483336
220 -3.637538 -1.6360064
47 -1.4058167 3.4340448
221 -3.7433112 -1.7122701
69 -1.3124202 3.4895177
252 -1.9967523 0.7824686
269 -3.105936 -1.075743
116 -1.397438 3.5418496
183 -2.0429564 0.8370894
212 -1.3777081 4.2192373
210 -1.376292 3.6913974
100 -1.3961061 3.9300032
15 -1.952779 0.9296797
21 -1.3890793 3.327996
34 -2.0036116 0.9798661
32 -3.40864 -1.4570315
37 -3.6465979 -1.6541533
55 -2.0541153 0.7626494
56 -1.9739782 0.8941727
57 -2.2746677 0.32439062
76 -1.3501618 3.9796987
235 -1.4308854 3.635309
82 -3.6552658 -1.6284018
148 -3.6160216 -1.673505
119 -1.4006219 3.4022264
129 -2.012651 0.9520787
176 -1.3886327 3.2145684
248 -3.9206374 -1.8789457
214 -2.0490415 0.8562845
234 -1.8897749 1.0643802
262 -1.9829695 0.86213523
213 -2.016297 0.9332315
107 -1.9109516 1.1506726
258 -2.0711038 0.8056069
147 -1.9863933 0.9286332
115 -1.3751454 3.8213077
194 -2.0068731 0.8512995
255 -1.9473542 1.1291491
105 -3.2178507 -1.0730387
206 -3.4050786 -1.3866099
127 -1.9408952 1.1100968
142 -1.3302821 4.0985985
159 -1.3766335 3.7625303
243 -2.0361593 0.84923756
18 -1.9822749 0.9186691
28 -3.489137 -1.479401
24 -1.3016571 3.5448947
27 -3.8551366 -1.8601481
29 -3.5275395 -1.5169183
293 -2.1175826 0.5691295
174 -2.0605786 0.7365841
77 -1.3539295 3.007517
113 -2.021005 0.85305226
88 -1.4078883 3.502421
95 -4.167087 -2.0203505
111 -3.286887 -1.3269514
250 -3.6537716 -1.6296633
132 -1.4236578 3.25218
271 -1.4176056 3.9256902
155 -3.5568485 -1.5465944
257 -1.4704484 4.2889028
196 -1.3982043 4.1347013
0 -1.3984337 3.4811683
4 -1.4655118 3.707143
228 -1.9909985 0.800828
245 -3.4085433 -1.3110223
17 -1.3697221 3.9545956
31 -1.3897729 3.3275945
190 -1.9061371 1.1139352
39 -2.0476592 0.7633591
50 -2.9941304 -0.98901564
67 -1.355478 3.687015
277 -1.8917338 1.0458958
78 -1.3639482 3.68343
289 -3.8414083 -1.7919148
108 -1.8922278 1.112371
260 -4.1796737 -2.1711667
1 -3.5175009 -1.4979852
2 -3.45107 -1.4270022
87 -2.1127026 0.7927486
5 -1.9482089 1.0218261
124 -1.4059156 3.6735928
12 -1.9132842 1.0936518
178 -3.2349215 -1.3064737
157 -3.3416452 -1.3904192
281 -2.0183592 0.72368145
175 -1.9308975 0.9835357
261 -3.5775256 -1.5652934
71 -1.9578774 1.0352111
291 -1.9693699 0.90100235
163 -2.1380835 0.57056314
236 -1.3570784 3.2752585
191 -1.4072803 3.5733836
290 -1.4096286 3.3705673
253 -2.0102322 0.8662485
14 -3.531552 -1.6270511
237 -1.414072 3.2690244
282 -2.07718 0.6650511
167 -1.4327095 3.4175258
273 -3.4894493 -1.4531388
120 -3.4448538 -1.3612761
94 -1.9914019 1.0041837
136 -4.061574 -1.9822198
187 -3.5765991 -1.552097
270 -3.4616587 -1.4970232
297 -1.3862022 3.8677652
8 -2.083469 0.6606081
246 -1.3701504 4.0270405
23 -1.9201164 0.9705415
35 -2.0585618 0.69980145
166 -1.3665458 3.5126784
44 -3.1914105 -1.2329003
186 -2.1767173 0.72012603
192 -3.5265408 -1.4893172
247 -1.421891 3.6417413
70 -1.387896 3.6086376
75 -3.5650356 -1.5781782
295 -3.5590718 -1.5695745
224 -3.594988 -1.606241
280 -2.0026984 0.83716637
208 -3.834699 -1.7727617
86 -3.528097 -1.5492278
122 -1.4016637 3.9750466
25 -3.67046 -1.7079175
182 -3.5268216 -1.5951215
91 -1.9309636 1.1230359
58 -3.4485247 -1.449454
65 -3.2834973 -1.2623893
92 -1.3731885 4.443148
197 -1.4052585 4.143417
299 -1.3997862 3.732056
145 -3.675907 -1.6009233
146 -4.082484 -2.0529366
211 -1.97338 0.8353713
97 -2.0070522 0.83811253
121 -2.1104023 0.73939955
52 -2.0556147 0.7375572
284 -3.3951352 -1.3355997
46 -1.3452764 4.330591
232 -3.8610706 -1.8065193
110 -3.4438884 -1.4402028
179 -1.3576576 3.7860293
288 -3.6341588 -1.6236446
3 -1.370623 3.6917872
141 -3.6470973 -1.5981618
144 -1.4416766 4.095097
103 -1.4259881 3.525746
226 -1.341669 3.816678
274 -1.9485544 1.0303032
202 -3.9982605 -1.9629513
230 -1.4070054 3.4008205
267 -3.4040492 -1.3416612
215 -1.4034058 3.7249274
74 -3.5250914 -1.4506544
51 -3.478561 -1.5480976
254 -3.7737021 -1.6891538
173 -2.0864286 0.89231986
203 -3.6188126 -1.6239712
123 -1.4286916 3.8849428
153 -3.6763494 -1.6819146
229 -1.8245639 1.2784125
266 -2.058531 0.8314563
104 -2.0270748 0.84601545
54 -3.7684884 -1.8095603
204 -3.6495914 -1.6098943
66 -1.4412892 4.170014
81 -1.3278589 3.7617445
216 -3.8120697 -1.7777994
98 -3.2752578 -1.1878157
102 -2.020964 0.82087857
106 -1.3926958 3.4564872
109 -4.1302214 -2.1814616
283 -1.4143454 3.8480513
256 -2.2181156 0.3713303
59 -3.6562397 -1.5825784
135 -3.369493 -1.3033572
30 -1.4011337 3.7265422
19 -1.3779913 3.4120283
60 -2.1032808 0.7187502
169 -1.4017622 3.6342146
137 -1.4032439 3.4436557
143 -1.3465097 3.2441795
171 -2.00125 0.85308945
207 -1.4264348 4.093208
241 -2.0045648 0.8680801
53 -1.4529694 3.479497
131 -3.4590294 -1.3747233
154 -3.7630513 -1.8051696
180 -1.9019405 0.9977804
156 -1.4404095 3.5793796
188 -2.094676 0.6103318
296 -3.798116 -1.6849989
279 -2.1132393 0.6334611
20 -1.3360608 3.6279538
42 -1.3351921 4.100739
217 -1.3178083 4.045361
79 -3.7635736 -1.6573792
90 -3.3350532 -1.3492757
200 -1.3579087 3.7050269
285 -1.3726844 3.7059088
140 -2.0391278 0.66945064
112 -3.7124407 -1.7277135
264 -3.86838 -1.9237723
133 -3.3413644 -1.2946275
16 -3.7386215 -1.7311108
184 -3.8412263 -1.7528783
40 -3.6515284 -1.6893672
48 -3.6564791 -1.6589379
227 -1.3721952 3.647623
272 -1.3152034 3.1545122
199 -2.0141237 0.94326836
93 -1.4113867 3.1330914
138 -1.3942621 3.3486137
181 -3.4834328 -1.4896212
292 -3.5996587 -1.5745672
38 -1.3738774 3.5266685
41 -1.4490854 4.167048
239 -1.4004163 3.7950573
249 -3.825076 -1.8165873
96 -1.3983097 3.859014
160 -3.6415322 -1.6659607
268 -1.3446988 4.240778
172 -3.645126 -1.6259538
177 -1.990415 0.969521
10 -1.3941338 4.218667
185 -3.6425145 -1.5140804
278 -1.3481957 3.6727002
13 -1.9458995 0.890383
223 -3.9091086 -1.9989065
222 -3.6478589 -1.6033823
125 -1.3301886 3.6602488
62 -3.6355019 -1.697906
