300 2
86 -3.658191 -1.3577965
231 -1.8640078 1.1571369
167 -1.2740163 3.746891
9 -2.0120354 0.83196914
207 -1.1776541 4.0620856
291 -1.9413333 1.047237
41 -1.1827942 4.1501594
115 -1.2061954 3.9152658
69 -1.2161788 3.752602
190 -1.8992866 1.0828564
8 -2.0027585 0.8872871
21 -1.1986616 3.7391384
284 -3.5352228 -1.2756289
18 -1.9561781 0.9812253
195 -1.2523093 3.4557142
77 -1.247707 3.1077378
15 -1.8766949 1.0985484
189 -1.2524371 3.1705725
121 -2.0383112 0.80975336
56 -1.9672471 0.96534264
205 -1.2319592 3.3093948
89 -1.8968096 1.1709144
214 -1.9640442 0.9951973
240 -2.1498704 0.5865055
238 -1.2732588 3.715147
13 -2.0198538 0.923173
209 -3.5443473 -1.1833117
221 -3.5769384 -1.3111843
258 -2.033055 0.852271
198 -3.2819886 -1.0609269
55 -1.989726 0.8285319
148 -4.001593 -1.709989
105 -3.2908993 -1.0931314
211 -2.0979128 0.70476353
293 -2.0281303 0.8331445
288 -3.5676546 -1.349513
53 -1.1806157 3.4177825
239 -1.1997848 3.9722724
253 -1.9975352 1.0032638
132 -1.1811752 3.3345172
130 -1.2061244 3.95854
232 -3.8002198 -1.5393507
229 -1.7967596 1.4011817
237 -1.2420819 3.4922247
64 -3.5376384 -1.3271624
22 -1.1906855 3.8619823
91 -1.7234983 1.4758372
19 -1.3221629 3.6183918
283 -1.2243756 3.6203666
224 -4.0599675 -1.7008109
100 -1.1971282 4.0561934
279 -1.9211432 1.001523
157 -3.8169827 -1.5408983
278 -1.2290833 3.516103
298 -1.866991 1.225359
147 -1.9891539 0.835705
29 -3.6506603 -1.3624924
187 -3.5894008 -1.351694
263 -2.0108564 0.8564389
161 -1.9730785 0.8646287
235 -1.2356871 3.6541762
98 -3.4702907 -1.2179302
111 -3.5503967 -1.3192357
244 -2.003464 0.86247796
165 -3.597835 -1.32544
182 -3.6896589 -1.4249948
133 -3.3167992 -1.1430569
269 -3.3257701 -1.0866123
84 -1.2139556 3.776208
149 -1.9488511 0.91429853
285 -1.24922 3.9264507
3 -1.2274294 4.031763
6 -2.0493653 0.68675834
141 -3.683775 -1.4697622
16 -3.7186844 -1.4841183
20 -1.2192901 3.6544907
58 -3.9025946 -1.6563159
108 -1.8842757 1.0959171
80 -1.2743499 3.8936439
107 -1.9788604 0.9420039
273 -3.6509895 -1.3808776
144 -1.1141212 3.8064563
169 -1.2057545 4.1143394
206 -3.5044284 -1.3052483
103 -1.2362012 3.6140401
24 -1.2474742 3.8017209
30 -1.2397667 3.2854831
160 -3.6498523 -1.3687121
75 -3.613259 -1.3732697
254 -3.676874 -1.4495602
259 -3.6360438 -1.4400983
63 -1.9430491 0.8978743
166 -1.2287494 3.866363
68 -1.2732557 3.5676332
87 -1.9191976 1.0490812
81 -1.2262988 3.9162722
82 -3.6835394 -1.5151366
96 -1.2105929 3.8705962
114 -2.0805962 0.6631412
4 -1.2180014 3.733693
297 -1.2240437 3.7194097
23 -1.8001146 1.1660813
78 -1.2486751 3.804595
33 -1.8981428 1.1179587
162 -1.8621993 1.1380533
128 -2.0708 0.73023474
215 -1.1774411 4.0389295
281 -2.0617871 0.84783304
271 -1.2510931 3.9796886
60 -2.1045737 0.6604384
203 -3.7773278 -1.5386147
43 -1.9985282 0.9397127
48 -3.8893847 -1.5976549
110 -3.276958 -1.0767053
71 -2.004746 0.8536321
234 -1.8595941 1.2542164
227 -1.2690706 3.329564
280 -2.081786 0.7472124
222 -3.8223608 -1.530408
213 -1.9593141 0.8803188
129 -1.8066838 1.2674807
118 -1.1952193 4.1646695
35 -2.0539548 0.80103517
36 -1.2403319 3.6906416
38 -1.2378311 3.3595862
192 -3.2914298 -1.0731802
44 -3.4459355 -1.2341937
124 -1.2131946 4.278939
49 -1.9815059 0.92150086
50 -3.5547407 -1.3017813
276 -1.9292321 1.010653
73 -1.9649554 0.88584864
236 -1.275855 3.224985
248 -3.8363879 -1.6381363
261 -3.8034666 -1.5324162
251 -1.2554859 4.1649613
104 -1.8911709 1.0395755
106 -1.2119044 3.4762616
242 -2.0109577 0.8384841
243 -1.9220856 1.0478761
116 -1.2883029 3.4778368
230 -1.2150606 3.8383224
154 -3.9349985 -1.6217148
233 -1.9742686 0.83004636
266 -1.9534422 0.9697063
159 -1.2630291 4.0573344
170 -1.9422771 0.93661433
28 -3.4545538 -1.1846842
32 -3.2505567 -1.0473917
34 -1.9089704 1.1587168
256 -2.1668062 0.6485428
295 -3.367 -1.1683011
188 -2.1284146 0.6920252
268 -1.2116122 4.382474
177 -1.9775484 0.948218
200 -1.1915045 4.1011114
97 -2.0627453 0.81253064
45 -1.1097629 3.7932413
287 -4.0480895 -1.8280395
109 -4.152646 -1.8566172
194 -1.9183817 1.0498123
151 -2.058231 0.7581456
218 -1.9053687 1.026428
186 -1.965381 0.98070306
299 -1.2056521 3.9877372
216 -3.809995 -1.5630026
7 -1.229779 3.5243733
125 -1.2437268 3.719643
27 -3.719902 -1.4662075
197 -1.2357149 3.472047
94 -2.0306394 0.8568308
225 -1.2374455 3.8648005
184 -3.6605613 -1.3608154
241 -1.9955723 1.0146477
265 -1.1742831 3.5569565
252 -2.0401857 0.79746413
282 -2.108589 0.61474615
270 -3.819571 -1.6271299
249 -3.9048584 -1.6293696
255 -1.9924468 0.965125
226 -1.2094648 3.6452875
210 -1.1947215 3.6340113
46 -1.1987448 4.5705233
59 -3.8902514 -1.6396805
142 -1.1638693 4.2460933
228 -1.9694211 1.0088096
178 -3.168801 -0.9241293
212 -1.2514051 3.5435498
99 -1.2519066 3.6947796
138 -1.1783097 3.604165
296 -4.019985 -1.6639323
174 -2.0486538 0.79303145
247 -1.1872226 3.8025458
208 -3.805444 -1.5381415
0 -1.2773968 3.6185102
14 -3.5317833 -1.2910436
42 -1.2044532 4.0146956
61 -2.0390148 0.823065
120 -3.3276157 -1.1257902
88 -1.2031344 3.5668693
95 -4.217688 -1.8426577
137 -1.2198014 3.7376926
175 -1.9757477 0.91974163
168 -3.7654197 -1.4822501
143 -1.1724468 3.7431185
245 -3.8930159 -1.520532
2 -3.45992 -1.238719
47 -1.2258917 3.6863747
5 -1.7831833 1.3125931
217 -1.2416152 4.2201967
52 -1.9726667 0.9983155
93 -1.2426349 3.6333983
164 -3.8879447 -1.6086633
264 -3.7114916 -1.5266446
156 -1.2494385 3.4685636
202 -4.1062994 -1.7042481
62 -3.814273 -1.5638717
134 -1.9630772 0.9760344
140 -2.0653503 0.7640992
260 -4.0522475 -1.8049319
246 -1.206764 3.6986086
250 -3.8246965 -1.5772179
25 -3.780642 -1.5212215
1 -3.7773752 -1.5064497
126 -1.9589261 0.8874159
179 -1.2348343 3.4698055
286 -1.2082969 3.7363808
65 -3.754274 -1.4902552
176 -1.164087 3.5779858
79 -3.8375504 -1.5447905
127 -2.0256555 0.83771807
112 -3.5622542 -1.3411398
294 -3.7582247 -1.5237455
183 -1.9053305 1.154608
201 -2.0279212 0.84957564
158 -1.2627512 3.961278
119 -1.2149082 3.6992285
135 -3.4043252 -1.1742853
181 -3.360794 -1.0791293
76 -1.2028717 3.8960643
92 -1.2293155 4.3166833
163 -2.159527 0.55400485
289 -3.5258203 -1.2919103
275 -1.912071 1.0896113
155 -3.9366708 -1.6046203
17 -1.165222 4.170922
193 -4.019977 -1.7497499
85 -3.7586896 -1.5311484
40 -3.7727342 -1.5610871
54 -4.0700607 -1.8059905
113 -2.1226664 0.692024
123 -1.2114139 3.8735983
139 -3.8961399 -1.644238
180 -2.0418055 0.9164156
10 -1.1919603 3.8607352
152 -3.5677292 -1.3224576
67 -1.2424443 3.7133443
173 -2.0240943 0.8297263
90 -3.3976514 -1.1784987
277 -1.9973673 0.9951774
117 -2.0625305 0.78137875
223 -3.9635448 -1.6823041
136 -3.9469068 -1.6307082
145 -3.7288656 -1.4442649
153 -3.2972047 -1.0284609
292 -3.8163924 -1.5566932
196 -1.2792602 3.7628498
37 -3.863112 -1.6165769
122 -1.1916116 4.0488887
72 -3.3864217 -1.0847527
274 -1.7864784 1.3883024
150 -2.1815128 0.58912104
199 -1.8696059 1.1294141
267 -3.3089142 -1.060642
57 -2.0673246 0.7571818
290 -1.2291906 3.1940718
12 -1.9801179 0.91000414
26 -1.2989419 2.9614942
171 -1.9603376 1.0327652
191 -1.244054 3.6863086
131 -3.5315363 -1.347849
102 -1.907201 1.0924224
219 -3.5522404 -1.2438635
39 -1.9594997 1.0022516
51 -3.455125 -1.1559837
70 -1.2303709 3.7386687
83 -1.9367735 0.9422366
204 -3.661912 -1.371779
262 -2.11173 0.6782444
31 -1.1938688 3.6027517
220 -3.6112309 -1.4737548
272 -1.2759457 3.2082682
11 -2.0157988 0.8101182
101 -1.9781307 0.9244283
74 -3.505945 -1.271187
66 -1.1942351 3.889031
172 -3.5033162 -1.2919271
257 -1.1192697 4.3980975
146 -3.9895597 -1.6855738
185 -3.537976 -1.3342284
