30 2
16 3.6405277 2.0994658
1 2.9492006 5.651443
22 3.5946357 1.9763523
25 6.356807 -1.9553448
4 3.898344 1.446746
17 3.8038208 1.7945852
21 3.0476391 5.0183797
10 5.4876285 -0.9421958
15 3.7628264 1.6766231
28 6.1686296 -1.8504902
8 6.4160814 -1.9889557
20 3.9915545 1.1254672
14 3.516442 2.3018255
23 7.0794463 -2.559087
18 3.7186003 1.5838568
13 5.434289 -0.87720776
26 3.389948 2.5524042
7 3.449653 2.499183
11 2.9079282 6.2388153
0 2.9926343 4.7888474
19 5.606768 -1.0254804
6 6.3736343 -2.0726883
27 3.0080125 6.3804436
29 7.111347 -2.673508
3 3.0315075 4.626693
9 3.0422342 5.089274
12 2.9996552 6.6626086
5 6.662834 -2.197422
2 3.0157483 6.9603276
24 3.0313673 4.846072
