30 2
7 4.2930098 3.0834982
20 -0.9625098 5.3506794
5 2.0580554 3.6794827
29 4.8757153 3.0762942
3 1.8011466 3.91159
14 -2.0346377 6.168415
6 5.2685304 2.8025663
11 1.3914582 4.000905
15 6.047816 2.8638859
4 -1.7037466 5.778675
1 5.801854 2.862144
21 2.860902 3.5700774
26 5.4382887 2.8302736
25 5.627986 2.912957
18 -0.8328526 5.123313
0 1.1596502 4.022865
2 -1.4892331 5.874808
12 5.3415685 2.984833
10 4.514945 3.0909069
17 -1.5521467 5.7162685
24 2.1020675 3.8881311
22 4.342255 2.959455
8 -1.1442776 5.3762717
16 1.406416 4.14313
28 -1.2669841 5.5504365
19 -2.259097 6.3506866
23 -2.2597075 6.414281
9 1.388498 4.169968
27 2.348256 3.6060903
13 2.7245553 3.5524163
