30 2
29 4.5727663 3.5355754
25 5.2586126 3.448594
14 -2.6120071 5.968083
7 4.036633 3.4468105
3 1.4675405 4.009058
18 -1.3554083 5.027059
1 5.6294274 3.4888568
2 -2.2270975 5.748048
10 4.298658 3.5573015
6 5.0134716 3.3635793
0 0.68429494 4.259358
21 2.412668 3.854143
24 1.4457183 4.066174
15 5.6069627 3.5079365
5 1.4594523 3.9387496
27 1.8098389 3.9346893
22 4.2671065 3.3590257
4 -2.2916903 5.7168903
9 0.77053654 4.298952
11 1.1108978 4.022163
16 0.7644559 4.3108196
19 -2.9710019 6.14011
8 -1.5894359 5.1531653
23 -2.7380805 5.9429216
20 -1.5078553 5.226272
12 5.015507 3.424976
26 5.13191 3.2841852
13 2.3899815 3.709066
17 -2.0174377 5.5725074
28 -1.6169965 5.206206
