30 2
22 3.640727 1.7291018
10 5.4401574 -1.1518458
25 6.2101974 -2.1743321
4 3.8363006 1.2970241
14 3.6586845 2.0248246
16 3.6638694 1.8576206
26 3.4567957 2.3896897
8 6.1566496 -2.0514207
15 3.8152034 1.5436648
23 7.0201306 -2.902108
7 3.418552 2.4154153
13 5.4449544 -1.167786
29 6.9870625 -2.9559777
28 6.044701 -2.0109165
21 3.235952 5.0176377
1 3.1262894 5.450474
9 3.177198 4.830474
19 5.604095 -1.3951634
0 3.1463287 4.708189
17 3.875697 1.5355192
3 3.192993 4.5498514
6 6.3921595 -2.5046892
20 3.9886918 0.977058
11 3.2034476 5.9651523
2 3.4204895 6.773607
27 3.2326174 6.2341046
18 3.7902992 1.478277
24 3.2230318 4.937484
5 6.4594707 -2.3968809
12 3.320924 6.5784607
