300 2
276 -2.1375144 0.48124927
108 -2.0384605 0.77734625
231 -1.8083253 1.1388739
6 -1.981888 0.8178447
255 -1.9455847 1.0153265
201 -2.0713968 0.5928024
96 -1.3482481 3.7942557
81 -1.4569267 3.7497551
63 -2.0161319 0.7898207
22 -1.4104602 3.9952252
212 -1.4667982 4.106735
119 -1.4141233 3.7900753
8 -2.088414 0.65021545
132 -1.367006 3.432359
140 -2.144213 0.5540994
107 -2.0637531 0.8079048
111 -3.7721677 -1.7636557
275 -2.1079795 0.7260062
3 -1.415585 3.7810934
26 -1.3381449 3.339738
236 -1.497704 3.2211916
157 -3.5058 -1.5726963
93 -1.3690169 3.4592357
189 -1.4404901 3.2682467
194 -1.9366565 0.9557534
277 -1.9866061 0.85347736
246 -1.4189495 3.6578865
104 -2.0984328 0.66449517
282 -2.0459328 0.5652565
207 -1.4424698 3.7468174
269 -3.3743663 -1.3315499
225 -1.3612331 3.8252978
283 -1.418151 3.6331244
289 -3.4513438 -1.4594183
27 -3.3875787 -1.4044499
11 -2.1239223 0.6235643
159 -1.4416049 3.587603
18 -1.9476429 1.004321
205 -1.4075954 3.3788924
68 -1.4532378 3.891247
141 -3.548625 -1.5484377
216 -3.9242966 -2.0412865
62 -3.7240374 -1.7918391
15 -1.9263818 1.0528802
167 -1.3806802 3.6270583
35 -2.0771165 0.72162086
94 -2.0567973 0.6494485
233 -2.035162 0.66034806
235 -1.4143907 3.934608
64 -3.6070008 -1.6547307
126 -1.996156 0.9086542
156 -1.383847 3.5822797
252 -2.1577785 0.48428315
208 -3.4422264 -1.5336772
187 -3.6771894 -1.7517099
87 -2.0909038 0.7068734
263 -2.04231 0.6640758
292 -3.5914109 -1.604416
185 -3.6787255 -1.7096988
198 -3.2282803 -1.1961279
234 -1.9741766 0.97010297
5 -1.9182876 1.0555929
262 -2.0485322 0.7814395
239 -1.3462005 3.5854065
44 -3.137876 -1.129518
61 -2.0202012 0.72025794
199 -1.9535496 0.9994811
131 -3.476089 -1.5021216
83 -2.1081612 0.6412033
105 -3.4832296 -1.486847
221 -3.5683448 -1.561939
151 -1.9325293 0.9521156
211 -2.000481 0.88414985
36 -1.4490165 3.9860663
23 -2.1352541 0.60485476
213 -2.1161878 0.6476762
67 -1.3906333 3.8983104
175 -2.1025898 0.7889065
217 -1.3991467 4.032437
150 -2.1503344 0.5182287
180 -2.070418 0.58323145
242 -1.9009413 1.0484554
34 -1.9588944 1.0701432
9 -2.1333466 0.6344871
127 -1.9718077 0.8332267
295 -3.3452878 -1.4040767
99 -1.3882483 3.9889657
294 -3.8895707 -1.8497864
90 -3.648486 -1.6926671
130 -1.383332 3.8323183
230 -1.4262586 3.2960563
214 -2.030495 0.726358
219 -3.6302805 -1.6691691
215 -1.4409676 3.8222003
42 -1.4700574 3.7695053
10 -1.4137931 3.9246414
147 -2.0160885 0.92122465
65 -3.5195339 -1.4555597
37 -3.6244535 -1.6091644
237 -1.3761467 3.5302374
160 -3.6657777 -1.6448487
195 -1.3911473 3.4234283
203 -3.486397 -1.534195
21 -1.4218929 3.5955348
116 -1.4290842 3.517525
77 -1.449939 3.0059278
170 -2.08974 0.58404684
174 -2.0364826 0.7091569
196 -1.4368252 3.638402
209 -3.2881224 -1.3985695
298 -1.9902198 0.9122416
258 -1.9829549 0.8735615
139 -3.808621 -1.7704595
7 -1.3871738 3.7344017
117 -1.9740506 0.8570328
12 -1.9240499 1.012196
17 -1.4340541 4.3914585
24 -1.3881253 3.518176
245 -3.6793628 -1.6529387
45 -1.4853088 3.49862
129 -2.0063639 0.8772079
53 -1.3665382 3.7273107
76 -1.377992 3.7550545
109 -3.815807 -1.7701569
121 -2.0772982 0.70415574
190 -2.0164855 0.860875
210 -1.390586 3.7797124
163 -2.1027694 0.7537144
192 -3.1534739 -1.1466075
47 -1.4099956 3.210084
247 -1.4605491 3.3533986
71 -1.9774286 0.95220584
60 -1.9728473 0.90765256
273 -3.5461848 -1.5423262
249 -3.8073022 -1.863964
134 -1.9346011 1.0263312
136 -3.9704976 -1.9163123
153 -3.1492214 -1.2175746
278 -1.4252036 3.2263525
182 -3.5845275 -1.6155664
69 -1.40791 3.4559705
57 -2.105318 0.79827625
29 -3.6144876 -1.6568972
138 -1.4353375 3.4103546
267 -3.2980406 -1.3245808
169 -1.4339848 3.5637543
285 -1.4232314 4.0923553
183 -1.9932203 0.7772318
158 -1.3728554 3.6580045
152 -3.6173098 -1.6759357
155 -3.8152692 -1.7995579
164 -3.9249313 -1.9562528
256 -2.0709565 0.65091443
274 -1.9758698 0.82391757
84 -1.4056991 3.5215995
20 -1.3956196 3.5885842
125 -1.4425759 3.5076702
226 -1.4279855 3.6818187
101 -2.0888634 0.6880247
148 -3.74968 -1.7734274
56 -2.1399467 0.53852403
82 -3.4358013 -1.5350808
72 -3.2027745 -1.2279476
74 -3.157674 -1.2679943
154 -4.079089 -2.0620973
149 -2.0077572 0.87096065
172 -3.5282185 -1.5911106
206 -3.4351647 -1.5113838
202 -4.1482687 -2.1741848
78 -1.3958375 3.7073915
123 -1.4564583 3.605073
33 -1.9274075 1.0830691
166 -1.4134884 4.0287943
124 -1.441289 4.082452
75 -3.5080035 -1.5735605
290 -1.4563324 3.4973934
271 -1.4191641 4.0280676
284 -3.5653837 -1.5082977
4 -1.3683004 3.9151747
91 -1.9725139 1.061424
39 -2.053531 0.7633335
41 -1.4604442 3.988183
51 -3.5479352 -1.5909176
254 -3.7755356 -1.8172631
52 -1.9320525 0.99268055
133 -3.4143865 -1.4741257
70 -1.4133085 3.5890136
224 -4.043572 -2.0128572
114 -2.0534885 0.73916656
103 -1.3834319 3.7282104
186 -2.0379999 0.8580616
118 -1.4384298 4.295626
143 -1.4504688 3.7026224
177 -2.0502288 0.7044712
261 -3.6427052 -1.6094086
280 -2.1428142 0.4773664
43 -1.9952843 0.95335823
16 -3.9120312 -1.966408
89 -1.9792236 0.95405746
281 -2.095186 0.6070593
95 -3.8509312 -1.8938264
100 -1.5224463 3.9711785
115 -1.3896214 3.952797
145 -3.7240481 -1.7008152
146 -3.7454498 -1.7553232
272 -1.4495914 2.8764992
248 -3.8184645 -1.8111273
161 -2.091853 0.6976889
122 -1.4507514 4.0793953
113 -2.0185595 0.77422535
14 -3.460212 -1.5112088
50 -3.1822822 -1.1926464
54 -3.8707404 -1.8353872
279 -2.110588 0.6404085
200 -1.3555548 3.4714906
79 -3.7102647 -1.685968
238 -1.3650347 3.6444755
85 -3.7453647 -1.727646
223 -4.070174 -2.1986787
120 -3.6049333 -1.6140399
253 -2.042993 0.87660396
222 -3.5154455 -1.5811688
293 -2.178368 0.49740857
257 -1.4532155 4.2216005
291 -1.9256862 0.8938455
228 -2.0770123 0.75867563
13 -2.1396377 0.74853647
28 -3.7067401 -1.7248923
30 -1.441693 3.571618
265 -1.4381002 3.3909786
288 -3.6187966 -1.6976516
259 -3.4838586 -1.4732727
286 -1.4779236 3.6810102
102 -2.0656686 0.80013573
296 -3.9157882 -1.9079307
2 -3.5671945 -1.6331424
19 -1.3885103 3.8543665
181 -3.2330468 -1.3108993
268 -1.4604661 3.9500744
270 -3.7964206 -1.822862
197 -1.377356 3.9194882
179 -1.4469317 3.9235933
193 -3.5170057 -1.5653896
299 -1.4236351 3.5910897
260 -3.9495962 -1.9824525
142 -1.3883815 3.7382264
25 -3.696185 -1.7400168
171 -2.0210433 0.7959558
31 -1.4367551 3.8398192
240 -2.1052117 0.5412184
73 -1.9436904 0.8805559
110 -3.1496804 -1.129917
168 -3.5841606 -1.6563845
176 -1.3575858 3.476618
204 -3.6726713 -1.6433352
112 -3.3816292 -1.3912276
241 -2.017635 0.8802027
165 -3.4325616 -1.4672818
135 -3.568396 -1.5104798
243 -1.9580141 1.0287845
250 -3.7690082 -1.8122295
88 -1.4358395 3.141796
66 -1.3741994 4.1074853
55 -2.0987957 0.7144235
92 -1.4681802 4.1588492
173 -2.015555 0.8649262
188 -2.16665 0.49907267
297 -1.45115 3.5739522
144 -1.3713542 3.4990678
38 -1.3649133 3.1920187
218 -2.019617 0.74689907
162 -1.9924564 0.9932786
184 -3.9206688 -1.902203
229 -1.8621501 1.2208247
128 -1.9615796 0.8408065
0 -1.4415765 3.7879457
251 -1.4248626 3.764706
137 -1.4638902 3.686087
80 -1.4214172 3.9376557
98 -3.2476764 -1.3049773
48 -3.684812 -1.6778331
58 -3.4774172 -1.5229032
86 -3.449246 -1.4687846
287 -3.901292 -1.8954672
97 -2.1567526 0.522002
40 -3.8295789 -1.793216
1 -3.5606637 -1.6693008
264 -3.9885933 -2.046138
227 -1.4646863 3.386577
232 -3.7105393 -1.8187772
49 -1.9923679 0.86453056
32 -3.5917964 -1.5541317
220 -3.6648815 -1.6546416
46 -1.4545846 4.4421706
244 -2.086292 0.5742976
266 -2.0689573 0.768685
59 -3.4370954 -1.4907825
106 -1.3960673 3.3370743
191 -1.3814564 3.8035703
178 -3.2095454 -1.2851727
