30 2
16 3.8369062 1.8099673
22 3.736087 1.5240228
15 3.9008265 1.2711513
13 5.3522224 -1.7989588
4 3.9450057 1.0356122
10 5.2936983 -1.6220008
25 5.998838 -2.7278404
26 3.6499023 2.2716267
11 3.714642 5.868582
8 6.142032 -2.6397498
14 3.7361634 1.9821489
19 5.4651585 -1.6720124
20 4.0326595 0.8435715
21 3.5759237 4.5813785
6 6.145607 -2.878961
17 3.9663882 1.2876554
18 3.8726661 1.2656939
1 3.5719302 4.9916077
12 3.7677674 6.2138
27 3.7674615 6.0379343
28 6.040078 -2.6268148
7 3.72281 2.1134212
9 3.555933 4.590053
5 6.3512616 -2.9710019
29 6.817618 -3.5283298
23 6.6881514 -3.4361444
2 3.8923585 6.281056
0 3.526281 4.4960537
24 3.6451037 4.6508613
3 3.556688 4.2397013
