30 2
8 5.938535 -3.0535405
13 5.292499 -2.046074
1 3.8727634 4.843037
10 5.2070794 -2.0132723
21 3.9233007 4.4074273
16 3.9615178 1.3745109
25 5.986308 -3.0712414
19 5.2481866 -2.0620015
22 3.868544 1.3420312
15 4.0099797 1.0820003
17 4.0288396 1.1032996
14 3.8578427 1.6503261
20 4.0214896 0.40043107
12 4.172563 6.169301
7 3.7368739 1.7334725
28 5.692023 -2.908866
4 4.0149155 0.7409882
27 4.0390515 5.7586293
23 6.437504 -3.7419605
6 5.964603 -3.0607467
26 3.813129 1.7714174
18 3.8764505 1.1242508
0 3.767028 4.240424
11 4.1001654 5.4040294
3 3.7911701 3.9529014
29 6.499837 -3.822829
24 3.782462 4.4022145
2 4.1501226 6.027793
9 3.8717253 4.5564566
5 6.093249 -3.2718031
