30 2
16 3.875039 1.294324
25 5.99297 -3.0844367
22 3.915806 1.3259465
21 3.963709 4.3888474
1 3.8687515 4.8335485
7 3.7390893 1.8080851
28 5.815051 -2.8172154
8 5.878252 -2.9168553
14 3.8616364 1.7502815
3 3.71682 4.119942
4 3.9632788 0.79473054
10 5.184728 -1.9466021
19 5.312047 -2.0174973
17 3.9841926 1.1155341
6 5.896586 -3.025222
15 3.9868255 1.1273996
26 3.7923982 1.845888
13 5.250485 -2.1240323
12 4.190909 6.219792
18 3.885061 1.043815
0 3.7332437 4.2004604
23 6.4960093 -3.7022135
2 4.1012297 6.0164123
29 6.6137857 -3.7554305
20 4.051076 0.47178495
27 4.05712 5.7756653
11 4.0203 5.4939566
5 6.107814 -3.2512126
9 3.8536263 4.575748
24 3.767061 4.3996425
