30 2
7 4.257126 3.084053
29 4.8836603 3.0713718
3 1.6527642 3.9016292
25 5.59338 2.995851
14 -2.160962 6.207658
20 -1.2266697 5.3470154
0 1.1170653 4.1351953
1 5.8124657 2.9383862
21 2.7287605 3.6445882
18 -0.97535527 5.17326
5 1.8829726 3.76749
11 1.3503311 4.070198
6 5.306889 2.8824143
22 4.43202 3.067378
24 1.9483863 3.8779783
26 5.497436 2.855101
13 2.6771426 3.5586348
4 -1.7578359 5.8521023
2 -1.7151237 5.881224
15 5.9032073 2.9688857
12 5.440327 3.042293
23 -2.2020175 6.4260707
16 1.333131 4.2243724
10 4.598739 3.1455386
19 -2.4134424 6.3340263
8 -1.166579 5.344692
28 -1.3635553 5.452227
9 1.2687585 4.1108384
17 -1.5041474 5.690453
27 2.2172925 3.702344
