30 2
29 4.563867 3.5496335
7 4.0827127 3.464974
14 -2.569223 5.924936
5 1.4926797 3.8940706
3 1.4594805 4.071186
20 -1.7234126 5.2205815
1 5.6809487 3.5068498
18 -1.542661 5.0421896
4 -2.3610752 5.7592936
22 4.2354136 3.451165
11 1.1546993 4.082459
6 4.923164 3.4150922
12 4.981443 3.4547932
26 5.189351 3.3222816
0 0.560615 4.230381
21 2.3747277 3.877881
2 -2.2185242 5.70839
25 5.1279674 3.4827206
8 -1.6208944 5.118492
28 -1.570086 5.191257
10 4.2117753 3.4867785
15 5.607729 3.5866532
24 1.3299626 4.078047
17 -2.0887418 5.526151
23 -2.7243893 5.930601
9 0.78514755 4.271349
27 1.7517369 3.8798418
19 -3.0163946 6.16061
16 0.8237647 4.317549
13 2.3683631 3.760232
