30 2
7 4.407121 2.8179445
29 4.996878 2.8271115
5 2.1265771 3.6809165
3 1.9850706 3.8738613
4 -1.4872988 5.928835
18 -0.6662904 5.2677755
25 5.726335 2.6630347
2 -1.3035679 5.9868765
0 1.2197784 4.023474
14 -1.6788166 6.2383056
6 5.490465 2.68264
1 5.9046574 2.6257627
26 5.6008654 2.6183262
16 1.4576253 4.1203876
10 4.851462 2.8809817
20 -0.9218047 5.398902
17 -1.1353437 5.7247715
27 2.34075 3.6757736
11 1.6986501 3.8909502
19 -1.935498 6.482203
12 5.4658904 2.7449713
23 -1.8711334 6.4214745
22 4.6661706 2.8181396
9 1.4765688 4.070942
15 6.1831336 2.6563299
21 2.883115 3.4555256
24 2.1045506 3.7797983
28 -1.3682132 5.644136
8 -0.9493882 5.427459
13 3.031119 3.4079192
