30 2
15 3.8785062 1.6364361
26 3.388084 2.4941626
22 3.6039968 1.8949412
10 5.4438353 -0.96694267
16 3.6712186 2.009576
1 2.977618 5.589225
21 3.0235286 5.034224
8 6.463843 -2.0102708
23 7.169332 -2.5991642
28 6.161043 -1.7720795
7 3.4188867 2.5048413
4 3.8518233 1.3910815
14 3.578888 2.2718046
6 6.396125 -2.0322077
12 2.9488974 6.6079087
11 2.9264379 6.2783723
27 2.890291 6.343727
25 6.298293 -1.8138467
17 3.8567486 1.6725379
13 5.5384026 -1.0320609
20 4.009314 1.0950711
29 7.123307 -2.5600712
2 3.0378137 6.905448
0 2.9556148 4.8281965
5 6.5991726 -2.161662
19 5.4966516 -1.0814313
9 2.941035 5.1666927
3 3.0792015 4.631366
18 3.7200367 1.5985895
24 2.9473917 4.893973
