30 2
22 3.6639702 1.8040534
7 3.4463215 2.469954
10 5.4687314 -1.0138612
8 6.3887334 -2.0613186
0 2.989219 4.7678313
6 6.3963747 -2.1061082
19 5.486888 -1.1633304
26 3.4281573 2.5349123
21 2.9660504 5.063205
25 6.287043 -1.8850173
23 7.080364 -2.6927197
28 6.130323 -1.7943566
1 2.9857268 5.578415
4 3.847082 1.449761
16 3.63199 2.1004155
13 5.5126696 -1.2052244
2 3.127117 6.8720617
11 2.9806383 6.1296744
17 3.8368845 1.7134606
24 3.052528 4.8599257
12 3.0153463 6.5576487
9 3.0424526 5.0244894
15 3.812837 1.7200667
27 3.0731382 6.3456993
20 4.0926 1.0254635
3 3.0248315 4.7037973
29 7.1570735 -2.654641
14 3.4650927 2.3589342
18 3.762384 1.5787932
5 6.507831 -2.1402354
