30 2
7 4.3243623 3.1338758
5 1.8483856 3.807542
29 4.8347836 3.1202497
2 -1.7950217 5.883513
14 -2.1178567 6.1433992
0 1.0925076 4.1386847
20 -1.2077478 5.3227644
4 -1.8680508 5.809723
3 1.6144158 3.9904084
22 4.3369117 3.1331143
18 -0.96873564 5.0253386
10 4.503278 3.1549518
24 1.9453746 3.893269
1 5.7655964 3.0845556
25 5.3455906 3.0063353
6 5.3049145 2.994558
26 5.427074 2.9770906
8 -1.2905322 5.357655
12 5.428005 3.0633113
23 -2.329382 6.280054
11 1.378816 4.0380507
15 5.9130993 3.01763
21 2.6681583 3.6567252
28 -1.594173 5.4720798
17 -1.5590954 5.5513773
16 1.2749146 4.200868
27 2.1282134 3.7288425
9 1.1118976 4.194829
19 -2.4486923 6.392275
13 2.5515914 3.6233249
