300 2
46 -1.2572855 4.2616568
222 -3.8021262 -1.7339944
255 -1.9256964 1.0041445
211 -1.9790565 0.9845611
6 -1.9034247 1.0325825
8 -1.9902935 0.8410155
127 -2.0005965 0.774828
87 -1.9699137 0.8869642
267 -3.2376192 -1.1660248
107 -1.9021025 1.1001593
108 -2.017359 0.7544663
169 -1.3747636 3.9115787
3 -1.3340244 3.7913623
174 -1.9806538 0.7902395
18 -2.0074756 0.74796605
189 -1.386325 3.433147
9 -2.0110767 0.82382166
78 -1.3250638 3.68912
114 -2.1657155 0.62723994
115 -1.3477069 3.8277721
7 -1.3408751 3.451836
298 -1.8964657 1.1065588
167 -1.3470995 3.7161303
251 -1.3552461 3.6243117
208 -3.8576772 -1.6335245
32 -3.4311574 -1.3429621
29 -3.393679 -1.375211
100 -1.3658212 3.8983643
125 -1.2997386 3.5929213
158 -1.3468232 3.6092255
277 -1.9358301 1.0466077
53 -1.3267041 3.7364473
77 -1.3200984 3.0990553
197 -1.3250182 3.8850913
11 -1.9986492 0.85900235
81 -1.3358682 3.8555496
24 -1.2909616 3.6633065
263 -1.956668 0.98393863
41 -1.2817415 4.021422
79 -3.7822745 -1.6320769
209 -3.0617838 -0.9868719
96 -1.3404255 3.8566756
229 -1.9469723 1.0311569
51 -3.5933893 -1.4953183
243 -1.8942732 1.0959907
71 -1.9915147 0.9327643
98 -3.339325 -1.2545265
103 -1.3273329 3.5432503
287 -3.864843 -1.7932148
153 -3.4832594 -1.4269907
25 -3.8872051 -1.6753477
147 -1.909935 1.0740224
38 -1.3423356 4.066491
59 -3.8408422 -1.687721
105 -3.3192463 -1.187422
149 -1.9793968 0.9363238
121 -2.0279634 0.8320302
123 -1.3735641 3.6199124
276 -1.9871106 0.864546
166 -1.3538657 4.0657363
22 -1.3212442 3.9213753
30 -1.2837828 3.8082566
88 -1.293364 3.5756745
34 -2.0007713 0.92115337
131 -3.561378 -1.3928312
159 -1.3085409 3.7297866
65 -3.5023096 -1.3857919
104 -1.9497342 0.9293611
156 -1.3638573 3.349881
237 -1.3353512 3.569692
225 -1.3187189 3.484919
70 -1.2910751 3.634232
63 -2.0392435 0.8673071
234 -2.0296812 0.8010549
117 -2.0024989 0.9114393
126 -1.9582338 0.8912932
165 -3.5401838 -1.4363022
190 -1.9073038 1.2156162
199 -1.9050688 1.0565594
200 -1.2570734 3.8448157
244 -2.0826552 0.7131428
152 -3.5847394 -1.457771
216 -3.8172293 -1.7462707
292 -3.4857838 -1.436727
253 -2.0023067 0.7701372
141 -3.6007817 -1.5235386
177 -2.0325727 0.9623005
290 -1.3225374 3.8034506
111 -3.4592237 -1.4818531
47 -1.3018545 3.0761144
285 -1.2937553 4.228402
56 -1.9462202 0.9568368
282 -2.0497355 0.79572743
240 -2.2046995 0.46469525
259 -3.3398287 -1.2541448
188 -2.0054185 0.9354257
23 -2.0719452 0.86744654
19 -1.3476208 3.6323776
26 -1.3603189 2.9857912
44 -3.2508738 -1.2406912
67 -1.3068767 4.065147
80 -1.3665255 3.516765
86 -3.48774 -1.3435781
129 -1.9619182 0.9623112
132 -1.3786913 3.1555495
207 -1.3309817 3.9802616
136 -3.952785 -1.7510448
171 -1.9443244 1.1034023
231 -1.8447202 1.2435013
246 -1.3301017 3.8481998
294 -3.7002666 -1.5746737
13 -1.9753205 0.95995796
130 -1.3199676 4.152342
113 -2.0215168 0.89395195
39 -1.9705787 1.033331
187 -3.7760499 -1.6310138
157 -3.5180926 -1.4033898
230 -1.3266956 3.3551939
150 -2.2167134 0.515716
283 -1.3583084 3.7770321
83 -1.9608854 0.9433336
151 -1.9719068 0.87315965
179 -1.3441341 3.6761954
205 -1.2913516 3.581329
247 -1.3564489 3.5496688
271 -1.313978 3.9769568
4 -1.2502936 3.5676706
181 -3.543278 -1.400132
37 -3.5747385 -1.497221
232 -3.7378643 -1.5830592
31 -1.3501264 3.596678
112 -3.552019 -1.4806414
55 -2.021579 0.86463904
170 -1.9523417 0.99574155
122 -1.3082086 4.11637
195 -1.3799151 3.1789148
269 -3.3683293 -1.2889637
286 -1.3045299 4.0830283
134 -1.799238 1.2865951
242 -1.9341186 0.98377526
186 -2.0769374 0.7906484
203 -3.658001 -1.6017123
279 -1.922204 1.036431
270 -3.665756 -1.5624568
293 -1.999865 0.9641542
299 -1.3214235 3.4394445
15 -2.0530682 0.7853008
33 -1.8602576 1.1251646
50 -3.2962825 -1.2294316
264 -3.6909685 -1.5788612
184 -3.7951338 -1.5968109
238 -1.307516 3.6815596
218 -1.9269011 1.0619447
213 -2.1005676 0.64072686
128 -2.082106 0.69599104
198 -3.434627 -1.4070157
140 -2.095576 0.7303509
228 -1.9465984 0.9977747
297 -1.2952173 3.86978
254 -3.5325332 -1.3552682
57 -2.0184507 0.62138474
58 -3.907184 -1.805627
116 -1.3679618 3.376734
180 -2.031996 0.8292543
133 -3.4745305 -1.3359925
192 -3.5980654 -1.4205292
155 -3.8016179 -1.6138612
176 -1.3493431 3.4655714
82 -3.5002728 -1.2934166
60 -2.12747 0.584407
273 -3.6470711 -1.5040783
201 -2.0004253 0.9258637
296 -3.8345535 -1.724306
185 -3.49689 -1.3647741
221 -3.5069554 -1.3765527
252 -2.192474 0.49999067
278 -1.3501872 3.6697013
45 -1.30607 3.3678083
235 -1.3126667 3.7412283
194 -2.026415 0.88849986
36 -1.3184485 3.9050758
94 -2.0108223 0.77393943
93 -1.360541 3.626649
48 -3.7365625 -1.6422088
52 -1.9516479 0.9648239
258 -1.9330109 0.88810736
280 -2.0151298 0.8881819
109 -3.9169178 -1.8024068
119 -1.3679407 3.498943
193 -3.8078694 -1.7192955
236 -1.3621886 3.2232175
281 -2.0270565 0.8804124
0 -1.2552966 3.5586023
256 -2.190083 0.56954926
21 -1.3343197 3.3852026
210 -1.32229 3.4758644
224 -3.7964175 -1.7004886
61 -2.105649 0.72067183
288 -3.7419975 -1.6199696
143 -1.2779528 3.6373687
154 -3.8145285 -1.589558
135 -3.6988258 -1.5741886
233 -2.0380955 0.7345171
217 -1.3257592 3.6983058
101 -2.018423 0.77945876
295 -3.3043005 -1.2364964
14 -3.5456734 -1.4690748
62 -3.6900303 -1.5653872
35 -1.9879416 0.8598768
146 -3.7912214 -1.6642383
191 -1.3569889 3.862299
72 -3.3233874 -1.2831918
90 -3.6182058 -1.5249689
95 -3.9989154 -1.947861
102 -1.9266704 1.0993241
223 -3.908815 -1.7965175
215 -1.3702252 3.6143785
268 -1.4209092 3.8636224
212 -1.346236 3.7574866
73 -1.9649565 1.055101
92 -1.3627467 4.264151
183 -1.9754001 0.9418445
42 -1.3182168 3.8034532
49 -1.9983965 0.9034267
257 -1.3456999 4.2872868
265 -1.313899 3.3452806
2 -3.423279 -1.4350985
137 -1.4056929 3.432668
275 -2.0472946 0.8728573
241 -1.8566324 1.0869218
202 -4.186253 -2.0435424
20 -1.2940505 3.6059535
196 -1.3596991 3.7053607
64 -3.539899 -1.491768
144 -1.3780205 3.7938704
97 -2.0086653 0.7598762
145 -3.7772746 -1.649697
168 -3.8864427 -1.726304
262 -1.9124635 0.92165065
164 -4.059814 -1.900908
266 -1.9623612 1.0052795
16 -3.791434 -1.6020606
17 -1.3394717 4.016026
120 -3.5379057 -1.3709675
261 -3.7440913 -1.6920807
248 -3.8665674 -1.7577618
291 -1.9965104 0.9441784
139 -3.9624455 -1.8936418
74 -3.5970507 -1.459936
85 -3.6761684 -1.525146
227 -1.2981627 3.7790234
250 -3.8584151 -1.6760671
5 -1.8692502 1.2929206
40 -3.6334083 -1.5742699
219 -3.7539966 -1.743644
75 -3.5676923 -1.514042
99 -1.3413928 3.642459
142 -1.2904333 4.2419763
118 -1.3505582 4.0326095
289 -3.9281588 -1.8342242
226 -1.3384496 3.9136841
284 -3.6712081 -1.5303726
206 -3.4989192 -1.4146277
27 -3.7454338 -1.728776
28 -3.7371638 -1.6310582
54 -3.8087094 -1.7132102
66 -1.3051046 3.8980036
138 -1.2989031 3.3809958
272 -1.4133301 2.9352942
204 -3.6893094 -1.6034634
76 -1.3344326 4.0838304
175 -1.971897 1.0674921
84 -1.358464 3.3883476
124 -1.3569554 3.9323888
178 -3.2993429 -1.1724962
12 -1.9480363 0.9552111
68 -1.3513016 4.044073
249 -3.8686929 -1.7480205
162 -2.0029767 0.96025425
148 -3.6661243 -1.5648409
43 -1.9775447 0.84896165
182 -3.4029644 -1.2659888
91 -1.9711784 1.0830563
160 -3.7592373 -1.6827254
163 -2.0535877 0.7770492
245 -3.6967402 -1.50785
274 -1.8871121 1.2148675
10 -1.3912148 3.89348
214 -1.9776925 0.92477906
239 -1.3799844 3.6282604
69 -1.2811373 3.5765505
106 -1.2779747 3.4658096
220 -3.9102106 -1.7052755
89 -1.8975818 1.1424786
161 -2.0147436 0.81495225
260 -4.2428823 -2.0599928
172 -3.7270813 -1.5748649
173 -2.0082948 0.9892217
110 -3.0129416 -0.87378234
1 -3.5750291 -1.4832059
