30 2
21 3.7939556 4.476012
28 5.7967367 -2.7063284
16 3.851087 1.5630114
22 3.8702219 1.3568487
19 5.442113 -2.151146
2 4.0644536 6.2167664
10 5.2654366 -1.8623588
0 3.699319 4.2820525
15 4.089074 0.933789
8 5.9886346 -2.847062
1 3.8003814 5.0443916
25 5.9805646 -2.901178
3 3.763983 4.311358
4 3.987048 0.9135198
20 4.12811 0.5215811
26 3.8208606 1.966754
11 3.8858325 5.731235
23 6.5669484 -3.7190287
14 3.859097 1.7256792
7 3.734618 1.9763472
13 5.193293 -1.7496734
27 3.916113 5.8647866
17 4.08304 0.9467426
9 3.7571118 4.4727664
6 6.0139036 -2.9754615
18 3.9347715 1.1057065
5 6.215049 -3.118265
12 4.0256944 6.1888247
24 3.7109644 4.5617843
29 6.5926766 -3.6874268
