30 2
29 4.9217105 3.0652494
3 1.6942508 3.8701706
7 4.290356 3.0233896
5 1.9223539 3.7382784
14 -2.1009204 6.2322
17 -1.4577063 5.696524
20 -1.2130468 5.3433146
2 -1.6815951 5.890962
6 5.2880616 2.8777785
25 5.5874023 3.0068288
0 1.1931312 4.087426
4 -1.7747518 5.8362136
23 -2.2615178 6.439701
11 1.3108398 4.1086926
21 2.6986384 3.6868248
8 -1.1457858 5.340398
18 -0.91266286 5.1787815
1 5.8518586 2.9368732
22 4.4624395 3.0671635
24 1.9448236 3.8582127
13 2.7307086 3.5228412
26 5.452408 2.7901905
12 5.440846 3.009528
15 5.950024 2.9448216
27 2.2448394 3.7201347
10 4.587537 3.148867
28 -1.3569185 5.4907026
16 1.2993022 4.2337155
9 1.2880169 4.131698
19 -2.391967 6.341746
