30 2
10 5.4717464 -1.0855414
28 6.073276 -1.7802712
16 3.6820452 1.9575855
21 3.0009148 5.086431
15 3.7995522 1.5425365
4 3.8592892 1.3784598
22 3.6453316 1.8867656
6 6.4716334 -2.1210358
8 6.391618 -2.0113342
23 7.0666966 -2.735924
1 2.950586 5.6108813
11 3.0421321 6.1127453
7 3.4129083 2.4252768
26 3.415595 2.5042472
17 3.787292 1.6639992
14 3.5211132 2.2673213
13 5.478578 -1.1582506
19 5.588761 -1.1660382
27 3.0338314 6.3884892
12 3.033904 6.5893955
18 3.712857 1.5650971
3 3.0569718 4.6237164
0 3.0499551 4.71209
29 7.121896 -2.714073
24 3.0108907 4.992577
25 6.3087573 -1.8248854
5 6.494779 -2.1045754
9 3.1017668 5.041691
2 3.1455712 6.9099793
20 4.063662 0.9899052
