300 2
94 -2.0690293 0.7662829
53 -1.4226437 3.7614589
78 -1.3698273 3.5239415
165 -3.6116369 -1.5609109
241 -2.048007 0.82787824
127 -1.958322 0.9459616
140 -2.0833495 0.71828455
83 -2.021809 0.8340134
5 -1.9440473 1.056939
256 -2.150954 0.61739206
18 -1.9363214 0.9723819
104 -1.9179327 0.90995467
183 -2.0280592 0.80573815
291 -1.883253 1.0729331
276 -1.9224219 0.9448605
17 -1.3890989 3.9679716
49 -2.0073943 0.8072571
50 -3.1646082 -1.2486434
159 -1.4485108 3.9760184
298 -2.0307395 0.7086759
240 -2.0991797 0.56772506
109 -3.9241018 -1.9105288
8 -2.0815918 0.67792434
72 -3.3570125 -1.4048244
225 -1.4151666 3.5976841
283 -1.4167358 3.545732
246 -1.4093513 3.8179512
106 -1.3593223 3.4351578
253 -1.9826045 0.8386416
170 -2.0323474 0.7626751
229 -1.8307352 1.2593889
288 -3.6469767 -1.7027186
123 -1.3778121 3.7975738
237 -1.3534609 3.7703443
14 -3.5095627 -1.5122002
274 -1.9904257 1.0225126
294 -3.435068 -1.4470378
144 -1.3933444 4.081234
194 -2.095632 0.745278
107 -1.9129351 1.0492473
4 -1.4754207 3.1425686
61 -2.1159494 0.64307606
255 -1.9684978 1.0078342
228 -2.0332475 0.92991525
158 -1.4289327 3.817693
87 -1.9146153 1.1276511
155 -3.9007397 -1.872531
214 -2.0843537 0.83048993
238 -1.3755099 3.686449
128 -2.085524 0.7302262
69 -1.4014058 3.2993083
189 -1.4543444 3.2424803
174 -2.0768793 0.64139223
30 -1.425657 3.9237504
43 -2.0170386 0.83806
180 -2.1690083 0.62893516
190 -1.9727823 0.857579
102 -2.0375392 0.62428975
105 -3.0696473 -0.99044764
269 -3.1285388 -1.0983534
277 -1.8863041 1.2011838
167 -1.4749494 3.5842175
47 -1.3997695 3.2499225
16 -3.5555263 -1.5354137
11 -2.0132332 0.7577639
178 -3.2365286 -1.1807113
33 -2.014282 0.9343179
55 -2.1247208 0.62006557
56 -1.9832789 0.790042
73 -2.0358672 0.78856516
119 -1.4097219 3.6066866
234 -2.0572984 0.7536613
157 -3.425062 -1.5217947
176 -1.4032217 3.378609
211 -1.9581044 0.9658329
295 -3.407951 -1.46087
27 -3.7256875 -1.7520417
132 -1.3962924 3.4951432
243 -1.8539778 1.2047642
13 -2.0661082 0.74905497
36 -1.4139261 3.8250406
52 -2.004963 0.8209493
222 -3.530057 -1.5258332
112 -3.5412898 -1.513083
124 -1.4643788 4.1175737
252 -2.1694431 0.49919045
111 -3.2099109 -1.3050369
147 -1.9592876 0.9383093
263 -2.1125143 0.65594023
217 -1.4779516 3.8442268
273 -3.6259327 -1.6670109
2 -3.7753203 -1.7597816
146 -3.685422 -1.717005
31 -1.4066093 3.5530381
299 -1.4177467 3.8889732
216 -3.5026374 -1.5345929
239 -1.4181855 3.5420322
139 -3.6115644 -1.6509203
122 -1.4308405 3.9330423
205 -1.4344763 3.2825503
262 -2.1211758 0.58808464
297 -1.3787153 3.9038713
6 -2.0571132 0.71129316
162 -1.9132248 1.082175
39 -1.9415061 0.9807754
77 -1.4386264 3.272632
135 -3.4426556 -1.4942365
232 -3.6715167 -1.6597763
195 -1.402204 3.4032621
215 -1.3468642 3.7292547
35 -2.170865 0.57981265
12 -1.9355472 0.9337225
76 -1.4535341 3.9159682
272 -1.4046928 3.0313408
62 -3.6324124 -1.6785531
64 -3.6031265 -1.5565345
154 -3.7760355 -1.7595323
142 -1.3135015 4.0369825
173 -2.078999 0.85981697
182 -3.4886026 -1.5601525
192 -3.4930036 -1.5387686
279 -2.1475842 0.5819433
285 -1.4449015 3.8042347
0 -1.377393 3.7521827
247 -1.3585135 3.8079884
9 -2.0006554 0.85889125
120 -3.5482593 -1.5188438
20 -1.3888642 3.5961723
266 -2.1317208 0.7360425
292 -3.5610414 -1.5374869
68 -1.4295154 3.4318745
81 -1.3634368 3.9146054
221 -3.557482 -1.546623
270 -3.5045767 -1.428966
260 -4.233134 -2.1699555
10 -1.3363937 4.314865
34 -1.9644538 1.0267885
196 -1.4739232 3.7974303
249 -3.817868 -1.8905874
71 -2.0315003 0.79205984
149 -2.0243566 0.7685164
57 -1.9676208 0.92733246
153 -3.3852966 -1.3889394
99 -1.3719212 3.5156794
115 -1.3544838 4.0561967
125 -1.4361795 3.7504377
129 -1.9863156 0.8780632
191 -1.4615428 3.937311
289 -3.7626634 -1.7028215
287 -3.9202828 -1.8726897
1 -3.6545417 -1.6508019
19 -1.4714363 3.3143318
26 -1.4078171 3.1466632
242 -1.9927133 1.0006741
44 -3.2713044 -1.1862931
45 -1.3143697 3.4456763
230 -1.3715397 3.3927376
93 -1.4037648 3.3681204
117 -2.0909915 0.5758928
227 -1.3589871 3.6536531
113 -1.9929205 0.76088387
233 -2.1358836 0.65193474
198 -3.316483 -1.2996155
231 -1.882306 1.1644943
169 -1.4333723 3.8017745
136 -3.880141 -1.9266069
293 -2.1395357 0.6415348
160 -3.5523398 -1.4984846
218 -1.9582131 0.8818083
116 -1.425031 3.6006653
108 -2.0186567 0.78894645
126 -2.0241506 0.79131
207 -1.4874318 4.098071
261 -3.6350076 -1.5821389
280 -1.9884492 0.76517725
141 -3.580499 -1.6975669
84 -1.3980868 3.4770923
74 -3.27255 -1.3176447
134 -2.075895 0.70642346
22 -1.372651 3.5720894
96 -1.4917766 3.769339
210 -1.4090661 3.652148
32 -3.3055556 -1.2412504
82 -3.651288 -1.7575432
42 -1.3846838 3.5057359
175 -2.046063 0.79996717
54 -3.6305556 -1.7068628
161 -2.0421007 0.80971014
58 -3.7934465 -1.9157506
278 -1.4354072 3.6406004
92 -1.4118104 4.408112
245 -3.5377386 -1.6218027
151 -1.9106165 0.98332125
177 -2.0652654 0.8882507
257 -1.4070318 3.6030254
208 -3.7811875 -1.8122586
21 -1.4162099 3.525803
265 -1.3592434 3.4005332
29 -3.741089 -1.7722247
86 -3.3815482 -1.4639597
51 -3.3421834 -1.2895977
209 -3.26006 -1.2857667
267 -3.2513843 -1.3076451
75 -3.3959553 -1.4255537
156 -1.3919435 3.531594
137 -1.4069588 3.811489
197 -1.3939112 3.6668024
251 -1.4143329 3.6788445
28 -3.7429605 -1.6792185
286 -1.3927494 3.6477509
24 -1.3649712 3.403789
59 -3.6543646 -1.6927329
40 -3.948371 -1.9153069
41 -1.3976446 3.9129977
46 -1.4193665 4.2963758
65 -3.5591528 -1.6380062
103 -1.4529386 3.49417
88 -1.4218 3.4256318
206 -3.3522282 -1.4043536
95 -3.949512 -1.9528744
284 -3.6294746 -1.6335541
101 -2.1038792 0.67586356
114 -2.1046937 0.57557416
219 -3.5906057 -1.5508903
282 -1.9760654 0.8744377
3 -1.3904606 3.8263445
166 -1.3248214 3.705132
15 -2.0340605 0.79960227
100 -1.396035 3.9644094
235 -1.3929737 3.702757
138 -1.4810834 3.737998
271 -1.3473932 4.0803514
98 -3.4432178 -1.4854095
118 -1.3950138 4.326791
236 -1.4290997 3.3691993
203 -3.82276 -1.8506466
259 -3.265153 -1.2676874
110 -3.1236565 -1.0488175
63 -2.0967343 0.55878884
67 -1.3999542 3.6657288
23 -2.1566992 0.5977021
91 -1.9329836 1.1569605
148 -3.691703 -1.7101507
224 -3.7611425 -1.8434253
185 -3.727751 -1.7865089
213 -1.9917324 0.8666296
248 -3.6621141 -1.6186225
275 -2.137648 0.62313205
60 -2.1104717 0.7741596
37 -3.5316916 -1.5381579
97 -2.1520293 0.66987175
130 -1.4075279 3.9284065
131 -3.560411 -1.594856
281 -2.1028304 0.7051712
66 -1.4543382 3.921189
145 -3.9859955 -1.8968041
172 -3.7815442 -1.7615048
212 -1.3720499 3.8338377
254 -3.5258949 -1.5674605
202 -4.1733894 -2.274795
258 -2.068157 0.625494
250 -3.8590372 -1.9164891
85 -3.6740546 -1.7411112
186 -2.0573282 0.8431535
187 -3.4662693 -1.5661961
152 -3.539296 -1.6220876
264 -3.6787581 -1.6693877
193 -3.88679 -1.8750455
163 -2.092367 0.7099694
184 -3.748331 -1.7636436
7 -1.4081242 3.374054
38 -1.43934 3.8361533
290 -1.4967737 3.6317036
200 -1.387624 3.637354
121 -2.0624688 0.74255204
143 -1.3235992 3.620835
244 -2.1014736 0.6920466
133 -3.5345411 -1.6037666
168 -3.650797 -1.688364
179 -1.442681 3.4245234
223 -3.9123247 -1.9018002
296 -3.877194 -1.9429765
89 -1.964543 1.0633786
90 -3.6449046 -1.7079285
199 -2.0056958 0.94265693
188 -2.0763996 0.792438
80 -1.4608895 3.4105468
220 -3.6747038 -1.7845678
204 -3.7106493 -1.7583462
226 -1.4344068 3.6717017
70 -1.3890903 3.9897761
164 -3.7753503 -1.8728751
181 -3.464568 -1.5659178
201 -1.9157406 0.9583401
268 -1.4330002 4.0379133
25 -3.6248155 -1.5497802
171 -2.017659 0.87619287
79 -3.6376026 -1.7680602
48 -3.5981848 -1.5989065
150 -2.2813559 0.27464697
