300 2
294 -3.513429 -1.4675579
18 -1.941599 0.903106
188 -2.0391111 0.70705336
6 -2.1089375 0.5371241
174 -2.0287366 0.6920398
209 -3.5600078 -1.499954
27 -3.4441364 -1.4474531
94 -2.0569332 0.6291676
109 -4.0198293 -1.9146711
7 -1.334507 3.4664876
149 -1.9043643 1.0110036
195 -1.2946097 3.3186302
5 -1.8171966 1.3736548
131 -3.544588 -1.4810885
243 -1.9997916 0.9054471
279 -1.9422045 0.933661
274 -2.049894 0.7694705
121 -2.0034168 0.9455032
63 -2.0494258 0.6889867
56 -1.9869545 0.76745117
127 -2.0159342 0.78886944
180 -2.10421 0.6042538
67 -1.441651 3.5643811
87 -2.0769215 0.7832284
104 -1.9732354 0.8547442
247 -1.3589277 3.3996599
257 -1.4184393 3.6854653
3 -1.366855 3.7818525
9 -2.0237908 0.7999807
295 -3.3124743 -1.2254794
171 -2.0077305 0.97380465
176 -1.3824593 3.7068691
205 -1.4034011 3.6765563
236 -1.4278284 2.9198797
241 -1.8681675 1.0596869
278 -1.319667 3.392398
21 -1.390876 3.793591
10 -1.3899556 3.7475712
146 -3.8376784 -1.7738913
151 -2.0819952 0.6962769
233 -2.1055112 0.5399095
189 -1.3756503 3.2357213
114 -2.0245988 0.81751114
8 -2.014 0.8469212
140 -2.0470896 0.680138
38 -1.3695569 3.636415
32 -3.5371597 -1.4613605
99 -1.3998712 3.5593467
33 -1.9795998 0.9131828
282 -2.189406 0.6012551
53 -1.3591124 3.4348397
69 -1.3082693 3.5459983
77 -1.3520615 2.9773157
128 -2.028058 0.7149934
266 -2.0998745 0.81225216
249 -4.022494 -1.8739045
169 -1.4228357 3.5986211
170 -2.0185826 0.7072426
214 -1.9170754 1.0193163
43 -1.9056417 1.0260414
130 -1.3973166 3.9154563
41 -1.3697095 3.8305593
227 -1.3620553 3.6492631
203 -4.080239 -2.0183446
116 -1.381042 3.504773
272 -1.414774 3.1212342
2 -3.4695907 -1.4656454
29 -3.6097713 -1.5582488
54 -3.934375 -1.8606796
190 -1.9212035 1.2108954
184 -3.7160246 -1.6859751
83 -2.089279 0.77742636
181 -3.382894 -1.2947986
210 -1.3116645 3.6282842
215 -1.3873093 3.9690325
126 -1.9575258 1.0491921
165 -3.6345658 -1.5954297
148 -3.7121327 -1.6114006
238 -1.4043361 3.93969
261 -3.574062 -1.5536512
168 -3.8412237 -1.8162723
12 -2.0061471 0.91094303
23 -2.0834951 0.7259854
159 -1.4265133 3.5370548
166 -1.4070637 3.5359805
231 -1.91312 1.0876695
88 -1.4108857 3.6334004
152 -3.6680517 -1.6338719
89 -1.8648732 1.2571813
107 -1.9498204 0.93522114
108 -1.8866465 1.0999372
204 -3.6058674 -1.5315173
158 -1.4125988 3.6296363
211 -2.0333242 0.69007206
22 -1.2996305 3.7316322
271 -1.3680276 4.1729903
289 -3.8014493 -1.7768341
76 -1.4019295 3.8118072
105 -2.9949093 -0.85987246
194 -2.01149 0.7885197
138 -1.4377469 3.8680696
199 -1.8946468 1.1136407
141 -3.5514727 -1.4357965
242 -1.9514161 0.9780047
4 -1.3432949 3.48706
206 -3.5696852 -1.494552
269 -3.4733 -1.4238162
254 -3.715026 -1.641618
285 -1.4006293 3.5814354
35 -2.0433977 0.78053063
39 -1.9725758 0.9556045
145 -3.610225 -1.5590564
45 -1.3889145 3.352762
256 -2.083041 0.7091231
86 -3.3365774 -1.2715569
235 -1.3616441 3.9714487
100 -1.4054252 3.9104247
117 -1.996895 0.84880924
123 -1.3622805 3.8805237
276 -1.9556983 0.9128953
265 -1.4177537 3.67266
34 -1.8984684 1.1259835
64 -3.6399088 -1.5589793
30 -1.3627212 3.865773
111 -3.482107 -1.4452388
40 -3.3811858 -1.4020011
230 -1.4251211 2.9318793
47 -1.3727671 3.421354
224 -4.1077986 -1.9556229
250 -4.0302944 -1.9011694
167 -1.4049844 3.5781224
162 -1.9305153 1.0377104
258 -2.0575895 0.61826754
198 -3.268793 -1.1850866
225 -1.3859187 3.5384698
263 -2.0375931 0.7595081
296 -3.757448 -1.6658483
115 -1.4144248 4.103085
31 -1.4040285 3.8166065
60 -2.1245863 0.678941
68 -1.4089341 3.3013046
163 -2.117121 0.6181804
124 -1.4162157 3.6348839
101 -1.9421692 0.9048851
251 -1.3867687 3.5821033
175 -1.9218489 1.0624312
252 -1.9321121 0.9099058
255 -1.9504153 1.0865144
52 -2.0084312 0.7864013
72 -3.1954055 -1.1615545
16 -3.8307009 -1.752158
290 -1.4501108 3.3946762
46 -1.4139378 4.4585137
135 -3.3843443 -1.3373389
237 -1.4301702 3.641247
293 -1.9573247 0.8899984
113 -2.1173613 0.63401127
62 -3.422446 -1.306285
234 -1.947142 0.94627196
191 -1.3930775 3.869977
66 -1.32427 4.056102
96 -1.345637 3.5124438
185 -3.666116 -1.7159214
106 -1.3440365 3.5384774
223 -3.9853387 -1.869103
173 -1.9945058 0.9291913
246 -1.3749275 3.412554
298 -1.872798 1.1151748
253 -1.9922642 0.88696665
80 -1.380514 3.956918
81 -1.4000835 3.5839517
139 -3.9245996 -1.8562282
97 -2.0005922 0.85199696
157 -3.4269366 -1.3842832
119 -1.3150638 3.7077618
120 -3.568692 -1.4888599
244 -1.9909533 0.8698585
208 -3.5923615 -1.4950597
71 -2.0107238 0.7785839
14 -3.6290817 -1.6841899
17 -1.4241197 4.264712
26 -1.3477527 3.5835528
222 -3.720774 -1.604555
37 -3.6643615 -1.6926631
50 -3.101927 -1.0898752
59 -3.5445526 -1.4433986
129 -1.9666151 0.9817818
299 -1.3117799 3.6694283
275 -2.1770833 0.58613306
267 -3.5783806 -1.5728463
292 -3.5344622 -1.4475055
228 -1.8490545 1.1565737
200 -1.3701446 4.056021
20 -1.390445 3.36321
262 -2.0487018 0.76357365
172 -3.7670505 -1.6611416
161 -1.984723 0.8027735
82 -3.301028 -1.2528257
201 -1.9603587 0.94356275
259 -3.4758048 -1.3353902
103 -1.3624493 4.015261
160 -3.5605931 -1.4006754
220 -3.7862697 -1.6571959
217 -1.3693411 3.8477411
240 -2.2930195 0.3576192
73 -1.9045074 0.97075886
92 -1.3795421 4.4588957
192 -3.3643472 -1.329237
48 -4.0058427 -1.9282761
49 -2.0680392 0.73370486
248 -3.8827894 -1.6510247
55 -1.9681741 0.8670721
284 -3.6026008 -1.597085
213 -2.064825 0.6764822
90 -3.4510872 -1.3816528
110 -3.2002575 -1.2104502
112 -3.7314444 -1.6394614
187 -3.6142218 -1.6002027
147 -2.0256233 0.8060461
154 -3.9566169 -1.8112699
212 -1.3426337 3.8926342
226 -1.3284541 4.104688
0 -1.3797954 3.590347
196 -1.3611193 4.031733
51 -3.5447419 -1.4911301
61 -2.1472423 0.53200144
44 -3.4838622 -1.4508345
156 -1.3075688 3.645096
91 -1.9216728 1.2091843
58 -3.993245 -1.8223827
78 -1.341316 3.6309326
297 -1.3750932 3.7147524
118 -1.415078 4.056276
239 -1.3055437 3.5224495
134 -2.004586 0.8868329
136 -4.142097 -2.059405
182 -3.481059 -1.4144673
288 -3.7453105 -1.6561667
291 -2.0010643 0.8304398
70 -1.3647834 3.813096
11 -2.0228183 0.7943075
177 -1.9300213 1.1418709
13 -2.0249722 0.8891321
125 -1.4155523 3.688035
219 -3.4807634 -1.4739821
179 -1.3818581 3.7027318
95 -4.0360103 -2.000907
197 -1.3477043 3.8111613
280 -2.0235622 0.7014636
193 -3.5723014 -1.5355066
79 -3.6276524 -1.6092223
65 -3.62256 -1.5058421
144 -1.3395773 3.8733397
85 -3.7484148 -1.5845414
232 -3.7634847 -1.6132355
216 -3.6393728 -1.4916457
153 -3.3495755 -1.247119
186 -2.0030806 0.91000414
287 -3.7005732 -1.6040683
221 -3.815627 -1.7239608
122 -1.3601604 4.0563035
98 -3.3148746 -1.1991899
155 -3.8812728 -1.7595687
283 -1.3982321 3.978768
268 -1.3509228 4.0678577
1 -3.7905889 -1.6888567
15 -2.057729 0.73561686
28 -3.502723 -1.4772556
25 -3.7806363 -1.6621184
74 -3.2190983 -1.2379566
183 -1.9014946 1.0475545
150 -2.1577601 0.5094257
218 -1.9036137 1.0838536
132 -1.3831183 3.4836564
229 -1.8403407 1.2895596
260 -4.193313 -1.9894397
19 -1.4336094 3.6319146
42 -1.3228747 3.8004653
273 -3.4872782 -1.4509752
142 -1.4238019 3.7580404
207 -1.4165021 4.035219
281 -2.0771666 0.7366683
75 -3.243921 -1.2436079
277 -1.9947852 0.9735343
93 -1.4344896 3.4620996
133 -3.5253372 -1.431089
137 -1.3697608 3.5390136
143 -1.3358692 3.3861468
286 -1.3422728 3.8018022
36 -1.3888229 3.8549805
57 -2.0748749 0.8229625
178 -3.1320634 -1.1876537
202 -4.0804777 -2.0443528
264 -3.4790053 -1.529435
245 -3.426615 -1.4062561
270 -3.3207877 -1.2418624
84 -1.4219418 3.8053954
102 -2.0906115 0.6545325
24 -1.4356344 3.423404
164 -3.7463028 -1.7050114
