300 2
105 -3.0247622 -0.7515308
8 -2.0748992 0.710662
236 -1.2508453 3.4158046
111 -3.4117277 -1.1414751
213 -2.0255308 0.8231519
28 -3.5886366 -1.2850678
190 -1.9250195 1.1274996
166 -1.1766975 3.8236403
56 -1.9826872 0.85772985
253 -1.9385246 0.97621495
201 -1.9293072 0.98934525
252 -1.9076004 0.91762584
203 -3.7990375 -1.448914
12 -1.9032154 1.008419
147 -2.0249462 0.88501287
254 -3.7089417 -1.3741015
260 -3.94033 -1.6674541
83 -1.9985404 0.79077774
298 -1.9723005 0.98118895
134 -1.9837444 0.8956654
173 -1.9202904 1.0350419
96 -1.2239074 3.9938743
179 -1.2495166 3.9251256
169 -1.250293 3.744682
151 -2.009705 0.80334395
262 -1.942688 0.8595514
78 -1.2353005 3.7893653
141 -3.803127 -1.5447446
237 -1.1479585 3.5078676
214 -1.8997419 1.0684072
233 -1.9092462 0.9234743
278 -1.2282447 3.617755
265 -1.2219701 3.8680146
167 -1.294514 3.3180802
46 -1.1539657 4.4121733
137 -1.1717781 3.7026017
115 -1.2034955 4.030858
120 -3.4810872 -1.2616036
241 -2.074495 0.71150386
84 -1.2334657 3.6719491
6 -1.9328611 0.9164924
130 -1.2238052 4.218096
136 -4.0054045 -1.7361115
18 -1.8258103 1.2528958
23 -1.9807085 0.86759335
274 -1.8297783 1.2590374
50 -3.381869 -1.1153964
57 -2.064618 0.7280838
277 -1.7947438 1.2555861
118 -1.2005304 3.8405123
128 -1.9081926 0.9960439
261 -3.720194 -1.4711082
160 -3.8773477 -1.5494579
17 -1.1636994 4.0241
59 -3.8763049 -1.5406499
157 -3.5571654 -1.3079432
108 -1.9956784 0.9645716
292 -3.712276 -1.5299166
107 -1.9315262 1.0168248
116 -1.2320949 3.8441327
159 -1.2500062 3.9500992
158 -1.2014618 3.8674927
170 -1.8784792 1.0923427
282 -2.0642555 0.68237764
140 -2.0560374 0.8202351
35 -2.0838914 0.6444482
198 -3.2582917 -1.0005922
65 -3.604592 -1.3358761
129 -1.9136875 1.0365498
247 -1.2640575 3.86755
289 -3.8479998 -1.6196032
149 -1.8960196 0.93467605
192 -3.5540762 -1.3241962
231 -1.9188809 1.0365614
76 -1.1632758 3.9628234
197 -1.1523634 3.912514
276 -2.0077257 0.7088568
67 -1.1945988 3.6494
219 -3.7338943 -1.5226358
114 -2.048258 0.7775478
117 -1.9833398 0.8987648
225 -1.2283195 3.591597
235 -1.2058039 3.4931693
30 -1.2089164 3.5415304
14 -3.6510715 -1.4615144
270 -3.5730462 -1.2924296
230 -1.1349285 3.6376042
22 -1.1652297 3.704296
223 -3.9965315 -1.7446643
287 -3.8097925 -1.501943
101 -1.9575422 0.8986418
40 -3.9009542 -1.606963
131 -3.512158 -1.270378
86 -3.510308 -1.3236932
154 -4.1176486 -1.7774616
210 -1.1862774 3.7719193
269 -3.284404 -1.073685
175 -1.9360625 1.0587296
240 -2.1543283 0.65682006
127 -1.9426628 0.92368543
5 -1.9070563 1.107633
234 -1.9122543 1.0474752
52 -1.8991133 1.1375
16 -3.956241 -1.6622071
75 -3.4393518 -1.1983343
165 -3.5118325 -1.3034863
31 -1.2082051 3.816216
38 -1.2358009 3.6306107
44 -3.394912 -1.1840607
51 -3.6813846 -1.3436574
79 -4.0144653 -1.6129966
281 -2.0319667 0.9130993
224 -3.896942 -1.5558424
69 -1.2099181 3.3867726
72 -3.5011573 -1.2978094
294 -3.8619583 -1.513354
293 -2.003906 0.8245375
104 -1.8716277 1.1351869
1 -3.5526917 -1.3227601
62 -3.8237128 -1.5548786
191 -1.2214007 3.8266573
184 -3.954158 -1.6539897
205 -1.2090873 3.5927982
216 -3.5870402 -1.3251369
299 -1.2098484 3.7841597
126 -1.9291162 1.0338744
94 -1.8939824 1.0984997
187 -3.7430568 -1.4524919
200 -1.2375835 4.127109
15 -1.9606873 0.88300055
21 -1.2497578 3.3934808
209 -3.5043628 -1.3092315
34 -1.9580475 0.97949016
286 -1.2033268 3.8123116
132 -1.1398373 3.7099304
161 -1.908874 1.0390283
188 -2.071134 0.75066775
249 -4.1210356 -1.7618082
266 -2.037617 0.8784433
229 -1.7159915 1.385032
63 -2.0323591 0.7785716
102 -1.9407328 1.0304695
267 -3.5432103 -1.2606333
24 -1.217194 3.7119884
33 -1.8149012 1.3163004
243 -1.9491013 0.9939081
244 -2.0273738 0.8550903
155 -4.195403 -1.8856031
206 -3.61097 -1.374953
283 -1.2369083 3.9282088
185 -3.8705702 -1.6181377
259 -3.614888 -1.3147742
202 -4.155035 -1.8296648
112 -3.752774 -1.5697984
164 -4.1150756 -1.7304864
275 -1.964296 0.88134044
295 -3.4599302 -1.2555997
81 -1.2133199 4.115652
220 -3.745427 -1.5490265
39 -1.9751226 1.0224001
36 -1.2272793 3.7795205
242 -1.8856285 0.97567713
77 -1.2450387 3.8611078
47 -1.1444305 3.4531953
291 -1.8646035 1.182558
68 -1.249994 3.2892613
217 -1.2112187 4.097996
82 -3.6341465 -1.4091964
263 -1.9953656 0.8904192
142 -1.1543266 4.0289435
193 -3.8631074 -1.5367837
168 -3.7808218 -1.4809518
199 -1.975235 1.0075767
246 -1.220721 3.6765206
256 -2.007916 0.86379856
183 -1.9342341 0.98808545
9 -1.9794745 0.89962095
13 -1.9546506 0.91305584
25 -3.689979 -1.5275362
106 -1.1875168 3.419996
27 -3.7597384 -1.4810251
29 -3.5880864 -1.3780525
109 -3.799838 -1.5072143
61 -2.0335598 0.686242
74 -3.4274027 -1.1286148
273 -3.6661158 -1.3696983
87 -1.9990648 0.88385254
255 -1.9406718 1.0018152
3 -1.1974868 3.942839
53 -1.2864407 3.7985926
208 -3.7323897 -1.5021551
284 -3.801368 -1.5764874
90 -3.3403428 -1.0938023
97 -2.0256793 0.7630831
251 -1.216077 3.7890456
139 -3.5342052 -1.3494211
211 -2.035785 0.75534683
0 -1.2687596 3.7315354
2 -3.2984595 -1.0740122
150 -2.115548 0.66933256
124 -1.1950855 3.871609
215 -1.2525268 3.7426255
48 -3.79811 -1.5376812
177 -2.037592 0.86652756
290 -1.1987373 3.4733667
64 -3.7369788 -1.5226872
152 -3.7710044 -1.469395
92 -1.1965044 4.3681507
99 -1.2748234 4.0040503
238 -1.1969186 3.971204
125 -1.1598282 3.7271156
163 -2.03274 0.7594632
153 -3.4904606 -1.3250126
195 -1.2064929 3.4007015
4 -1.26526 3.604276
194 -2.1432185 0.6201139
148 -4.0582633 -1.7971561
272 -1.2545861 3.0562305
182 -3.6229584 -1.3628845
189 -1.2364981 3.200687
222 -3.7433105 -1.4748353
10 -1.1630627 4.129173
60 -2.0458117 0.74244577
221 -3.718032 -1.4060405
196 -1.234552 3.9626682
19 -1.2390832 3.4255269
103 -1.1614705 3.5569818
32 -3.5441542 -1.2063141
45 -1.1991323 3.4065146
55 -1.9959462 0.84198403
178 -3.2159317 -1.0083717
89 -1.9893146 0.9562676
180 -1.9970278 0.9001106
113 -1.9559034 0.8382205
143 -1.2423334 3.6028953
144 -1.1971177 3.7966368
156 -1.2422991 3.5116918
232 -3.8327866 -1.4602708
250 -3.823165 -1.5771675
85 -3.6531832 -1.459515
54 -3.855742 -1.5733104
204 -3.6322017 -1.3680373
296 -3.627469 -1.3554822
95 -4.0286555 -1.801219
248 -3.9520512 -1.5924459
288 -3.79292 -1.5298318
162 -1.8164486 1.2728304
280 -2.025082 0.8382618
264 -3.958602 -1.7301688
268 -1.1311032 3.9798155
7 -1.2126902 3.6465392
37 -3.8897061 -1.6239107
123 -1.2299577 3.839987
121 -1.9656063 0.8845176
71 -2.0587053 0.71378046
172 -3.650402 -1.4135177
41 -1.1548901 4.2944875
93 -1.1786819 3.5050256
42 -1.1739585 4.3761907
171 -1.9152322 1.0499389
218 -1.8476528 1.2521584
174 -2.1729767 0.49998787
110 -3.102579 -0.9101959
122 -1.1502247 4.2844625
138 -1.239405 3.8387024
279 -2.0890732 0.72491205
26 -1.2229061 3.4352665
43 -1.8626974 1.1876761
58 -3.6860342 -1.4061452
100 -1.183879 3.5999587
176 -1.1598072 3.6794355
226 -1.2664043 3.8002918
258 -2.088105 0.7402731
227 -1.2674052 3.745091
257 -1.1574674 4.4051423
285 -1.177835 4.191268
146 -3.927005 -1.6099253
66 -1.2620027 3.8311293
80 -1.1866144 3.9490032
98 -3.1227891 -0.896212
245 -3.6954334 -1.3808262
207 -1.2357625 3.8703601
11 -2.0058684 0.7427841
88 -1.1746256 3.969917
49 -1.9629637 0.9749497
70 -1.1781645 3.484281
119 -1.1685085 3.4130707
145 -3.6443465 -1.3983028
20 -1.2324079 3.5283675
91 -1.7976692 1.3959423
212 -1.2441345 3.8115003
181 -3.1990352 -0.98957616
73 -1.8616287 1.0156254
186 -2.033725 0.7641009
228 -1.839296 1.1869948
297 -1.166442 3.6413226
135 -3.5977833 -1.450458
239 -1.2363218 3.6388903
271 -1.1824977 3.9680402
133 -3.4308174 -1.1536187
