30 2
22 3.6781704 1.6845788
1 3.0217452 5.491332
21 3.169241 4.942984
10 5.429647 -1.1070575
15 3.7800539 1.6265699
7 3.462345 2.456081
8 6.3176637 -1.983558
19 5.6910357 -1.43122
14 3.5898347 2.2849977
25 6.3330994 -2.0366874
28 6.1509466 -1.970196
23 7.086823 -2.7165282
16 3.708481 1.8078847
0 3.0886352 4.7785277
6 6.376595 -2.122886
13 5.379257 -1.1950847
20 4.014475 0.9054337
12 3.1039622 6.6687517
4 3.8450458 1.4178782
11 3.0364335 6.1651216
18 3.6726947 1.5898154
27 3.139949 6.223871
17 3.7475402 1.8502274
3 3.085131 4.592918
26 3.4252062 2.6604095
24 3.1576684 4.9051433
2 3.1702676 6.891708
29 7.19988 -2.8531635
5 6.4539905 -2.1255994
9 2.9819906 5.0244565
