30 2
4 4.0074954 0.98059225
21 3.5152676 4.597998
19 5.3514714 -1.6088369
22 3.699119 1.6369919
14 3.7129622 2.06111
1 3.4860954 5.1291103
25 6.0894523 -2.6902542
13 5.4088507 -1.8081616
10 5.2683773 -1.5327063
15 3.9824593 1.1781511
8 6.0448246 -2.5953717
28 5.908598 -2.5500836
16 3.8326335 1.8027223
26 3.6605074 2.3052566
7 3.682776 2.1715302
27 3.5804229 5.973623
6 6.230456 -2.8771667
17 3.9898849 1.2834489
3 3.517322 4.282271
18 3.8959105 1.2373456
2 3.7928069 6.395443
29 6.776056 -3.3275962
23 6.649328 -3.2027216
5 6.392251 -2.889219
12 3.7069066 6.365862
11 3.6802425 5.801713
24 3.5686426 4.727384
9 3.5691807 4.601945
0 3.4957275 4.514357
20 4.043361 0.76359004
