30 2
21 3.8379855 4.4184937
4 4.0001316 0.8944499
25 5.959166 -2.9476993
28 5.8040924 -2.786864
10 5.219989 -1.7718805
15 4.0758047 1.0092425
8 6.0014005 -2.969389
13 5.2301216 -1.89673
23 6.625438 -3.699099
1 3.78627 5.0204625
16 3.8986266 1.4776556
17 4.094669 1.034526
5 6.180978 -3.2062564
9 3.7420275 4.5882506
20 4.0772824 0.5668095
22 3.8777738 1.3022867
7 3.7317572 1.916936
27 3.895344 5.886434
14 3.839839 1.727607
19 5.3964605 -2.0875523
26 3.8108099 1.9035894
18 3.8816733 1.1237152
6 6.015233 -3.0498757
29 6.615405 -3.5768752
24 3.7692258 4.4978466
12 4.0190654 6.21115
11 3.9560373 5.7016687
2 4.069051 6.179348
3 3.771057 4.3069515
0 3.7209897 4.2641006
