30 2
29 4.7861376 3.1375878
7 4.3203187 3.0549679
20 -1.0068051 5.330383
3 1.8793408 3.9317026
24 2.1221595 3.8965447
2 -1.5124211 5.853738
25 5.6094084 2.847939
1 5.817032 2.817772
6 5.2987366 2.809141
5 2.1211185 3.6847768
21 2.8223019 3.5827026
23 -2.268737 6.478394
14 -2.0390599 6.150258
0 1.2341707 3.9842887
22 4.382315 2.9083006
18 -0.8142441 5.1561728
11 1.4108584 4.00639
4 -1.7293904 5.7972684
28 -1.2528168 5.50977
17 -1.5094833 5.728771
15 6.0011225 2.9039702
10 4.5826144 3.0956945
16 1.3887025 4.146199
9 1.3665938 4.1776414
8 -1.1558677 5.3368692
27 2.3447895 3.5393798
19 -2.2172663 6.397515
12 5.3276806 2.9614956
13 2.7309475 3.5965922
26 5.4959335 2.8284864
