30 2
22 3.4935987 2.0736427
21 2.854119 5.1771364
25 6.4245424 -1.6928432
1 2.8161652 5.647385
4 3.8271027 1.4670722
23 7.03101 -2.3680468
10 5.4141455 -0.85105217
16 3.5743768 2.126177
8 6.3828626 -1.703081
9 2.869233 5.0873756
2 2.9408 6.991093
28 6.1366014 -1.6247208
11 2.7728388 6.196679
27 2.846072 6.428026
3 2.8452697 4.6761713
20 3.955156 1.2108575
6 6.4193153 -1.901606
13 5.602841 -1.082363
14 3.5160797 2.2090406
7 3.332202 2.613505
26 3.3713384 2.6203127
19 5.677043 -1.1339982
12 2.8464766 6.765911
18 3.6496356 1.6776488
0 2.866684 5.1105638
15 3.7399557 1.8838086
29 7.2445207 -2.3903813
17 3.689679 1.9571676
24 2.9175947 5.0540857
5 6.702328 -1.8793253
