30 2
21 3.3522077 4.7572794
1 3.3813243 5.388984
14 3.747731 1.9867959
10 5.3698535 -1.3700594
22 3.7616057 1.6326433
16 3.775676 1.7229363
4 3.9923325 1.22541
8 6.0629883 -2.1727295
3 3.3204408 4.527419
23 6.883134 -3.217588
28 6.028722 -2.3369079
6 6.314772 -2.57081
25 6.1152706 -2.3374012
20 4.075419 0.9182677
29 7.0048065 -3.0823495
18 3.887402 1.2798544
27 3.4224236 6.24737
12 3.4248145 6.524538
7 3.605803 2.2224321
13 5.632588 -1.6628345
24 3.310419 4.7821674
11 3.4460146 6.0178504
2 3.4765997 6.599198
15 3.9594975 1.4811665
17 3.9799514 1.3721178
26 3.607967 2.1871884
0 3.2697961 4.7565393
19 5.4846396 -1.5487123
5 6.420266 -2.597202
9 3.3617797 4.8540087
