300 2
45 -1.3508575 3.3569946
53 -1.4093251 3.5960224
36 -1.3857985 4.1614947
71 -2.0344849 0.79479116
111 -3.4041433 -1.2729317
205 -1.406883 3.7036564
245 -3.8353941 -1.7657346
259 -3.640544 -1.5666485
201 -2.0503044 0.723557
189 -1.4164301 3.3910573
298 -1.9465791 0.9061722
18 -1.987842 0.93774617
55 -2.0539143 0.7630791
87 -2.0748425 0.6571645
246 -1.345481 4.1418667
152 -3.3877032 -1.3738016
6 -2.1048563 0.5900187
7 -1.383972 3.7143095
83 -1.9598372 0.84053
96 -1.3925096 3.634408
139 -3.7886975 -1.7932707
206 -3.4442985 -1.4686865
27 -3.6991491 -1.5990329
165 -3.655096 -1.64537
223 -3.9907727 -1.9996656
157 -3.5907204 -1.4480243
52 -1.9626808 0.9139785
234 -1.9807501 0.81019324
279 -2.0153306 0.8375129
275 -2.081215 0.6758635
292 -3.6490116 -1.5959393
130 -1.3658009 3.7441397
162 -1.9251132 1.2146988
273 -3.5959802 -1.5728514
291 -2.0444243 0.75847816
252 -2.1254916 0.5664322
61 -2.0845282 0.6884389
208 -3.8940208 -1.8126897
182 -3.468884 -1.3957173
116 -1.3617204 3.496956
60 -2.076012 0.8233059
115 -1.3861798 3.9673727
129 -2.015924 0.8206172
244 -2.1402185 0.62800086
242 -1.9167219 1.021942
79 -3.8465805 -1.7603122
160 -3.5728252 -1.5834382
198 -2.9957497 -0.93317646
76 -1.3698825 3.9141812
13 -2.0093832 0.88924074
33 -1.9280353 1.0085747
297 -1.3624033 3.9231539
67 -1.3652021 3.6118116
103 -1.3567705 3.8359215
77 -1.3152573 3.298176
207 -1.399835 3.7223039
120 -3.6977165 -1.602175
277 -2.0249193 0.7846771
105 -3.3122303 -1.272388
276 -2.0200505 0.79880327
65 -3.3553264 -1.3208401
47 -1.3887742 3.447669
178 -3.4967618 -1.4058427
97 -2.0649924 0.8155262
101 -2.0049756 0.871538
299 -1.3672956 3.9763725
95 -3.6739914 -1.7188575
132 -1.4312189 3.6160624
188 -2.1385808 0.587584
232 -3.8150268 -1.7319062
100 -1.4124665 3.6474807
5 -1.888768 1.1590028
8 -2.042605 0.7326093
44 -3.2375727 -1.1701748
191 -1.366238 3.8896115
64 -3.4958935 -1.4332436
140 -2.096 0.6551473
94 -1.9901776 0.77599645
240 -2.191355 0.49699447
147 -2.017704 0.84736913
149 -2.1558166 0.48615372
166 -1.3062844 3.9569912
20 -1.4038495 3.3987944
16 -3.4571016 -1.4224926
211 -2.0898364 0.59583336
37 -3.592135 -1.6564397
63 -2.040762 0.731868
40 -3.6899934 -1.5843321
194 -2.0245037 0.77023315
50 -3.2130718 -1.1919942
131 -3.452378 -1.4138912
133 -3.3604648 -1.3916814
75 -3.4299426 -1.367706
176 -1.4058768 3.578469
267 -3.3571384 -1.3424073
2 -3.3493693 -1.3392836
78 -1.3338014 3.4251058
9 -2.0223687 0.73265487
112 -3.680433 -1.5653402
19 -1.405681 3.2428102
253 -2.0384738 0.8726355
30 -1.3264111 3.7788777
35 -2.0900073 0.6647224
41 -1.3693826 3.6961715
118 -1.3901874 4.142724
192 -3.2228124 -1.1953131
294 -3.6310434 -1.615429
128 -2.071983 0.7597139
237 -1.3747497 3.6601694
144 -1.3958682 3.7541716
150 -2.1864023 0.39565358
238 -1.3975486 3.7741914
282 -2.2201173 0.40386236
290 -1.3881291 3.47763
228 -1.9792832 0.94925904
229 -1.8520538 1.2688862
281 -2.1172829 0.68846786
114 -2.1874685 0.5250423
108 -1.9494327 0.88982916
82 -3.4588628 -1.3395048
204 -3.4427698 -1.3294513
265 -1.3246132 3.6003654
158 -1.453738 3.724665
180 -2.0745168 0.6754321
255 -1.9859982 0.95274925
174 -2.087637 0.76009834
0 -1.3668708 3.992988
239 -1.3450547 3.6442997
11 -2.0990193 0.6134574
15 -1.9805981 0.89891493
23 -1.9412911 0.95219374
233 -2.1455972 0.58122116
168 -3.8257844 -1.7231091
85 -3.652428 -1.6887528
175 -2.0182292 0.7568078
117 -1.9906316 0.69961566
167 -1.3792862 3.6933596
169 -1.3627907 3.7205637
289 -3.594404 -1.5391941
4 -1.3593026 3.402444
49 -1.9716972 0.9464863
56 -2.0637407 0.73536974
32 -3.515323 -1.377934
125 -1.4142592 3.329472
62 -3.5283837 -1.4586141
72 -3.2244294 -1.2514317
126 -1.9961531 0.9197621
107 -1.9677918 0.82961357
148 -3.6825984 -1.7085729
219 -3.6930742 -1.6523482
203 -3.744168 -1.716547
209 -3.4731505 -1.393146
268 -1.4287018 4.0453687
260 -4.103482 -2.061528
34 -1.9322617 1.0391698
136 -3.956512 -1.8986241
295 -3.298258 -1.1913353
29 -3.6765974 -1.7301682
262 -2.0555413 0.72518003
256 -2.1963298 0.44093832
38 -1.4190712 3.4745245
43 -2.0253456 0.7021001
57 -2.202151 0.58201814
241 -2.0210488 0.8494217
146 -3.7674527 -1.6755271
284 -3.3823462 -1.3227594
164 -3.9372802 -1.8820438
143 -1.3933734 3.595747
248 -3.8606257 -1.7618049
230 -1.3313687 3.677752
266 -1.9860682 0.9530312
274 -1.9716618 0.92360884
104 -2.0300813 0.92362475
3 -1.3735766 3.6078272
170 -1.9997594 0.8359976
258 -2.0671608 0.6881563
99 -1.3744527 3.741082
68 -1.3249665 3.5668392
200 -1.3375669 3.8772402
90 -3.3270893 -1.2777904
113 -2.0993252 0.6513166
218 -1.9627585 0.8881794
153 -3.2097113 -1.1970553
154 -3.9274397 -1.8212063
231 -1.9136971 0.82445383
109 -3.9979155 -1.9130921
287 -3.9162714 -1.8061048
17 -1.3681183 3.7950196
124 -1.4186074 4.109793
247 -1.3678029 3.7173498
155 -4.004209 -1.9335537
263 -2.0360477 0.77408564
69 -1.3942235 3.5732503
92 -1.3664436 4.279837
163 -2.2760954 0.35904568
106 -1.3418639 3.4508266
181 -3.5272403 -1.373426
187 -3.4866278 -1.563069
210 -1.3528512 3.2430077
12 -1.9055463 1.1408072
264 -3.795607 -1.8053242
89 -1.8594431 1.2517163
31 -1.3443747 3.950603
213 -2.0347626 0.72166747
59 -3.8033607 -1.7853774
293 -2.0615168 0.741922
110 -3.224356 -1.1197046
296 -3.6724386 -1.7246168
224 -3.9245067 -1.8130571
236 -1.393091 3.2235985
1 -3.714417 -1.5623701
10 -1.3013881 4.1263065
261 -3.6882572 -1.6442025
25 -3.6610913 -1.7048892
195 -1.3719438 3.4142337
48 -3.6454558 -1.6320257
199 -2.0630848 0.8344363
127 -1.937874 1.0560199
73 -1.9781396 0.8582805
70 -1.4484094 3.84791
74 -3.3462512 -1.3913145
81 -1.3890052 3.7283323
86 -3.531278 -1.5508106
98 -3.3839355 -1.4255923
123 -1.3266631 3.7536955
138 -1.4127145 3.3011434
177 -1.9877427 0.9046717
214 -2.0027635 0.8941304
14 -3.4965172 -1.5320045
171 -1.9967068 0.9399995
28 -3.392661 -1.4523485
183 -2.0110793 0.7654493
42 -1.3682702 3.6907372
270 -3.508517 -1.4926609
285 -1.2833986 4.093123
156 -1.3601595 3.459953
172 -3.9068358 -1.8311315
286 -1.380157 3.9461317
250 -3.7586796 -1.7504076
280 -2.1219306 0.6333673
193 -3.74914 -1.7620732
21 -1.3721579 3.896571
190 -1.8748101 1.1957003
51 -3.527528 -1.4440273
58 -3.5030549 -1.4278823
66 -1.3890786 4.2248464
151 -2.0091136 0.86011136
134 -2.0355673 0.90641683
272 -1.4305015 3.0516076
254 -3.6533015 -1.5424618
249 -3.9377198 -1.7957852
251 -1.467722 3.788268
88 -1.3284961 3.5343661
24 -1.3727566 3.3968318
212 -1.3701694 3.6716745
215 -1.4242992 3.6274345
93 -1.3656077 3.107938
278 -1.3498205 3.348664
46 -1.4232932 4.228495
216 -3.634257 -1.5965201
227 -1.4221358 3.6166914
257 -1.3980628 4.4141955
121 -2.1001174 0.7097876
173 -2.0788543 0.77770513
135 -3.4821131 -1.4253379
202 -4.039149 -2.0415142
159 -1.4408355 3.5803673
196 -1.4003227 3.8692875
220 -3.5699053 -1.484629
226 -1.4178696 3.6905715
288 -3.6852307 -1.6046534
22 -1.3224874 3.8805957
54 -3.693893 -1.679452
91 -1.952146 1.1648513
142 -1.3635031 4.1180153
185 -3.7771246 -1.758103
141 -3.5796535 -1.5157483
122 -1.3597155 4.0756993
271 -1.4747605 4.0187135
80 -1.4064062 3.4724088
184 -3.9644938 -1.8649892
283 -1.3846856 3.8998415
243 -1.9971627 0.9833157
84 -1.3308425 3.6781032
221 -3.8361628 -1.730798
145 -3.6292307 -1.5368677
225 -1.3919071 3.7162235
269 -3.2565172 -1.1281828
102 -1.9287784 1.0107737
119 -1.3306673 3.4383447
26 -1.413011 3.584892
161 -1.9681076 0.9331895
137 -1.4086311 3.7065818
222 -3.768423 -1.7371389
197 -1.3116351 3.8832276
179 -1.4702476 3.5998313
39 -2.0369897 0.85069203
217 -1.4471372 3.8413556
235 -1.3271892 3.6167488
186 -2.0552227 0.8825784
