30 2
15 3.9739728 1.0622314
4 3.953065 0.7428706
13 5.254674 -2.011003
10 5.2429037 -2.044986
21 3.892648 4.4798474
22 3.8978598 1.3739585
28 5.7252407 -2.833185
17 4.013198 1.1175965
1 3.9183233 4.794397
14 3.850138 1.6694089
6 5.9736733 -3.1198006
11 4.117502 5.416499
25 6.0005484 -3.1394875
7 3.7595181 1.72118
26 3.831736 1.82255
16 3.9628885 1.3155563
3 3.8027604 3.9344857
8 5.949707 -3.0333583
19 5.251512 -2.0771222
27 4.043125 5.76393
5 6.065935 -3.2481785
12 4.1239676 6.084068
0 3.7802546 4.213005
20 4.053866 0.37454924
29 6.5012226 -3.7623572
18 3.8774583 1.0827543
24 3.7477484 4.4211173
23 6.439407 -3.7346654
9 3.835719 4.59291
2 4.128136 6.050191
