30 2
22 3.653067 1.8981825
13 5.4856677 -1.1460801
20 4.0707355 0.98515993
25 6.303392 -1.8327842
8 6.3875365 -1.9932011
10 5.507482 -1.1066686
21 3.001592 5.090423
6 6.4572625 -2.1041129
16 3.6898828 1.9149492
4 3.8536925 1.3820719
26 3.405405 2.506159
15 3.8202112 1.5406425
2 3.1379423 6.9132457
28 6.066812 -1.7944751
14 3.520045 2.2390301
27 3.033963 6.381773
3 3.0646198 4.600289
11 3.0405278 6.1110396
1 2.9466522 5.618779
17 3.770241 1.6774493
19 5.582008 -1.174226
7 3.416171 2.4242754
29 7.09983 -2.7320068
12 3.040492 6.581421
0 3.039691 4.7002606
9 3.1063645 5.04803
24 3.0230126 5.001296
23 7.053107 -2.7142055
5 6.4916716 -2.1132925
18 3.722729 1.5584399
