30 2
21 3.678891 4.438437
4 3.9704804 0.8144131
22 3.8016798 1.5900217
26 3.6013536 2.237919
28 5.95003 -2.7843113
27 3.7841423 6.0225472
7 3.707491 2.0715806
10 5.267086 -1.7263683
16 3.8408287 1.7459164
1 3.6187909 5.1375093
6 6.147906 -2.859587
23 6.6709323 -3.4289105
11 3.7206826 5.7198424
25 6.11231 -2.7947009
19 5.5308642 -2.0759437
8 6.052559 -2.6151857
13 5.29595 -1.7677584
20 4.055476 0.66022474
12 3.9164734 6.1713095
17 3.945061 1.3064427
24 3.6648564 4.6800494
15 3.8426886 1.3835993
14 3.7312496 1.9915557
5 6.1899514 -2.98525
18 3.834146 1.1553409
29 6.8179793 -3.7056713
3 3.5631783 4.2653723
9 3.695084 4.5661035
0 3.6621387 4.5081763
2 3.9088733 6.2244225
