30 2
10 5.2664833 -1.8047832
1 3.6089063 5.140659
21 3.7278671 4.37353
8 6.0012283 -2.6446884
7 3.7358873 2.0774322
4 3.9815361 0.86456287
22 3.8178947 1.5965676
14 3.7271845 1.973613
25 6.0528426 -2.8408654
16 3.9259887 1.7124631
28 5.9067273 -2.7297778
26 3.62825 2.1651971
23 6.6459994 -3.4117734
18 3.8227324 1.2309399
12 3.9080818 6.156637
20 4.0624495 0.578411
6 6.1057324 -2.9651618
15 3.955124 1.347587
17 3.9694018 1.3141223
13 5.3232045 -1.8127337
2 3.8915813 6.2702575
27 3.8304515 6.0002384
9 3.7248871 4.6290927
11 3.7190785 5.7070675
24 3.699385 4.62716
29 6.904257 -3.6995847
19 5.4586062 -2.0775785
5 6.1930313 -3.0338836
0 3.6477938 4.442276
3 3.6361117 4.3007092
