300 2
147 -1.9485661 0.9870232
8 -1.9885896 0.8589752
58 -3.9728723 -1.80644
120 -3.7331774 -1.6006705
124 -1.3395902 3.8790605
53 -1.3094584 3.696461
238 -1.2919726 3.4969218
36 -1.2877684 3.6225219
280 -1.9727933 0.89397115
0 -1.2712351 4.0046463
77 -1.273779 3.1753926
263 -2.0130954 0.7569575
141 -3.8111465 -1.6155449
6 -1.9727107 0.9246552
11 -1.943629 1.024613
43 -1.9344937 1.0310398
194 -1.9454365 1.0291139
276 -1.9482435 0.9859438
116 -1.2808812 3.6958156
27 -3.8665104 -1.6508493
63 -1.9411554 0.9189158
99 -1.2971748 4.0021286
149 -1.9291911 0.94349015
109 -4.078841 -1.8049757
176 -1.3547971 3.175769
189 -1.3465295 3.3864417
22 -1.2954748 3.698744
234 -1.8526002 1.1571743
40 -3.8152373 -1.5750754
126 -1.8909866 1.0488256
162 -1.9017444 1.1395937
282 -2.057974 0.7572993
4 -1.221694 3.67478
225 -1.273047 3.8625777
151 -1.9853181 0.86882216
287 -3.9291341 -1.7266575
15 -1.8730716 1.1797936
229 -1.8206187 1.2956579
140 -2.1888516 0.47862753
198 -3.0973203 -1.0020125
289 -3.4434488 -1.2773626
153 -3.3550935 -1.1640143
101 -2.0071466 0.8073585
201 -1.9498646 0.9671706
18 -1.9101253 0.960124
28 -3.6798067 -1.5754027
30 -1.2754127 3.8594885
35 -2.153478 0.5968111
218 -1.9389414 1.0799631
247 -1.2904874 3.5185387
178 -3.516741 -1.3456702
184 -3.7623572 -1.5970644
220 -3.7948935 -1.5319426
76 -1.2466741 4.133509
199 -1.9466344 1.0801402
111 -3.5806363 -1.3544756
148 -3.8175964 -1.6163819
182 -3.4371731 -1.2361885
255 -1.8397802 1.1468365
37 -3.7594187 -1.5934974
39 -2.126762 0.6496536
105 -3.3869343 -1.2242429
104 -2.0271475 0.91404814
133 -3.6618428 -1.5318047
128 -1.9774066 0.8923854
190 -1.9338447 1.0250946
83 -1.987872 0.8895298
107 -1.9771795 0.8796851
108 -1.933149 1.025284
160 -3.7443655 -1.5632024
242 -1.9533105 0.98976356
180 -1.9801971 0.75949454
216 -3.6123986 -1.4034654
192 -3.5402007 -1.4125806
269 -3.3639128 -1.1725702
49 -1.913969 1.099543
245 -3.7567172 -1.5429446
62 -3.6117435 -1.45033
265 -1.3360052 3.441948
100 -1.3404865 3.9600704
233 -2.0052404 0.88173383
279 -2.0347018 0.84261644
129 -1.9666743 0.9751074
170 -2.0023227 0.7959195
211 -1.9546056 0.9071661
291 -1.8958298 1.0995197
164 -3.8608532 -1.7414988
52 -1.9871364 0.91937375
33 -1.8602208 1.1304737
252 -1.9757562 0.84771687
56 -1.9307739 1.0022403
209 -3.3783596 -1.1949089
272 -1.3291245 3.072942
102 -1.9379975 0.9820237
112 -3.552757 -1.3349473
135 -3.6356993 -1.4284016
260 -3.754681 -1.587
191 -1.2786472 4.1303926
241 -2.0101745 0.86856514
240 -2.1371555 0.57590836
90 -3.4901567 -1.346691
47 -1.2780826 3.4528754
250 -3.7774456 -1.6027116
139 -3.6929584 -1.4633737
163 -2.1099796 0.6713524
82 -3.4669406 -1.3336532
230 -1.1899999 3.7797394
193 -3.7385685 -1.5989931
144 -1.3212034 3.4768548
165 -3.671761 -1.4368796
177 -1.8095881 1.1839701
249 -3.9232278 -1.7167666
114 -1.9949523 0.80569124
9 -1.986006 0.9001053
294 -3.7680202 -1.5938033
13 -1.9090312 1.0731775
277 -1.8629216 1.1217507
290 -1.2216254 3.6728518
31 -1.2704349 3.3572898
34 -1.9652196 0.9599522
215 -1.2751098 3.8183053
299 -1.2528915 3.9759827
157 -3.6613142 -1.5558187
55 -2.0084212 0.868389
113 -2.0484135 0.7673978
288 -3.8987665 -1.6995606
67 -1.3166226 3.969844
71 -1.9777521 0.9536305
232 -3.5770736 -1.3467603
117 -2.0077069 0.8668246
154 -3.8407898 -1.6535001
121 -2.0711255 0.7788627
256 -1.9863089 0.9474263
222 -3.642896 -1.4143944
221 -3.699783 -1.5282778
66 -1.3079871 3.8470507
187 -3.6619186 -1.4589041
7 -1.2562613 3.6354346
54 -3.8699389 -1.5684686
61 -2.0642955 0.69851357
118 -1.3012073 4.1363063
145 -3.763665 -1.5083624
235 -1.2974769 3.4723942
261 -3.5872357 -1.3981893
166 -1.2381707 3.7918987
19 -1.332025 3.8154566
181 -3.450866 -1.3434613
70 -1.2893674 4.056435
51 -3.4482996 -1.3441116
296 -3.7801983 -1.5688949
94 -2.0303028 0.7504601
150 -2.13286 0.6945095
161 -1.9893504 0.84252197
284 -3.549326 -1.3988032
183 -2.000593 0.8983483
283 -1.2907199 3.702482
17 -1.2208927 4.1741056
23 -2.0010948 0.8385872
172 -3.7194936 -1.4158823
60 -2.0702503 0.8025884
88 -1.2997688 3.5767457
156 -1.2367579 3.3700213
204 -3.6920633 -1.502071
270 -3.4606 -1.3598231
292 -3.693382 -1.5888691
159 -1.2572869 3.827779
45 -1.3017551 3.3777714
26 -1.3364455 2.7850304
169 -1.304654 3.8881176
152 -3.653507 -1.4246929
64 -3.7965872 -1.5007598
48 -4.0317783 -1.8166331
50 -3.1389625 -0.9751237
65 -3.5368786 -1.4411749
228 -2.0427582 0.70133567
195 -1.3275543 3.4579425
75 -3.650886 -1.4381684
226 -1.341688 3.919816
274 -1.8403097 1.1139079
257 -1.202337 4.067243
167 -1.3013239 3.5908823
237 -1.3247924 3.04771
137 -1.3114673 3.8370543
5 -1.9693046 0.99594235
44 -3.2753775 -1.1861134
239 -1.3381547 3.7075875
214 -1.898113 1.1622099
14 -3.3381565 -1.2149934
16 -3.7343597 -1.5700293
205 -1.3893031 3.1625268
93 -1.3079206 3.7439125
285 -1.2929394 3.9815264
295 -3.4724748 -1.3437237
86 -3.4339838 -1.249152
200 -1.2831559 3.984384
188 -2.1247501 0.6801956
248 -3.652109 -1.5188415
246 -1.237358 4.2039113
138 -1.273242 3.7038233
168 -3.7284653 -1.5501571
259 -3.4377737 -1.36679
266 -2.0267317 0.92576504
275 -2.105321 0.7993349
262 -2.0421875 0.7074962
136 -4.0220876 -1.8079706
173 -1.8854634 1.0376922
196 -1.2931122 3.676158
96 -1.2707324 3.7056327
72 -3.4273176 -1.242473
286 -1.2764447 3.8358169
95 -3.9188612 -1.6856161
127 -1.9779055 0.8137982
115 -1.2736923 3.5888064
231 -1.9352901 0.96517843
244 -2.1541111 0.55027336
298 -1.9468178 0.9775075
207 -1.2812417 4.026434
3 -1.2402351 3.7738142
78 -1.2928474 3.9263127
12 -1.8241357 1.1776599
29 -3.7304988 -1.6224403
84 -1.261134 3.8820424
213 -2.0950263 0.6942397
155 -3.736629 -1.5410495
131 -3.5994623 -1.4012557
146 -3.844244 -1.5830901
202 -4.103776 -1.865475
243 -1.9830551 0.87920916
254 -3.6065457 -1.4522693
57 -2.0790339 0.71045464
267 -3.5830317 -1.4911141
208 -3.6154885 -1.5241692
212 -1.2919602 4.0101314
264 -3.9400837 -1.7370743
2 -3.3630974 -1.1852801
185 -3.6724992 -1.4958489
20 -1.2497671 3.6074934
217 -1.3619351 3.8459384
89 -1.9433099 1.0390555
59 -3.6235654 -1.5040311
41 -1.3178579 4.2464776
73 -1.8630513 1.179383
297 -1.2904525 3.719614
97 -2.056158 0.73198754
123 -1.2744595 3.7733355
258 -2.0790136 0.74272305
125 -1.2299818 3.6304145
134 -1.9181728 0.9363837
210 -1.1797547 3.6498215
219 -3.6389866 -1.4542842
271 -1.274989 4.1502953
281 -2.034264 0.85783535
1 -3.551472 -1.3338044
46 -1.3215853 4.2210493
68 -1.3277574 3.950521
273 -3.4663866 -1.3409921
253 -1.8690838 1.0330471
293 -2.0285623 0.8339608
21 -1.3070316 3.6011999
24 -1.2772261 3.6337328
143 -1.3101463 3.5353224
79 -3.8544 -1.6408805
87 -2.088287 0.69250536
268 -1.2712089 4.0667667
103 -1.2903892 3.4524703
251 -1.2880585 3.6468728
203 -3.8254342 -1.5897942
42 -1.2489341 3.9518769
81 -1.2725089 3.5216954
85 -3.7747803 -1.5878118
197 -1.3191875 3.9190297
186 -1.9190625 1.0536388
206 -3.4957142 -1.2332
142 -1.2534065 4.062968
98 -3.3654926 -1.0855523
69 -1.2346327 3.5612783
80 -1.2742101 3.793432
106 -1.2204294 3.532293
119 -1.2653439 3.509023
122 -1.2697177 4.314736
223 -4.0060863 -1.8327186
158 -1.3632632 3.5650449
10 -1.3596137 3.9606786
174 -1.9261279 0.9391238
236 -1.2888678 2.948574
32 -3.7564578 -1.5042907
38 -1.2989186 3.7299538
130 -1.2547021 3.884122
175 -1.9971635 0.9006464
224 -3.9150164 -1.769184
25 -3.8017728 -1.6693106
74 -3.513433 -1.3140891
91 -1.9002628 1.2204949
171 -1.9750754 0.9857858
278 -1.2674927 3.3874512
110 -3.4073982 -1.1779218
227 -1.2758839 3.5150762
179 -1.3478706 3.685392
92 -1.1821089 4.1147685
132 -1.2327733 3.1977446
