30 2
22 3.7773607 1.5800292
1 3.4700663 5.1370406
21 3.5275533 4.614814
10 5.2455697 -1.4310349
28 5.9490833 -2.5542648
16 3.799853 1.7324976
8 6.0978265 -2.584886
17 3.9639995 1.3133252
13 5.445037 -1.7632028
0 3.540253 4.5364857
6 6.238496 -2.885555
27 3.5782833 6.043558
15 3.986304 1.1503681
25 6.094248 -2.578041
7 3.6541278 2.0777857
4 4.0492473 0.90298706
23 6.6416583 -3.3094163
9 3.4876974 4.6938076
19 5.3532376 -1.6349009
12 3.6775928 6.361661
14 3.7611203 1.9223462
2 3.7918653 6.385684
24 3.5432162 4.715434
26 3.7013338 2.2594588
20 4.06947 0.7091023
11 3.5705853 5.8267083
29 6.779545 -3.2938504
3 3.5625906 4.3536696
18 3.8562682 1.184498
5 6.3335094 -2.830772
