30 2
1 2.9758985 5.5475054
16 3.6847553 1.9428356
15 3.857334 1.5053028
21 3.0608828 5.0096607
8 6.356757 -2.1126986
19 5.625836 -1.2800403
7 3.4418333 2.4540422
6 6.3839707 -2.062674
10 5.4536395 -1.1291498
28 6.073388 -1.8658004
25 6.3047285 -2.0191393
26 3.4642246 2.527514
20 4.05887 0.9133354
4 3.7953503 1.5354024
17 3.7829192 1.709172
22 3.6671338 1.7016581
27 3.0237849 6.2768245
0 3.1205816 4.745928
12 3.1255434 6.6281548
13 5.449632 -1.1592158
23 7.063017 -2.6776059
11 3.0362453 6.179409
3 3.1473897 4.6677446
14 3.6124008 2.2705996
29 7.0807257 -2.7687562
18 3.688817 1.5638226
24 3.0397964 4.9685345
9 3.1163983 5.0954633
2 3.1398761 6.7954507
5 6.4245033 -2.1635313
