30 2
21 3.7355044 4.6270046
10 5.2480493 -1.7906678
22 3.9113185 1.3554606
26 3.7407565 2.0671315
28 5.809419 -2.7250574
25 6.047563 -2.8964257
14 3.7831824 1.8649855
16 3.8894746 1.6164451
17 4.0904393 1.1156598
6 6.0521083 -3.1192741
23 6.561058 -3.6029391
27 3.9435236 5.898327
19 5.3729696 -2.0020247
0 3.6697836 4.404278
15 3.9904923 1.189647
7 3.7911315 1.9296131
8 5.9786005 -2.8496566
1 3.7014503 5.1605296
12 3.9240952 6.2852073
13 5.1709943 -1.7476815
4 4.039492 0.7875469
2 4.0904145 6.1643496
5 6.1086626 -3.0184605
24 3.6477664 4.5128417
20 4.083427 0.45362464
11 3.891334 5.683274
29 6.769673 -3.748411
18 3.8813922 1.0701936
9 3.737381 4.442235
3 3.6999977 4.374386
