30 2
7 3.7731588 3.6824012
14 -2.852702 5.75353
29 4.3875165 3.8095305
3 1.2608984 4.00937
25 4.921003 3.7369788
18 -1.8716254 5.0277886
0 0.6617953 4.1774797
2 -2.524873 5.7176113
5 1.2863028 3.9632502
20 -1.9548523 5.1560154
21 2.229113 4.015571
1 5.328723 3.7508032
10 4.0462728 3.7318604
24 1.2819943 4.1209717
4 -2.5821435 5.485205
6 4.969985 3.6384313
9 0.5973124 4.3647137
12 4.672458 3.645372
23 -3.0575325 5.8372927
19 -3.2214787 5.852853
26 5.1354427 3.5951018
17 -2.2844038 5.4277763
28 -2.0939128 5.176708
22 3.987717 3.6555634
15 5.506284 3.8925557
11 0.7910193 4.1281495
8 -1.9791744 5.077945
16 0.5668423 4.3499675
13 2.177306 3.9129198
27 1.5318208 3.9341297
