30 2
21 3.6152623 4.542473
7 3.7136486 2.0207253
16 3.880757 1.8170773
8 6.114327 -2.7776544
12 3.8193767 6.259066
22 3.7697146 1.6014181
1 3.6223555 5.023404
28 5.973014 -2.6390033
13 5.362163 -1.7678221
23 6.7171993 -3.3761606
14 3.7148962 2.014612
10 5.2307854 -1.7091548
15 3.9211361 1.3161534
25 6.0273604 -2.7843373
26 3.6738567 2.2911146
19 5.527179 -1.8929104
27 3.805801 6.0182095
20 3.9981048 0.8010922
4 3.9223526 0.9789416
18 3.8806252 1.2381923
2 3.8479822 6.1984434
6 6.188604 -2.84501
11 3.7518938 5.7991557
3 3.5626328 4.2395453
29 6.85596 -3.5995889
5 6.3250914 -2.9636195
0 3.6313763 4.5112033
17 3.9746296 1.2867931
24 3.6281505 4.782089
9 3.5915825 4.631484
