30 2
7 4.456604 2.8782868
2 -1.2792474 6.0045066
29 4.921364 2.8014596
14 -1.6853855 6.214252
3 2.0018137 3.8621097
20 -0.87750685 5.4175057
5 2.1302915 3.700841
10 4.863384 2.8748798
11 1.6888136 3.8711338
4 -1.486211 5.963555
1 5.912449 2.6168787
6 5.485197 2.6624298
18 -0.6458217 5.257964
23 -1.8177656 6.4230113
25 5.7552414 2.6350703
21 2.8910458 3.471085
0 1.2522569 3.9937272
24 2.1096601 3.7149196
15 6.20302 2.637566
19 -1.9235997 6.487946
8 -0.99824965 5.464522
22 4.72469 2.7971632
16 1.5334655 4.094898
17 -1.1713005 5.7502894
12 5.459201 2.6921122
27 2.3635962 3.6488445
26 5.5726914 2.626218
9 1.4781904 4.0733743
13 3.0455341 3.36089
28 -1.3383662 5.689865
