30 2
21 2.9624345 5.0146203
10 5.4699626 -1.0075542
22 3.6411927 1.8952919
4 3.8939307 1.3870633
19 5.4743614 -1.0337025
20 4.0609336 1.0588799
8 6.3979063 -2.0261123
14 3.5141377 2.35099
26 3.401608 2.5202606
15 3.8801303 1.6350324
25 6.3316207 -1.8201818
23 7.1700573 -2.6117713
28 6.1671066 -1.8413637
17 3.8621047 1.7104695
16 3.629859 2.049353
6 6.428376 -2.0478365
7 3.4579139 2.4208963
11 2.9504871 6.2780848
3 3.0228558 4.7004957
13 5.540359 -1.0918387
1 2.9315205 5.561905
2 3.0466285 6.9643803
27 2.9997091 6.3097296
29 7.1567264 -2.5475574
9 2.9174538 5.180997
0 2.9339986 4.7868333
18 3.7453022 1.6175623
12 2.994921 6.5722528
5 6.58108 -2.1540418
24 2.981444 4.9402895
