30 2
1 3.567893 4.9833903
23 6.6987777 -3.431898
7 3.7248163 2.0697439
22 3.731887 1.5572554
19 5.4173646 -1.6482316
26 3.6528034 2.2742922
8 6.1326423 -2.6784852
10 5.267698 -1.6407676
16 3.8266811 1.792639
28 6.0248957 -2.610824
21 3.557429 4.578533
4 3.9310179 1.038958
15 3.9099157 1.3051538
13 5.367895 -1.7893398
20 4.040404 0.81878126
17 3.9662185 1.2614638
0 3.5261571 4.479144
2 3.868137 6.278145
3 3.5813735 4.2613144
25 6.0038333 -2.735874
29 6.8348317 -3.4982104
14 3.749377 1.9549321
12 3.747493 6.2370753
27 3.7643359 6.006199
18 3.878848 1.2545048
24 3.6491623 4.6597576
6 6.1150374 -2.8931358
5 6.375314 -2.9416404
9 3.5429118 4.5959706
11 3.7195833 5.8938804
