30 2
22 3.6952353 1.7334837
16 3.7258248 1.8719721
26 3.560206 2.223098
10 5.399842 -1.2345785
14 3.7422118 1.9401789
1 3.1885817 5.4973426
15 3.9233198 1.4141676
4 3.945124 1.1761678
13 5.4073114 -1.3702055
7 3.5329669 2.2753768
21 3.2158682 5.0303736
25 6.2497754 -2.0821385
18 3.8475032 1.3498908
17 3.8950756 1.3384186
28 6.076586 -1.8867339
8 6.0985146 -2.1051886
6 6.2802973 -2.3561108
23 6.9574833 -3.0074089
0 3.1915853 4.884705
29 7.0507507 -2.9489481
19 5.583538 -1.5710535
27 3.2254088 6.2938795
2 3.3598645 6.612364
3 3.2197425 4.6043396
24 3.1905806 5.0195518
12 3.3987303 6.549382
20 4.057887 0.8144644
11 3.2301786 5.8977594
9 3.246309 4.835319
5 6.504391 -2.508697
