30 2
22 3.7004254 1.7607157
21 3.2005372 4.954516
16 3.7618804 1.9150174
10 5.3407326 -1.2451864
28 6.032255 -2.1354542
7 3.593706 2.2279143
1 3.253991 5.3971033
25 6.1513076 -2.13955
17 3.9877973 1.4001837
13 5.487296 -1.3378811
27 3.2489588 6.2379966
29 7.1171155 -3.1248984
8 6.2752705 -2.2761407
14 3.5929646 2.1047907
0 3.1478996 4.8791533
4 3.993047 1.1117996
6 6.353667 -2.3572092
26 3.552655 2.316495
2 3.3901992 6.603251
23 6.912118 -2.9062457
15 3.972162 1.4046549
18 3.781677 1.4319845
19 5.6671557 -1.5800023
9 3.2216759 4.759782
12 3.323824 6.5673594
20 4.0531383 1.0143279
11 3.2801335 6.0359416
3 3.2965803 4.644036
24 3.2250473 4.973903
5 6.479473 -2.4663937
