30 2
21 3.1750715 5.0163
10 5.382344 -1.0656363
13 5.493562 -1.1182467
25 6.224571 -2.0373716
28 5.8347516 -1.8511982
19 5.6108494 -1.4610945
8 6.2354946 -2.0617676
27 3.1557162 6.27749
14 3.6047325 2.164534
15 3.8430154 1.6535169
3 3.1219733 4.4864135
0 3.0936968 4.7005816
1 3.1035526 5.5453734
22 3.7046883 1.80599
26 3.4574702 2.742735
4 3.9055223 1.3383411
7 3.523963 2.4486942
17 3.839311 1.6487064
18 3.8102682 1.511462
16 3.7693262 1.8901271
12 3.1032593 6.5471234
23 7.0197873 -2.764978
5 6.47261 -2.4366345
24 3.1473727 4.944855
6 6.355707 -2.363463
11 3.196615 6.050906
9 3.1293554 4.8056846
2 3.3068595 6.7762117
20 4.002675 0.9498422
29 7.1554728 -2.9086993
