30 2
16 3.7010057 1.9454806
25 6.1809306 -2.191732
13 5.4834895 -1.5232002
10 5.380664 -1.3694044
22 3.6554952 1.7051754
14 3.6826916 2.0579848
26 3.5333123 2.3344753
21 3.3026822 4.9171906
0 3.2516248 4.6641994
1 3.2586532 5.496508
27 3.391318 6.122237
19 5.500014 -1.5339615
17 3.912688 1.3784077
15 3.8708785 1.3976109
28 6.0547853 -2.1593695
6 6.4327364 -2.490071
8 6.1758027 -2.2338
12 3.3977196 6.5738587
23 6.973567 -3.0707068
4 4.020205 1.0100651
18 3.7839344 1.2808608
20 4.0155187 1.028827
7 3.5156775 2.2414136
2 3.4526603 6.5753
11 3.2595572 5.968933
3 3.291142 4.6191926
5 6.4250007 -2.4006042
9 3.3818288 4.84831
24 3.2106597 4.984795
29 7.046028 -3.1249692
