30 2
15 4.0504165 1.0657709
22 3.8795273 1.3483328
19 5.47459 -2.1009161
16 3.862175 1.541431
1 3.788343 5.0210366
7 3.7395434 1.9943062
25 5.998837 -2.8823047
10 5.2274966 -1.828345
26 3.7969158 1.9711442
27 3.9406242 5.833033
17 4.0744753 0.98723096
21 3.790432 4.492517
8 6.0242715 -2.916899
20 4.1135387 0.48629752
14 3.8608675 1.6815995
28 5.796423 -2.7859373
4 3.9912913 0.81930315
12 4.017789 6.158092
13 5.1659527 -1.753504
9 3.6516733 4.5787344
23 6.5290484 -3.5901017
6 5.961978 -3.0502677
18 3.9377453 1.0833865
3 3.7286413 4.301886
29 6.6338744 -3.7052011
2 4.081894 6.243055
0 3.6406817 4.3634577
24 3.717267 4.569736
5 6.2441945 -3.0826046
11 3.9682968 5.7609954
