30 2
21 3.2365472 4.960282
13 5.3671985 -1.1603073
14 3.7041185 1.999739
10 5.434485 -1.320458
7 3.510777 2.3407662
22 3.6648204 1.813808
4 3.8347433 1.3925757
16 3.6932056 1.8595718
15 3.8405776 1.5648879
6 6.4079394 -2.4400704
1 3.1143994 5.480551
3 3.2477093 4.619928
20 3.9425588 0.904048
23 6.942288 -2.9442112
11 3.1833327 5.875797
19 5.6596217 -1.4359527
28 5.937438 -1.9297999
26 3.505045 2.3030343
2 3.3483918 6.728
25 6.2038426 -2.0636277
0 3.2820828 4.6802554
18 3.7768035 1.4534773
8 6.2083836 -2.1644716
12 3.4011216 6.4967356
9 3.2439833 4.861507
29 6.9956036 -2.9107425
17 3.9013627 1.487708
24 3.1932657 4.9504924
5 6.504014 -2.434689
27 3.2485301 6.271142
