30 2
1 3.564465 5.052593
4 3.9883842 1.0181847
15 3.9144423 1.2865053
21 3.5933237 4.5306344
8 6.1082463 -2.700929
22 3.7417974 1.5491257
14 3.7774122 1.9668655
19 5.4448147 -1.7594744
16 3.8544986 1.8165233
23 6.6780605 -3.4100084
7 3.7047613 2.086295
13 5.3747125 -1.7583103
20 4.0256534 0.81641954
25 6.019557 -2.763449
0 3.5749583 4.487973
26 3.6459804 2.321111
28 6.0573645 -2.6367934
17 3.9697094 1.2934119
12 3.7657666 6.231507
10 5.2375736 -1.6861807
3 3.5915248 4.1986217
11 3.693307 5.8796043
2 3.9240124 6.1912785
6 6.2000966 -2.8486507
5 6.3634987 -2.9015844
18 3.8855517 1.2733281
24 3.6236317 4.745763
27 3.7742014 6.0356426
29 6.7940207 -3.5986197
9 3.567898 4.6045218
