300 2
163 -2.184386 0.5186174
72 -3.4455795 -1.4236312
291 -1.9433881 1.0092611
30 -1.3494085 3.7585173
221 -3.4441466 -1.4009705
252 -2.0565753 0.7697825
174 -2.0430346 0.6926903
147 -2.0569575 0.67384547
133 -3.4384604 -1.5215832
105 -3.2542448 -1.2599019
73 -1.9307061 1.1298097
138 -1.4880935 3.7302842
282 -2.1135411 0.60829514
78 -1.4862003 3.5243223
9 -2.0328171 0.79268163
148 -3.5889835 -1.5305419
238 -1.4418993 3.6291938
151 -1.9436214 0.83740205
189 -1.3652158 3.491181
143 -1.4530654 3.5708234
23 -2.0069768 0.83366376
158 -1.3619814 3.4538078
275 -2.0515816 0.66566545
150 -2.1466217 0.5096056
299 -1.3393116 3.2964807
12 -1.8971997 1.0461829
215 -1.4709935 3.6002653
36 -1.4108204 3.5165272
41 -1.4066614 3.9121194
47 -1.4086117 3.207962
86 -3.4887955 -1.5180293
263 -1.9935285 0.86620677
0 -1.422498 3.6146548
11 -2.011787 0.7136455
14 -3.5345309 -1.6718786
261 -3.7206361 -1.7213277
54 -3.5649762 -1.6128683
231 -1.8890506 1.1333288
195 -1.4266574 3.1249924
240 -2.184682 0.49555182
242 -1.9535294 0.9846982
292 -3.53287 -1.530253
271 -1.4891982 3.9996989
234 -1.9676641 0.8472983
62 -3.7320447 -1.7925608
67 -1.382275 3.8604724
258 -2.1036322 0.6087742
224 -3.766093 -1.7842382
75 -3.4165163 -1.4820191
254 -3.8377953 -1.8082027
39 -1.9566894 0.95727175
130 -1.4141768 3.7997158
79 -3.854293 -1.7746315
121 -1.9558061 0.88272387
136 -3.9351952 -1.838095
134 -1.9192853 1.0564827
272 -1.4256603 3.077943
5 -1.8470639 1.316047
6 -2.1519175 0.607877
229 -1.882491 1.1001866
19 -1.3721268 3.9884908
32 -3.6701217 -1.7551113
124 -1.438227 4.1310363
208 -3.6315053 -1.6440834
116 -1.3773892 3.8420115
113 -2.0734715 0.73873967
120 -3.450527 -1.3633245
173 -1.9584094 0.91260165
131 -3.4552133 -1.4450206
243 -2.0432868 0.7162572
198 -3.230623 -1.3262612
178 -3.1353486 -1.1735231
65 -3.5405018 -1.5887424
123 -1.4615791 3.7799406
211 -2.0316715 0.70943123
132 -1.3605729 3.1907043
214 -2.0588562 0.7020706
290 -1.4547434 3.494215
248 -3.7409368 -1.6896628
1 -3.5361927 -1.5187951
267 -3.5147634 -1.5554681
168 -3.5993767 -1.6231837
18 -1.9331495 0.93293273
129 -1.8793535 1.0767968
35 -2.1002686 0.6815135
165 -3.6766975 -1.6480792
56 -1.9416248 0.9443851
57 -2.138004 0.7470976
156 -1.4247382 3.4513528
96 -1.3876597 3.8806813
126 -2.092429 0.5852376
206 -3.0575736 -1.0044482
239 -1.3932579 3.410244
280 -2.057815 0.78414977
199 -1.9681202 0.8752557
237 -1.4851046 3.6204596
288 -3.6653378 -1.7356907
8 -2.0468721 0.7149503
17 -1.4342102 4.259681
58 -3.664219 -1.8190451
46 -1.48205 4.4683747
142 -1.4207383 3.8297026
60 -2.0869596 0.53901345
64 -3.2284698 -1.2588143
82 -3.5866458 -1.7086121
256 -2.0591843 0.662154
102 -1.945169 0.9843038
285 -1.4246671 4.006999
140 -2.0815358 0.62498814
170 -2.0128634 0.8471996
249 -3.98293 -2.0363803
184 -3.756197 -1.738561
190 -1.9529953 1.0440574
241 -2.0258968 0.7402085
38 -1.4001303 3.7412488
61 -2.1045954 0.61433613
162 -1.9431838 0.9960243
225 -1.3879309 3.6200788
77 -1.3975716 3.1579952
233 -1.9808929 0.939545
83 -2.1586926 0.48782185
149 -2.1040332 0.73131025
172 -3.6331236 -1.6428475
176 -1.4335401 3.092504
161 -1.9729534 0.88840455
169 -1.4231727 3.3029113
257 -1.4102377 3.8269584
201 -1.9809643 0.9729704
210 -1.3709134 3.9013476
139 -3.937559 -2.004598
15 -1.9826356 1.0224911
127 -1.9159347 0.9927939
205 -1.3955358 3.1612866
203 -3.622267 -1.6344647
213 -2.129283 0.62862146
245 -3.5287175 -1.5868765
50 -3.2230914 -1.2522036
164 -4.041137 -2.0474458
128 -2.033774 0.6204792
94 -1.9659305 0.85492057
279 -2.14686 0.563566
274 -1.9957845 0.97086346
207 -1.4481516 3.6895642
295 -3.3754134 -1.3845992
262 -1.984918 0.88279766
7 -1.4700384 3.4963925
114 -2.1439059 0.55544466
244 -1.9893264 0.853694
286 -1.4456751 3.844508
247 -1.3792715 3.3901653
216 -3.791979 -1.7566966
118 -1.4590893 4.5090814
51 -3.6034882 -1.6338589
63 -1.934537 0.99233145
66 -1.4459829 3.8820684
97 -2.0875633 0.7048788
115 -1.350942 3.8312116
284 -3.487119 -1.5488931
154 -4.0427523 -2.0784497
179 -1.3769823 3.577828
219 -3.4805393 -1.4758663
187 -3.9379556 -1.979701
192 -3.5748322 -1.5868623
250 -3.3699358 -1.4331238
293 -2.0594368 0.74195176
108 -2.0330536 0.78775114
3 -1.4378849 3.4786708
188 -2.1088324 0.5707501
76 -1.4379417 3.7758913
157 -3.5210845 -1.4658898
99 -1.3874515 3.8886986
137 -1.3977425 3.4708593
122 -1.4487755 4.1215744
101 -1.9965787 0.913064
112 -3.6634684 -1.6833405
212 -1.3807319 4.060182
209 -3.5765936 -1.531652
167 -1.4154944 3.731824
2 -3.4554346 -1.4386351
31 -1.4122196 3.7756176
34 -1.9872216 0.9241203
87 -1.9707235 0.78872216
228 -1.9996945 0.84433776
183 -2.0840096 0.66491395
144 -1.4214171 3.887852
146 -3.7009492 -1.6784183
177 -1.9267486 1.0173763
181 -3.5262818 -1.6170876
4 -1.4303353 3.3079169
93 -1.431409 3.4752567
107 -2.0242255 0.8078562
10 -1.3821586 3.9342113
43 -1.9533561 1.0330809
255 -1.9779364 0.90600276
16 -3.7210727 -1.7554761
222 -3.6435483 -1.7730118
217 -1.4086658 3.5900881
45 -1.4078767 3.3713102
33 -1.9747235 0.9104399
268 -1.4331263 3.8753028
59 -3.6816692 -1.6352236
68 -1.4194275 3.5987637
70 -1.4106017 3.7570052
71 -1.9917415 0.8205751
277 -1.8483992 1.1285052
160 -3.6804986 -1.7420744
141 -3.6049867 -1.59843
287 -3.779453 -1.8287709
281 -2.1177683 0.6546629
232 -3.4658725 -1.5128626
21 -1.4718043 3.64533
80 -1.4616402 3.7728631
53 -1.4105934 3.4046278
259 -3.3241537 -1.2824157
202 -4.1276484 -2.1015728
220 -3.473913 -1.4216881
74 -3.452921 -1.5046222
84 -1.4231575 3.5614407
85 -3.6133077 -1.5706992
106 -1.48877 3.0950022
110 -3.0815601 -1.1110724
289 -3.5345361 -1.5632488
166 -1.3696272 3.8141842
298 -1.971528 1.0081859
175 -1.9795676 0.8794004
204 -3.7771952 -1.772834
135 -3.4609478 -1.4947355
95 -3.94644 -1.8850574
251 -1.3922348 3.9121296
276 -1.9877683 0.7701967
226 -1.3891904 3.87217
98 -3.6463308 -1.6349713
49 -1.9768912 0.99541146
155 -3.7453735 -1.7977078
13 -2.0167272 0.83080304
81 -1.3639256 3.8031178
265 -1.4356436 3.469779
109 -3.698672 -1.7122093
91 -1.9956144 0.94142354
253 -1.9319179 0.9561298
193 -3.6547854 -1.5507907
90 -3.3681078 -1.4662935
20 -1.4476851 3.7215889
28 -3.4402647 -1.5208151
269 -3.180823 -1.168672
89 -1.9158285 1.1869191
103 -1.4281836 3.5193226
153 -3.4382112 -1.4523826
294 -3.698998 -1.6496176
230 -1.3951684 3.3398063
117 -2.0450065 0.7529607
48 -3.931699 -1.8725748
29 -3.3370302 -1.4266816
37 -3.6261845 -1.6147131
197 -1.387185 3.8897338
44 -3.1975007 -1.1568971
111 -3.713483 -1.6713754
200 -1.4714421 3.9192328
278 -1.4470047 3.8382285
236 -1.4411168 3.013229
69 -1.4615479 3.5734181
27 -3.685466 -1.6617827
185 -3.7561288 -1.7923653
194 -2.0509598 0.82197094
270 -3.8269866 -1.7832615
223 -4.148352 -2.1668935
24 -1.4001698 3.6049314
25 -3.6695874 -1.7147573
196 -1.3937566 3.6743798
92 -1.4143451 4.3389573
246 -1.4303379 4.0366764
180 -2.1127017 0.6966504
235 -1.3952439 3.4660325
260 -4.2127056 -2.2487226
296 -3.7702951 -1.7256426
266 -2.0225503 0.840397
52 -2.096932 0.6258715
152 -3.6102283 -1.5744776
264 -3.740165 -1.8707505
186 -1.9707326 0.90436035
55 -2.0333605 0.8852558
171 -1.9307129 0.9702991
159 -1.4337236 3.997415
283 -1.4307259 4.045536
42 -1.3897989 3.8615038
297 -1.3923566 3.9835947
22 -1.3571818 3.6423607
218 -1.9361887 0.9534781
145 -3.7772233 -1.8372813
273 -3.600649 -1.5732481
26 -1.4550158 2.876578
104 -1.9822292 0.99160093
191 -1.4657019 4.1563525
125 -1.4064455 3.6671145
40 -3.6832929 -1.7231363
88 -1.3947232 3.7525783
119 -1.4547482 3.3702295
100 -1.3574878 3.6888027
227 -1.4203684 3.5134745
182 -3.317157 -1.3346238
