30 2
7 3.6960573 3.8645294
29 3.9446833 4.0625954
3 0.9173017 4.250343
18 -2.027051 4.879218
20 -2.3218434 5.0543904
14 -3.14741 5.5298834
5 0.981845 4.140721
25 4.8268824 4.084713
1 5.237194 4.1242185
19 -3.550121 5.640023
26 4.7525983 3.9115567
2 -2.7941077 5.4494395
22 3.6425416 3.858173
21 1.7709728 4.126061
4 -2.993447 5.353877
23 -3.5024328 5.7040625
16 0.2591858 4.3806305
8 -2.2216477 4.9352255
10 3.7683537 3.9842997
24 1.1922934 4.1231923
0 0.122251354 4.293146
28 -2.4262764 5.0133176
6 4.655886 3.8984897
11 0.6847151 4.142788
13 1.9573959 4.052108
17 -2.7502418 5.337129
15 5.0286155 4.1319985
27 1.3921874 4.1486526
9 0.3995627 4.290809
12 4.8175325 4.0434422
