30 2
3 1.7876564 3.927589
7 4.498681 2.8967078
2 -1.4625094 5.9446235
29 4.9176626 3.0503137
1 5.803686 2.7810187
14 -1.8078138 6.137678
26 5.544092 2.6900742
20 -0.9130331 5.316277
4 -1.4994437 5.8383183
18 -0.7271018 5.2399774
24 2.0220008 3.792267
5 2.1794236 3.6176655
10 4.6231465 2.9863505
22 4.444154 2.9034803
25 5.6860843 2.7975574
21 2.8351738 3.50497
23 -2.0270956 6.364492
16 1.3970386 4.1364903
6 5.3846135 2.750082
9 1.2857051 4.148945
17 -1.3121119 5.744874
11 1.5843247 3.9764738
8 -1.0148162 5.4380274
0 1.1198764 4.105967
27 2.3384032 3.629173
28 -1.197853 5.503391
19 -2.192038 6.4531937
15 6.0989146 2.7824218
13 2.9740958 3.45637
12 5.5526476 2.8156781
