30 2
22 3.7133994 1.8071015
16 3.7548902 1.9305427
21 3.2291262 5.020381
13 5.4722724 -1.3938717
25 6.1404676 -2.091094
19 5.604042 -1.5594018
10 5.3957644 -1.2606955
8 6.201443 -2.1761456
4 3.998412 1.2006769
7 3.5190897 2.2228246
14 3.692734 1.9683034
28 6.077383 -2.0643141
1 3.194836 5.4200883
18 3.8061721 1.3991982
15 3.970971 1.3625133
17 3.9573803 1.357237
26 3.54569 2.3199813
29 7.080724 -3.0227141
20 4.089718 0.8743667
27 3.247285 6.246031
11 3.2231517 6.0010986
9 3.1975095 4.880283
12 3.4091742 6.582217
24 3.2318802 5.023848
5 6.4378886 -2.5918696
23 6.9363217 -2.9012113
6 6.3170295 -2.3701873
3 3.2733173 4.5569654
2 3.349704 6.5540547
0 3.208301 4.893464
