30 2
22 3.8542137 1.3365115
10 5.2918277 -1.8557155
21 3.7321672 4.5154996
7 3.7184966 1.999032
1 3.82943 5.0041904
26 3.7847657 1.9971666
8 6.0196133 -2.9683821
18 3.9262416 1.0882881
3 3.7448854 4.3370466
25 5.9990525 -2.8612282
23 6.5575447 -3.6309574
4 3.9380322 0.878675
14 3.810128 1.7316413
12 4.016981 6.158454
13 5.19241 -1.766495
28 5.800837 -2.7932425
15 4.06094 1.0418693
17 4.0732765 0.9956166
19 5.434571 -2.1219473
16 3.852725 1.5312005
27 3.97444 5.853496
2 4.0829415 6.259497
6 5.964829 -3.039263
29 6.637424 -3.7121947
0 3.6705961 4.344171
20 4.0911846 0.49793568
11 3.961538 5.7481365
9 3.686365 4.535985
5 6.257686 -3.0350776
24 3.7200344 4.523932
