30 2
10 5.3706913 -1.8705783
17 3.9871676 1.3166549
27 3.8142037 6.0138288
21 3.7448637 4.5192075
22 3.8470075 1.6130925
4 3.9963515 0.8797703
16 3.8658254 1.6295348
19 5.320323 -1.9849042
23 6.6319766 -3.579654
1 3.6538148 5.0482244
8 5.986619 -2.636822
14 3.7692604 1.9702885
28 5.9060316 -2.6674662
0 3.6114721 4.441738
15 3.9330454 1.2793659
25 6.039971 -2.7422512
7 3.8007693 2.0039792
26 3.7291346 2.1567135
18 3.9486628 1.1271446
3 3.707383 4.2373176
20 4.113994 0.4229102
13 5.2361193 -1.7794458
11 3.8450067 5.6617837
2 3.951401 6.2416887
5 6.090194 -3.0921915
6 6.10739 -2.9339123
9 3.694552 4.6123986
12 3.8598673 6.20315
24 3.705334 4.546253
29 6.879025 -3.7085054
