300 2
7 -1.2771668 3.5163157
8 -2.0210211 0.7074892
56 -2.0986073 0.6153981
20 -1.269977 3.6883037
263 -1.934885 0.84171957
192 -3.6211357 -1.5063958
108 -1.94116 0.98163646
189 -1.3334931 3.1438453
63 -1.8884462 0.99369574
83 -1.9559985 0.9280613
209 -3.2359881 -1.0960437
157 -3.5941563 -1.46787
292 -3.7259555 -1.6103647
198 -3.3719592 -1.2963563
84 -1.3189001 3.3163626
16 -3.7709684 -1.6655369
35 -2.1373415 0.50938237
105 -3.3681111 -1.1966746
295 -3.326308 -1.1996173
251 -1.3483255 3.6237972
241 -1.9707482 0.95510066
30 -1.3127924 3.5815876
169 -1.2924381 3.786269
106 -1.3033495 3.236405
231 -1.8103118 1.2714816
250 -3.7735207 -1.6044008
214 -1.9179046 1.0758853
260 -4.1104655 -1.9325987
167 -1.3329041 4.054249
277 -1.971281 0.9817038
66 -1.2535923 4.3376927
252 -2.0137644 0.88258636
9 -1.9272503 0.96847826
5 -1.8043158 1.2866042
208 -3.7227545 -1.6235585
71 -1.9747789 0.9222772
138 -1.3055824 3.5140016
213 -1.9952606 0.82559854
103 -1.3584466 3.3819199
104 -1.9889959 0.89221936
282 -2.031085 0.8128521
29 -3.6106408 -1.5054144
220 -3.7225883 -1.6097636
115 -1.2708328 3.6916811
123 -1.2968867 3.7530344
223 -3.7878072 -1.5574262
270 -3.7134233 -1.61843
60 -2.06616 0.7730201
33 -1.8673897 1.143203
122 -1.2731193 4.163307
61 -2.1181083 0.64480203
287 -4.0940604 -1.8713292
289 -3.4624138 -1.2661035
249 -3.9018023 -1.7525691
294 -3.588647 -1.4414126
229 -1.7491854 1.46598
280 -1.9965098 0.8511407
274 -1.9769597 0.95922685
242 -1.9952502 0.8584376
226 -1.3149426 3.5882187
144 -1.2906742 3.6911552
180 -2.008015 0.84545267
233 -2.0756574 0.6580974
59 -3.7941053 -1.7330685
112 -3.6496186 -1.5066652
93 -1.3510088 3.8437293
271 -1.2497046 3.86617
211 -1.8782097 0.99255127
247 -1.3249308 3.5851572
259 -3.6140318 -1.3733641
68 -1.3138103 3.7876241
236 -1.3071467 2.9200158
27 -3.849979 -1.7087321
149 -1.9859303 0.81314737
181 -3.5742822 -1.4568578
201 -2.0244539 0.86133945
78 -1.2469072 3.8420331
299 -1.2717445 3.7821968
126 -2.0251753 0.9504327
186 -1.9547615 1.0474237
225 -1.3215219 3.5741851
143 -1.2213016 3.941851
187 -3.5954921 -1.4459987
160 -3.5757391 -1.4269556
202 -4.1782904 -2.086048
286 -1.2929214 3.7525375
298 -1.9541934 0.9594682
190 -2.007022 0.9966361
12 -1.8992465 1.0497923
77 -1.3350632 3.1346128
170 -1.9521105 0.9875665
45 -1.3267448 3.891529
265 -1.2445437 3.705891
48 -3.7512236 -1.6305689
110 -3.4316733 -1.3240284
128 -1.9902394 0.8021543
255 -1.901574 1.0330911
137 -1.2543999 3.4547026
291 -2.0294533 0.7433863
218 -1.9654241 0.935862
235 -1.2840868 3.680869
145 -3.7387881 -1.6868968
67 -1.2872673 3.5140219
116 -1.3218294 3.436171
178 -3.257766 -1.1423653
47 -1.340186 3.3874857
50 -3.1974287 -1.1795647
188 -2.1009002 0.70214653
269 -3.277076 -1.1372644
107 -1.9529992 1.056772
72 -3.4129295 -1.2885892
224 -3.7470622 -1.647072
117 -1.9274708 1.0651582
152 -3.861612 -1.653952
176 -1.3113965 3.3663635
234 -1.9546412 0.9296788
240 -2.2078364 0.513745
266 -2.0704093 0.8017665
14 -3.7611268 -1.6532604
81 -1.2974637 3.7998638
19 -1.2603375 3.5790005
23 -2.0162318 0.6984454
283 -1.3176284 3.9218907
53 -1.3082546 3.6421814
158 -1.2719318 3.8272715
65 -3.513811 -1.4711282
276 -2.0684013 0.69359344
97 -2.1122174 0.70349103
279 -2.075562 0.76880217
89 -1.94768 1.050995
64 -3.5016909 -1.3626474
11 -2.0793402 0.5843334
200 -1.3390015 4.1717467
99 -1.2869762 3.7303238
153 -3.4410276 -1.3715695
155 -3.733044 -1.6452531
262 -2.0543363 0.8414427
210 -1.3454639 3.5461116
183 -1.9612921 0.93519616
37 -3.7468433 -1.6504148
44 -3.264014 -1.1070975
278 -1.306199 3.4736578
268 -1.2970463 4.2808275
58 -3.6623425 -1.5507045
175 -1.963312 0.9520937
88 -1.3541389 3.678121
124 -1.298936 3.8743129
120 -3.5350833 -1.4793835
141 -3.5793343 -1.4461821
204 -3.79269 -1.5949932
161 -1.9453614 0.92863524
0 -1.2949035 3.6043005
253 -1.9842994 1.0642661
41 -1.3332798 3.9845147
261 -3.7010486 -1.6228045
31 -1.2576088 3.7978828
166 -1.3872552 3.9255648
39 -2.003599 0.9026367
52 -1.9227788 1.0998588
243 -2.0173745 0.8472097
121 -2.0177732 0.7286203
130 -1.2599518 4.245651
185 -3.595472 -1.4542216
62 -3.862757 -1.7042298
85 -3.6422396 -1.4877402
32 -3.430279 -1.2242875
79 -3.746109 -1.6031768
215 -1.3021821 3.5712743
219 -3.4140775 -1.3642228
94 -2.0431626 0.7716005
199 -2.0148447 0.8559378
284 -3.5518742 -1.428437
168 -3.6133835 -1.4032962
140 -2.0708792 0.65766567
163 -2.0956674 0.71154606
246 -1.3477187 4.0822144
296 -3.8028188 -1.6776639
239 -1.223817 3.6737182
118 -1.2410191 4.146004
42 -1.2408572 3.9078271
46 -1.2666202 4.0911098
237 -1.2786653 3.694286
285 -1.315351 3.9051461
127 -2.0139477 0.7941636
129 -2.0786738 0.85369134
197 -1.3262374 3.913245
205 -1.3141223 3.593444
238 -1.2647885 3.8931706
2 -3.5232356 -1.4393358
102 -1.9931444 0.9962608
273 -3.5686996 -1.5325211
24 -1.2945442 3.6089785
26 -1.3237754 3.2569246
54 -3.7222376 -1.6437978
38 -1.2811729 3.512315
90 -3.356989 -1.1840751
256 -2.1736279 0.51887524
114 -2.1539207 0.59810954
139 -3.7224407 -1.5967273
193 -3.551162 -1.4786873
228 -1.9864026 0.8998558
10 -1.2689447 4.2624526
267 -3.4274418 -1.365554
212 -1.3474159 3.6340115
165 -3.7341425 -1.5180843
172 -3.756625 -1.6373434
76 -1.2752478 4.106401
92 -1.2216381 4.22999
96 -1.267735 4.1077285
131 -3.5199769 -1.3850063
164 -3.701751 -1.5154464
4 -1.2609465 3.7589083
147 -2.061897 0.7306659
6 -2.0354877 0.78181565
162 -1.8544401 1.2494634
281 -2.0668397 0.7175847
207 -1.2908267 3.8479543
36 -1.2951906 3.8212962
43 -1.9261398 0.96612716
119 -1.3427707 3.3722343
82 -3.7577584 -1.5784582
113 -1.9223809 1.0161527
133 -3.332528 -1.2414953
151 -1.9734695 0.8438078
196 -1.3793685 3.7227716
232 -3.7062213 -1.5552129
244 -2.0707955 0.7587052
3 -1.3935443 3.7804763
227 -1.296119 3.5899365
17 -1.2691827 3.9303882
18 -1.9557786 0.9725501
258 -2.012072 0.9672705
51 -3.8800673 -1.6463218
55 -2.011159 0.9752774
125 -1.2929096 3.901717
73 -1.884947 1.1032231
222 -3.758082 -1.6601526
87 -2.1542225 0.6129183
100 -1.3413533 3.9586482
179 -1.297937 3.6469321
174 -2.1502988 0.5300036
148 -3.535803 -1.3928329
154 -3.9361794 -1.7703093
159 -1.3189602 3.563269
173 -1.9449079 1.1189187
293 -2.0435135 0.7814458
290 -1.3218656 3.3560514
203 -3.6719608 -1.461987
25 -3.3752182 -1.2573351
28 -3.5453112 -1.4781525
216 -3.8209572 -1.6260802
206 -3.3112023 -1.1522409
101 -2.0967143 0.70640475
111 -3.4238183 -1.2827377
132 -1.327433 3.7627623
135 -3.3457294 -1.3658578
136 -3.865989 -1.7457438
182 -3.527645 -1.3397747
230 -1.3195907 3.291069
134 -1.9614159 0.93398994
40 -3.8900347 -1.9295545
221 -3.8611517 -1.7113107
297 -1.3572117 3.6955612
288 -3.8132887 -1.6894122
34 -2.034951 0.89016163
177 -1.9089303 1.0086274
57 -2.0522554 0.85095674
191 -1.27757 3.833464
254 -3.871238 -1.7078234
1 -3.8428285 -1.6839375
15 -2.0161488 0.7747721
69 -1.2344176 3.647385
75 -3.2264876 -1.1005806
150 -2.1523159 0.50983846
98 -3.4913619 -1.3286574
22 -1.3213662 3.727745
21 -1.3445672 3.4814484
257 -1.3159755 4.305076
70 -1.338637 3.5995812
49 -1.9286693 1.0229704
74 -3.436885 -1.283841
194 -2.029725 0.9496642
245 -3.3795888 -1.1860632
171 -2.0163743 0.88556767
95 -4.148102 -2.0878465
272 -1.2624712 3.4586399
275 -1.9983139 0.9666001
146 -3.8204546 -1.6391516
264 -3.7836554 -1.7392746
184 -3.9284215 -1.781494
195 -1.328951 3.3177705
91 -1.901956 1.2531338
109 -3.892612 -1.8108858
217 -1.2515066 3.8377662
13 -2.0955677 0.7585634
80 -1.25516 3.687805
248 -4.1003413 -1.8879997
142 -1.2905763 4.067156
156 -1.2985332 3.2312193
86 -3.3792336 -1.2848912
