30 2
21 3.7963839 4.5112686
15 4.0968122 0.9325892
22 3.8855143 1.3491226
7 3.7185068 1.9711397
1 3.7811062 5.010934
4 3.9802892 0.93412274
14 3.8627126 1.7561412
19 5.4329023 -2.135565
16 3.8457978 1.5690948
28 5.7881393 -2.7317977
10 5.2843447 -1.8416858
27 3.9301546 5.8625913
8 5.989689 -2.8646727
26 3.8188894 1.9684318
13 5.18371 -1.7463193
6 6.008419 -2.9737988
2 4.062038 6.217731
25 5.966672 -2.9320843
24 3.6932232 4.5606956
0 3.6916754 4.27255
23 6.5493298 -3.7213545
3 3.770653 4.2950807
20 4.133607 0.50584173
18 3.9425921 1.100902
12 4.034516 6.193231
17 4.0876255 0.9479862
5 6.235855 -3.1036944
29 6.6120543 -3.6733131
9 3.7568731 4.464284
11 3.8880136 5.745658
