30 2
7 4.452634 2.8964717
0 1.17785 4.077865
29 4.8846474 3.0483818
23 -2.0417526 6.4025626
3 1.8730468 3.8829181
11 1.5558373 4.0457697
14 -1.8256721 6.120924
1 5.816623 2.8201156
20 -0.9071539 5.374024
4 -1.6267023 5.8146534
5 2.1902227 3.5307524
18 -0.7816023 5.240211
2 -1.4174331 5.9179406
6 5.3789496 2.748048
10 4.6260104 2.9941988
25 5.6407304 2.8204172
21 2.8780646 3.544535
22 4.406156 2.9037213
24 1.9766622 3.785762
28 -1.190835 5.494187
12 5.511419 2.8244011
15 6.03101 2.8469133
16 1.3864691 4.106322
26 5.5840545 2.6705112
19 -2.212674 6.3905544
8 -1.058887 5.441703
27 2.3479385 3.650239
13 2.9541621 3.4839375
9 1.2965977 4.1745024
17 -1.3869258 5.7414165
