30 2
7 4.34085 3.0414968
5 2.123602 3.6671124
29 4.7988696 3.0837119
3 1.7947122 3.9261885
24 1.9931414 3.8054314
14 -2.0227475 6.1402893
2 -1.5189093 5.8767185
21 2.7841256 3.5723045
18 -0.75887066 5.172616
1 5.780347 2.8269877
6 5.3452587 2.824126
4 -1.6466533 5.8435183
11 1.3900677 4.04195
20 -1.0021182 5.320026
15 6.0667386 2.8937562
10 4.5824327 3.036339
26 5.5528975 2.7720876
25 5.617547 2.8660543
22 4.4364915 2.9219174
9 1.403778 4.140468
12 5.4244695 2.9350107
8 -1.0986775 5.343808
19 -2.1941893 6.403236
0 1.2091796 4.029019
13 2.7358506 3.5821998
27 2.2814794 3.5902162
16 1.3634893 4.1278124
23 -2.2821906 6.505642
28 -1.2689555 5.551797
17 -1.498249 5.735415
