300 2
174 -2.0840206 0.7058732
129 -1.9498714 1.0344617
56 -1.931099 0.87362504
88 -1.4336579 3.5733573
8 -2.0542204 0.6797512
298 -1.9985871 0.97805697
169 -1.4142374 3.4917865
225 -1.3693365 3.6110983
282 -2.0197446 0.71453935
117 -1.9872959 0.8230805
252 -2.1020422 0.6684019
67 -1.3573009 3.7095463
100 -1.411843 4.1940293
96 -1.4381257 3.3917542
111 -3.547975 -1.5078228
188 -2.1429322 0.67904794
209 -3.5198143 -1.4895195
138 -1.4209472 3.5989854
126 -2.072256 0.7173782
157 -3.5573535 -1.5967597
107 -1.9476197 1.0209597
295 -3.4244125 -1.4425515
238 -1.462536 4.050329
6 -2.0199215 0.669646
213 -2.1338716 0.6114987
161 -1.9685512 0.9882988
35 -2.1351812 0.7452737
37 -3.6596496 -1.6710501
7 -1.4922628 3.2390578
118 -1.4292121 4.2131023
190 -2.0170407 0.9263474
3 -1.4030678 3.8137107
83 -1.9727224 0.80606544
245 -3.6962886 -1.6510198
148 -3.7851079 -1.82115
101 -1.9878292 0.835463
189 -1.419672 3.2862043
217 -1.4276692 4.0826097
242 -1.8759574 1.0660585
292 -3.5386088 -1.5588799
265 -1.4469475 3.2494261
1 -3.515859 -1.5105828
231 -1.8770473 1.1150682
18 -1.9962053 0.95582145
255 -1.947406 1.0154388
25 -3.718586 -1.7263703
44 -3.1853216 -1.2126551
266 -1.9987605 0.9666122
154 -3.6576967 -1.6698165
229 -1.9194968 1.2017957
130 -1.4052283 3.8257618
198 -3.1580153 -1.1943761
182 -3.3971114 -1.4980234
237 -1.4292703 3.430719
23 -2.0726836 0.8081639
299 -1.3986461 3.5964427
132 -1.3348963 3.424788
99 -1.367175 3.6743886
0 -1.4148455 3.577824
9 -1.9526452 0.91593164
12 -1.9159156 1.0998254
277 -2.0383108 0.79802436
42 -1.4130541 3.9132671
79 -3.618012 -1.6829017
180 -2.130959 0.5110694
183 -2.0424457 0.7609397
94 -1.9936138 0.8329509
201 -2.0673401 0.7082412
104 -1.9605677 0.8589514
29 -3.5855143 -1.605332
4 -1.3362749 3.3820274
105 -3.1979609 -1.2513243
41 -1.4423288 4.3417554
108 -2.0288227 0.8593014
106 -1.4475487 3.3327422
234 -1.9727899 0.8846809
260 -4.078096 -2.111397
60 -1.9759623 0.8929315
82 -3.542587 -1.607929
236 -1.4321923 3.400475
145 -3.6291337 -1.6764354
219 -3.7063363 -1.7551364
267 -3.480742 -1.5050454
2 -3.518658 -1.5026191
10 -1.4125415 3.9833724
16 -3.7175312 -1.7340981
86 -3.601375 -1.6044157
203 -3.7346036 -1.6543704
116 -1.4606811 3.222686
55 -2.0893846 0.67832
61 -2.1148791 0.56633204
124 -1.4308878 3.792779
287 -3.853417 -1.790694
131 -3.3788533 -1.5052419
15 -1.965608 0.9587642
274 -1.9438952 0.9791546
53 -1.4567465 3.6822853
297 -1.4965477 3.8462722
64 -3.274065 -1.2480898
135 -3.3447208 -1.3913234
168 -3.8000498 -1.780853
258 -2.0564876 0.5924428
257 -1.3924261 4.191878
113 -1.991148 0.77790815
5 -1.9048176 1.0211545
253 -2.0065904 0.89674306
33 -1.9179566 1.1056632
45 -1.3881638 3.3105981
71 -1.9414835 0.9729557
136 -3.7200494 -1.720222
263 -2.0262096 0.8322812
165 -3.490113 -1.5357327
147 -2.0442908 0.8004226
214 -1.9308614 0.97314566
235 -1.3753898 3.8766093
167 -1.4249651 3.9788358
196 -1.4531492 3.639537
283 -1.4069806 3.833998
93 -1.39694 3.6134286
212 -1.3904449 3.5976124
176 -1.3835611 3.5869703
175 -2.00332 0.9196316
194 -2.0181022 0.9576935
133 -3.3800223 -1.2949322
54 -3.8080764 -1.7529608
68 -1.4252125 3.6324735
73 -2.0573196 0.78842825
77 -1.4777634 3.1438286
230 -1.3670256 3.179918
110 -3.204695 -1.1345831
69 -1.4210835 3.5341706
22 -1.4354681 3.6717665
286 -1.3522112 3.7448049
28 -3.6288514 -1.5681232
36 -1.4381578 3.5721743
293 -2.0320582 0.77726054
57 -2.2158623 0.4845078
271 -1.3656278 4.0632305
97 -2.0400627 0.76380455
151 -2.023011 0.81215674
156 -1.4187837 3.1143572
296 -3.6154773 -1.5847476
275 -2.0991623 0.616213
228 -2.09578 0.7037959
51 -3.4703414 -1.5323344
261 -3.5895836 -1.6349729
13 -2.00374 0.828191
43 -2.0122457 0.9201711
50 -3.2701035 -1.3290774
288 -3.7014327 -1.7599404
240 -2.193765 0.47690308
153 -3.4385095 -1.5732688
197 -1.3801744 3.4597456
226 -1.3965404 3.8395905
251 -1.3308603 3.8818383
177 -1.9465182 0.98041946
170 -2.0039027 0.79870415
128 -2.1187177 0.54424894
192 -3.4528084 -1.5930885
270 -3.7241733 -1.7564788
294 -3.4690588 -1.3884039
289 -3.7420423 -1.6348426
243 -1.9646696 1.0343049
122 -1.4217819 4.144032
38 -1.4452988 3.8092191
163 -2.0355415 0.8686213
52 -2.0368526 0.83923125
222 -3.6196625 -1.6355094
62 -3.2985055 -1.3353175
65 -3.397106 -1.4491795
193 -3.762667 -1.7614144
115 -1.4584843 3.8326387
181 -3.5006626 -1.5257725
259 -3.414727 -1.5024391
269 -3.268266 -1.188467
276 -1.9419167 0.9801222
17 -1.4266071 3.9006093
159 -1.414664 3.7737892
155 -3.719607 -1.7278646
81 -1.3819765 4.0661182
46 -1.4166336 4.294308
223 -4.1903334 -2.1297264
63 -2.0180984 0.8759595
179 -1.4179208 3.6967993
178 -3.1888292 -1.1868224
195 -1.4044613 3.2388213
285 -1.4133912 3.9561481
47 -1.4630967 3.3132594
39 -2.000353 0.972666
205 -1.4186888 3.5756927
80 -1.4566233 3.9228616
66 -1.4543614 3.8213682
144 -1.459468 3.595267
89 -1.8930703 1.168065
186 -1.9926193 0.8884748
119 -1.4268315 3.319584
199 -1.9604919 1.0750324
272 -1.4087702 3.113436
139 -3.9093294 -1.8895763
202 -4.238356 -2.2794101
173 -1.9959518 0.93631434
241 -1.970258 0.9109912
291 -2.0873327 0.66962343
24 -1.4462516 3.5947878
34 -1.959264 0.95140374
90 -3.4417138 -1.6034696
164 -4.003187 -1.984808
58 -3.615995 -1.6520929
200 -1.4125925 3.9625223
123 -1.4064751 3.9831612
191 -1.3186804 3.579164
262 -2.0204384 0.8035065
224 -3.9119532 -1.9742218
250 -3.7692266 -1.7772164
49 -1.9679426 0.9901386
14 -3.6912415 -1.6403348
244 -2.1114578 0.56989664
221 -3.6737697 -1.682282
210 -1.4072529 3.7297204
72 -3.328452 -1.2222042
254 -3.856048 -1.8394543
149 -1.9421841 1.0153685
98 -3.2472465 -1.230096
114 -2.1465282 0.5435136
121 -2.0304787 0.6857511
284 -3.5052898 -1.5318975
152 -3.6382623 -1.6679658
20 -1.4244506 3.3798375
74 -3.2686248 -1.2074901
32 -3.4273443 -1.4821033
162 -1.9177295 1.1479186
140 -2.003189 0.80909044
268 -1.4351037 4.178221
166 -1.3671455 3.6320553
112 -3.807334 -1.7654985
87 -2.030084 0.83514863
158 -1.4008465 3.6846216
211 -2.0033708 0.7278858
215 -1.3647001 3.4243498
216 -3.9776683 -1.9976991
273 -3.6235614 -1.7021421
21 -1.4282666 3.6283526
19 -1.4659828 3.2816834
247 -1.418151 3.600563
31 -1.3747406 3.490666
92 -1.3616884 4.3790083
109 -3.9805076 -2.0171325
218 -1.9210263 1.071288
227 -1.4321269 3.4460318
120 -3.4799857 -1.5273203
280 -1.9665946 0.98646796
246 -1.3915073 3.8936193
48 -3.9281263 -1.916701
134 -1.9758871 0.9546878
160 -3.555758 -1.5963967
141 -3.4827147 -1.4339048
26 -1.3779435 3.2233267
27 -3.6907494 -1.6772513
40 -3.5384915 -1.5402048
85 -3.8588312 -1.8945101
127 -2.0335236 0.74188256
187 -3.726758 -1.8210685
150 -2.1224422 0.6052434
248 -3.9355752 -2.0042
249 -3.8695924 -1.8590541
11 -2.0876176 0.69962364
290 -1.4213303 3.7322803
184 -3.6750546 -1.7588394
91 -2.0131085 0.99843884
146 -3.9846406 -2.0074391
207 -1.4377769 3.885833
75 -3.4588459 -1.5406722
78 -1.358852 4.015699
95 -3.810435 -1.7482295
142 -1.448458 3.9801464
220 -3.720346 -1.7742171
76 -1.4658449 4.233501
233 -2.1114168 0.6590619
70 -1.3940386 3.7522492
204 -3.5405676 -1.594765
171 -1.9806745 0.9414028
208 -3.521513 -1.5608772
206 -3.4652252 -1.500311
239 -1.4383935 3.417622
264 -3.8704891 -1.9154625
103 -1.4623225 3.9364126
281 -2.099561 0.6572672
137 -1.362924 3.607037
232 -3.540832 -1.6116408
84 -1.4179527 3.4743202
102 -1.9869847 0.8563254
59 -3.6050563 -1.6588051
125 -1.3841532 3.458967
143 -1.426291 3.647064
30 -1.37422 3.5895944
256 -2.1588614 0.42614567
185 -3.6215827 -1.6808022
172 -3.6890237 -1.6757449
279 -2.0470803 0.78157437
278 -1.402353 3.558699
