300 2
52 -1.897749 1.0854868
293 -2.018854 0.7965101
144 -1.2416861 3.51485
102 -1.944373 1.0242804
149 -2.0104847 0.8010157
33 -1.9280621 1.0476698
298 -1.9589851 0.89637136
273 -3.653986 -1.566121
62 -3.543173 -1.4947249
7 -1.3118745 3.5005076
160 -3.6763577 -1.5940261
8 -1.959112 0.90374696
116 -1.2848551 3.564928
195 -1.2744225 3.3758078
255 -1.9423258 1.0050952
292 -3.5974536 -1.517119
108 -2.009694 0.8233588
138 -1.3066355 3.553227
41 -1.2394634 3.8436728
190 -1.8989089 1.0552739
209 -3.310872 -1.2249538
47 -1.277603 3.3632894
5 -1.8793281 1.1496422
276 -1.9328153 0.93746346
258 -2.0491798 0.66129744
148 -3.8130853 -1.6901287
153 -3.373231 -1.2353976
242 -2.0153732 0.79200613
234 -1.96326 0.94577384
36 -1.3096832 4.024655
87 -2.1256258 0.6435136
207 -1.2923274 4.211343
254 -3.7846785 -1.6342416
205 -1.2960248 3.4611027
81 -1.2891986 3.7313685
278 -1.264357 3.6582627
123 -1.2266021 4.0849667
31 -1.2628454 3.8109517
225 -1.317546 3.6334999
252 -2.0410938 0.7051132
58 -3.8145568 -1.5887467
68 -1.2884251 3.5467494
73 -1.868207 1.0557798
198 -3.328722 -1.2010094
180 -2.1805434 0.6296805
114 -2.0637836 0.6241258
131 -3.447664 -1.2944967
104 -1.866964 1.2066864
164 -3.9003494 -1.6817088
19 -1.3295046 3.5455961
65 -3.4784787 -1.3080945
51 -3.784743 -1.7110083
189 -1.3216903 3.164237
181 -3.5671368 -1.3417617
69 -1.3188841 3.336181
243 -1.9257056 1.0531769
135 -3.139414 -1.0827082
140 -2.0445888 0.7564241
220 -3.7954857 -1.6698014
286 -1.2792859 3.8415804
263 -2.0139842 0.83505404
147 -2.128743 0.6964968
170 -2.0360568 0.7823333
20 -1.3424329 3.6025617
86 -3.4483538 -1.3656762
236 -1.280099 3.162494
66 -1.2868065 4.190309
76 -1.3804604 3.9060094
175 -1.9580015 0.93204355
130 -1.3112706 4.049968
187 -3.4437046 -1.3382361
246 -1.2964139 3.5303342
6 -2.0625198 0.8081377
13 -2.0710378 0.71244854
34 -1.9372851 1.0142293
60 -2.097933 0.7086849
37 -3.6477928 -1.433275
44 -3.2330163 -1.0289841
121 -2.036763 0.6658512
173 -2.038233 0.8669146
213 -1.9433259 0.96475416
231 -1.890902 1.0103661
105 -3.3111942 -1.162004
221 -3.6990798 -1.5903218
192 -3.4489677 -1.301067
88 -1.3322479 3.9169292
291 -1.8465978 0.94304335
196 -1.2362834 3.6844413
295 -3.4782379 -1.3037045
280 -1.9863915 0.91548955
16 -3.6746006 -1.5823509
30 -1.2810724 3.8839135
82 -3.8265765 -1.6915344
174 -2.1410825 0.5251745
275 -2.035844 0.87474006
107 -1.9047732 0.9423684
115 -1.2728304 3.8260946
117 -1.9718122 0.9474564
168 -3.7323658 -1.532535
142 -1.275106 4.127355
259 -3.6134524 -1.4363036
210 -1.3024225 3.574977
9 -1.9656296 0.9473811
11 -1.9793863 0.8488229
54 -3.6861992 -1.5683562
169 -1.2448801 3.6912224
94 -1.9423165 1.0261784
129 -1.9984481 0.897078
3 -1.2261088 3.821707
12 -2.0028753 0.89643323
28 -3.6180031 -1.5113767
194 -1.9633578 0.91827625
96 -1.3833928 3.8647892
45 -1.2757173 3.752567
49 -2.095009 0.6531891
161 -1.9988819 0.9147979
118 -1.2819111 4.2090898
253 -1.9992889 0.89520824
111 -3.379983 -1.2494141
151 -1.9857491 0.74580365
119 -1.2876219 3.3025944
137 -1.2481619 3.820746
233 -2.0163865 0.8672784
215 -1.285421 3.9989533
238 -1.2935472 3.5526962
17 -1.2643435 4.0931454
296 -3.622964 -1.4924941
201 -1.9242883 1.0495552
77 -1.329681 2.9611168
200 -1.2435745 3.9330065
124 -1.2779392 4.11618
127 -1.9433061 0.95724005
274 -1.8423191 1.1203934
223 -3.7543068 -1.678477
63 -1.8865412 0.97550935
72 -3.5388045 -1.2586884
162 -1.9970092 1.0052184
269 -3.372407 -1.2969295
240 -2.2007692 0.49458236
197 -1.2500681 4.1292067
217 -1.3208932 3.6720333
166 -1.328754 3.9380844
244 -1.9731991 0.7924706
132 -1.2844404 3.5997615
143 -1.3065927 3.6872168
70 -1.3406153 3.735565
99 -1.3289797 3.6803217
150 -2.1435943 0.5040095
203 -3.737569 -1.5362319
288 -3.9006395 -1.7050192
247 -1.2724767 3.793609
282 -2.055746 0.75027645
10 -1.3127203 4.0862627
14 -3.5933647 -1.4692298
15 -2.0664926 0.83512026
211 -1.999885 0.867092
125 -1.2650506 3.5767078
134 -1.9211131 0.9631785
84 -1.3389213 3.6310685
188 -2.2036018 0.4633981
128 -1.9266727 0.9855395
78 -1.3219289 3.7261024
29 -3.7539232 -1.5600482
152 -3.7096283 -1.6074805
214 -1.8972766 1.0218105
39 -2.0742707 0.69211465
297 -1.2560852 3.5475745
59 -3.9159284 -1.8023577
206 -3.2794678 -1.1447207
71 -2.0699391 0.6847618
193 -3.6684065 -1.5933561
113 -1.9936421 0.884636
156 -1.2965381 3.417435
219 -3.524585 -1.3763126
257 -1.3324579 4.1068177
283 -1.281088 3.866249
251 -1.304576 3.5266907
1 -3.6608257 -1.507585
199 -1.9604245 1.024755
91 -1.939791 1.1371037
22 -1.3396701 3.7940772
43 -1.9025973 1.1595968
46 -1.2581264 3.942914
90 -3.316732 -1.2320027
265 -1.3264871 3.7558072
158 -1.2849345 3.8240216
272 -1.3179585 3.300592
228 -2.0512946 0.73213553
122 -1.2062665 4.2239637
53 -1.3097081 3.4945436
18 -1.9394748 1.0564078
56 -2.1065354 0.71259284
23 -2.0626407 0.8031445
27 -3.5866091 -1.4535444
171 -1.9600366 0.9810905
248 -3.9967608 -1.7465421
85 -3.883593 -1.713726
268 -1.3487973 4.1169977
239 -1.2976465 3.9098022
177 -2.0286002 0.83899957
249 -3.7784672 -1.6533962
299 -1.314164 3.7495244
50 -3.2465565 -1.1691095
75 -3.248359 -1.222523
290 -1.2957357 3.5339649
279 -2.1061053 0.7168226
270 -3.7595956 -1.5442532
289 -3.6039376 -1.4300975
256 -2.0286894 0.7007225
294 -3.6061535 -1.4297943
287 -3.8846207 -1.6321031
83 -2.0556517 0.77792263
241 -1.9740654 1.0025798
139 -3.7938583 -1.5317638
191 -1.3089552 3.9431746
218 -1.9622008 0.9210782
222 -3.8515058 -1.7007196
230 -1.2350731 3.3015282
167 -1.3078384 3.8836963
42 -1.3126315 3.7020245
212 -1.2353823 3.7244284
57 -2.1015906 0.6500797
64 -3.4810433 -1.317748
281 -2.2320676 0.46652636
267 -3.4956694 -1.3961854
277 -1.8963488 1.1600504
154 -3.8403792 -1.6453905
202 -4.0561523 -1.9018474
183 -1.9889681 0.9481537
250 -3.7379665 -1.6359762
100 -1.3881093 4.007673
21 -1.2191098 3.3562746
235 -1.3117601 3.8584247
266 -1.9981213 0.84657633
155 -3.7545166 -1.5696932
103 -1.2895126 3.5996125
109 -3.7082407 -1.4975601
110 -3.1907132 -1.1977357
126 -1.9690062 0.8854213
204 -3.7127228 -1.612014
25 -3.5694284 -1.4173704
35 -2.1635406 0.61122924
237 -1.2627671 3.762463
92 -1.2791297 4.27794
226 -1.3579308 3.593326
284 -3.3718607 -1.2957152
224 -3.741622 -1.6114432
245 -3.7308087 -1.5634192
38 -1.2363974 3.8734846
48 -3.922935 -1.8258744
55 -2.0022507 0.86578286
67 -1.3188186 3.5340998
271 -1.2851797 3.7366235
120 -3.5739567 -1.5798423
157 -3.6957932 -1.512127
229 -1.8397082 1.2550974
95 -4.2751894 -2.1349008
179 -1.3511735 3.6494317
216 -3.7114682 -1.5754967
136 -3.8149245 -1.6414987
0 -1.223189 3.776771
4 -1.3274136 3.7839484
159 -1.3691802 3.7383773
185 -3.6539986 -1.5706481
61 -2.034908 0.7933135
232 -3.5104523 -1.3486878
178 -3.3871965 -1.241729
112 -3.5318744 -1.4274292
89 -1.872228 1.2069309
101 -2.0358162 0.7842038
106 -1.2956492 3.121848
261 -3.639513 -1.4432566
182 -3.5608678 -1.3943791
145 -3.8692436 -1.7280525
176 -1.3283579 3.73717
74 -3.4432592 -1.3371032
98 -3.4500933 -1.3773245
184 -3.9982743 -1.7799022
186 -1.9992472 0.97011787
262 -1.9371183 0.8924941
172 -3.6838136 -1.5666788
97 -2.0908604 0.61825657
141 -3.6487782 -1.6351303
163 -2.0926316 0.77263194
208 -3.8564343 -1.7576398
227 -1.2817216 3.4601214
2 -3.5036933 -1.349509
40 -3.9167793 -1.756799
165 -3.6517074 -1.4315635
79 -3.7756612 -1.5166239
133 -3.557342 -1.4241142
146 -3.9598649 -1.8491704
264 -3.9190648 -1.6874759
26 -1.3243799 3.3526266
93 -1.2931515 3.8079937
285 -1.245405 3.7534535
24 -1.3851933 3.4436016
32 -3.38841 -1.323251
80 -1.2969731 3.9220934
260 -3.9805832 -1.753617
