30 2
7 3.7342334 3.7322972
29 4.3322477 3.8648238
2 -2.5378735 5.651386
1 5.2511053 3.7669094
3 1.2357324 4.045747
6 5.0609636 3.6672351
4 -2.523464 5.507436
25 4.972849 3.8613153
14 -2.9933798 5.6474624
5 1.2454264 3.9482794
22 3.9825406 3.631592
18 -1.8863902 5.031626
23 -2.9783125 5.7651706
24 1.2969753 4.1209793
11 0.8306964 4.1452236
10 4.048081 3.750239
20 -1.8695396 5.168224
0 0.5268396 4.195108
19 -3.3394692 5.896207
8 -1.9674894 5.051377
26 5.0875354 3.6786282
15 5.4032807 3.8965168
9 0.543185 4.3480844
16 0.55723083 4.307107
17 -2.463261 5.4681883
12 4.722719 3.678262
21 2.1410453 4.070479
28 -2.186114 5.2409806
27 1.467215 4.0236344
13 2.1798599 3.9022288
