30 2
29 4.334548 3.6245482
2 -2.3970463 5.770442
5 1.5369856 3.9367862
3 1.4458759 4.0233746
4 -2.3854759 5.6278405
0 0.58947396 4.2546906
14 -2.6330347 5.776855
20 -1.9037364 5.2995224
7 3.9573646 3.5304003
22 4.2015414 3.5277364
10 4.242622 3.5545192
8 -1.840238 5.1784086
18 -1.7282265 5.141766
25 5.060837 3.5228014
1 5.6130915 3.6053214
28 -1.8602769 5.2383018
11 1.1745443 4.185259
24 1.4538475 4.0512657
12 5.0184484 3.634794
19 -3.1108553 6.178829
23 -2.8465967 5.853615
26 5.2275596 3.4499338
15 5.5123897 3.650233
17 -2.1500423 5.4874096
27 1.6486719 3.9661047
16 0.69084626 4.3205976
21 2.2732816 3.880477
6 4.8962803 3.436974
9 0.64921737 4.2861657
13 2.3648052 3.7758482
