300 2
114 -2.1823754 0.56248873
298 -1.9181908 1.0616015
140 -2.0975184 0.7211596
262 -2.1752665 0.54422474
72 -3.3843932 -1.2448432
3 -1.2554098 3.8235636
158 -1.3164208 3.8476665
208 -3.7420118 -1.5309507
275 -2.0490193 0.77900124
209 -3.3093169 -1.2584943
126 -2.0641737 0.77649796
53 -1.3264277 3.524739
76 -1.2916615 3.8690083
82 -3.670468 -1.4580109
255 -1.9595528 0.95500165
148 -3.9954426 -1.7771621
170 -2.0249557 0.88952965
192 -3.3181026 -1.2238203
284 -3.4280732 -1.3248973
105 -3.2347677 -1.159109
8 -1.991555 0.7922739
107 -1.9230747 1.01748
28 -3.678037 -1.5353295
258 -1.9636377 0.8800088
116 -1.3784442 3.6546435
97 -2.0303447 0.7270691
274 -1.8810965 1.1945921
101 -1.9484917 0.8467145
29 -3.6477726 -1.574571
34 -1.9460543 0.97205365
61 -2.0489383 0.81453234
200 -1.2669888 3.8007653
150 -2.0716138 0.681385
18 -2.0050766 0.8698166
159 -1.2459842 3.7768312
25 -3.7755687 -1.6343611
42 -1.2544544 4.107233
45 -1.2753093 3.3668358
58 -3.885372 -1.785135
67 -1.2923436 3.4865124
181 -3.504934 -1.3554863
175 -1.9775639 0.9264752
292 -3.5048676 -1.4293613
128 -1.9049193 1.0623449
247 -1.3153491 3.841609
201 -2.0640814 0.73379236
65 -3.483424 -1.3899382
46 -1.3030823 4.300625
54 -3.7373772 -1.7212597
99 -1.3304929 3.767459
149 -1.9768414 0.85592985
198 -3.492839 -1.3369497
83 -1.9362351 0.92253006
93 -1.2940706 3.9446821
162 -1.9409 0.9901577
174 -2.0722742 0.68363214
194 -1.9800754 0.9536504
15 -2.110284 0.6926885
41 -1.34203 3.823962
166 -1.3718038 3.8375688
111 -3.708438 -1.5832487
100 -1.3441231 3.9379478
190 -1.8107334 1.2060802
265 -1.3441269 3.7648523
4 -1.2555358 3.7890565
167 -1.325446 3.636822
80 -1.3037742 3.538684
127 -1.9062475 0.89319247
226 -1.3104992 3.8723493
210 -1.2841836 3.413925
261 -3.553583 -1.4709071
180 -2.0221994 0.87762225
129 -1.8857061 1.2112372
14 -3.4952435 -1.4582324
294 -3.5218093 -1.3463072
144 -1.2950053 3.877739
55 -2.026542 0.7834941
169 -1.3026582 3.4492168
231 -1.9306381 0.95325273
182 -3.4326806 -1.3331219
203 -3.764989 -1.6456001
286 -1.2630194 3.8602138
233 -2.0248535 0.7808652
43 -1.9538635 1.0076056
239 -1.3298862 3.72237
23 -2.039438 0.8432367
48 -3.9257903 -1.8481604
71 -1.9740977 0.74318343
254 -3.655958 -1.4687979
122 -1.2830634 4.1021595
250 -3.842187 -1.6797256
155 -4.037816 -1.8448708
234 -1.9206648 1.1055946
163 -2.044053 0.7449877
12 -1.9600521 0.9158386
16 -3.8561661 -1.6869271
21 -1.2402202 3.71435
161 -1.9838021 0.81261927
256 -2.0987537 0.6102813
221 -3.7969651 -1.6944817
117 -1.9609567 0.8816881
183 -1.9470079 0.9108491
240 -2.1313438 0.5565855
266 -2.1169946 0.74076647
271 -1.3378346 3.8581629
9 -2.0110898 0.8655775
290 -1.3337451 3.6827555
135 -3.4618173 -1.2807868
133 -3.331314 -1.2757157
88 -1.2636786 3.7603872
120 -3.6807697 -1.5130954
235 -1.2827578 3.8653915
156 -1.3257955 3.3038719
157 -3.5923014 -1.5216343
85 -3.7059472 -1.626313
108 -2.0090663 0.90526074
273 -3.4983654 -1.2825866
35 -1.9603026 0.8252589
253 -1.9716823 0.86449355
109 -3.8318474 -1.6664279
77 -1.3496189 3.100899
276 -2.0913417 0.6298975
95 -3.9736292 -1.8383143
96 -1.368099 3.8538845
151 -1.9404207 1.0219507
252 -2.0684266 0.7661158
5 -1.8107747 1.2113923
31 -1.2538351 3.627311
216 -3.6538105 -1.4966534
30 -1.3590627 3.6332035
197 -1.3234427 3.851489
90 -3.2484846 -1.158863
184 -3.756519 -1.5687685
165 -3.709014 -1.5404116
219 -3.811497 -1.7094187
87 -2.072865 0.73965746
205 -1.3251458 3.6538608
291 -2.0523431 0.74235517
207 -1.2874277 3.946569
242 -1.9569112 0.9155249
279 -1.9779447 0.96158725
0 -1.334049 3.8543186
251 -1.3294761 3.5970895
134 -1.933331 0.9692521
33 -1.8409474 1.1458454
36 -1.3432605 4.0059304
145 -3.7342234 -1.5510782
124 -1.339377 4.2849183
179 -1.2822734 3.6980593
295 -3.2299988 -1.0774889
257 -1.3674388 4.271481
227 -1.2747474 3.4494047
263 -2.022295 0.7974318
267 -3.3712554 -1.2194856
7 -1.3121973 3.2780948
188 -2.0681753 0.7316765
297 -1.2876072 3.5657191
139 -3.7817595 -1.6167239
103 -1.279716 3.896698
56 -1.9936653 0.8034441
78 -1.2913189 3.931297
123 -1.3111985 3.6520305
130 -1.2875972 3.9281557
186 -1.9929621 0.91806936
211 -2.024114 0.7473933
2 -3.6712527 -1.4584817
132 -1.3572503 3.3229067
22 -1.337422 3.8197045
176 -1.347838 3.339401
60 -2.0255303 0.9478289
73 -1.9521134 0.9680045
142 -1.378411 4.1530137
229 -1.8055772 1.2834257
204 -3.7507057 -1.7074199
246 -1.2578597 3.8903837
168 -3.5656667 -1.5291295
230 -1.3488667 2.9629722
236 -1.3841476 3.2863355
40 -3.7152617 -1.6115824
125 -1.2502656 3.5831017
52 -1.8184459 1.126252
193 -3.8230884 -1.6555054
68 -1.2779348 3.5902545
69 -1.3021091 3.5552435
232 -3.7892573 -1.6556765
238 -1.3260618 3.8615437
222 -3.6562366 -1.4327083
287 -3.7137656 -1.6064264
196 -1.3166901 3.7112243
202 -4.3101697 -2.132868
51 -3.52876 -1.410106
57 -2.1319866 0.6810477
199 -1.9421595 1.1308756
115 -1.2684052 4.0482254
119 -1.292086 3.289784
138 -1.3329186 4.0784144
285 -1.2372606 4.1565866
278 -1.4122381 3.534624
269 -3.376449 -1.3009429
20 -1.3884523 3.3529768
121 -1.981855 0.8601007
66 -1.3454704 4.0842595
27 -3.7306488 -1.6001021
32 -3.3803177 -1.2349222
288 -4.0783443 -1.8446883
49 -1.9890039 0.9062077
212 -1.2844146 4.109445
270 -3.474245 -1.3916521
62 -3.7531648 -1.6091498
63 -1.9196243 0.970567
213 -2.020656 0.80787766
86 -3.64953 -1.5262833
223 -4.138723 -1.8974305
91 -1.8100022 1.4030701
98 -3.3164556 -1.2373694
112 -3.6482697 -1.472904
243 -2.0640981 0.83756375
214 -1.9886183 0.9907831
299 -1.2797931 3.8183684
79 -3.799208 -1.6757195
137 -1.4013596 3.3921494
160 -3.6940496 -1.5439693
215 -1.3066018 3.630153
64 -3.3610868 -1.2375282
70 -1.3517083 3.4205265
152 -3.568701 -1.4389298
264 -4.05708 -1.8088834
281 -2.0560298 0.75306386
10 -1.3609093 4.137576
13 -2.0378754 0.8157931
19 -1.34711 3.5592418
282 -2.0321212 0.8046119
44 -3.3191173 -1.148042
94 -1.992649 0.8138554
118 -1.2717547 4.1136484
225 -1.3393492 3.6405523
131 -3.480545 -1.3439021
173 -1.944885 0.8732826
228 -1.8861966 1.0649713
224 -3.7733307 -1.5854622
6 -2.0461152 0.754481
24 -1.3072776 3.5869668
178 -3.3541045 -1.1809024
104 -1.9083306 0.93037194
283 -1.3659835 3.5900104
195 -1.2946217 3.2111688
136 -3.993945 -1.7534257
248 -3.8816454 -1.7579808
293 -2.0758212 0.74851215
280 -2.0307271 0.7554864
11 -2.128133 0.6752765
277 -1.9438058 0.9799091
241 -2.0509884 0.9293099
102 -1.9308053 1.0002329
74 -3.2492535 -1.1146411
75 -3.454688 -1.4041915
217 -1.3105042 3.9716017
147 -2.0849285 0.6675004
218 -1.923415 1.0091848
164 -3.8783796 -1.6945254
17 -1.2778702 4.1088805
38 -1.3367561 3.5954206
113 -2.0093453 0.8915672
259 -3.5394766 -1.4419535
189 -1.3040615 3.4739285
260 -4.0763826 -1.9576262
187 -3.7022269 -1.5052115
26 -1.3022692 3.2137544
1 -3.4529574 -1.4058274
206 -3.500816 -1.3920001
59 -3.8167741 -1.6885307
141 -3.3960156 -1.302012
89 -1.9752488 1.0618079
244 -2.0341752 0.7466358
185 -3.5425403 -1.4190248
110 -3.2427993 -1.0791996
220 -3.7279687 -1.5153358
143 -1.3181492 3.1450675
106 -1.344509 3.300623
171 -2.0649674 0.8355713
272 -1.3336332 3.1548197
296 -3.8449168 -1.7613634
81 -1.2870809 4.0066133
154 -3.8896468 -1.7078537
37 -3.4755332 -1.4154975
191 -1.2642415 3.795149
47 -1.3091689 3.1635442
249 -4.101096 -1.9754477
172 -3.7358842 -1.5817058
268 -1.3007287 4.2429953
289 -3.7429602 -1.6999394
177 -2.0705948 0.60328287
153 -3.3837972 -1.2089449
84 -1.329598 3.6560447
237 -1.3618698 3.4812214
146 -3.8244267 -1.7091467
39 -1.985083 0.9348321
50 -3.1397562 -1.019709
92 -1.284862 4.3043585
245 -3.6572974 -1.487681
