30 2
10 5.435312 -1.0953552
22 3.684336 1.6986668
26 3.4086597 2.6600263
21 3.159589 4.8835635
7 3.4717042 2.436926
1 3.0586777 5.469589
13 5.3961725 -1.0948457
16 3.7039871 1.7844514
25 6.3622246 -2.0012732
19 5.725704 -1.5298113
23 7.0061083 -2.7324295
3 3.1012855 4.668725
11 3.0730476 6.150381
17 3.7710161 1.7647681
28 6.083369 -1.9057481
4 3.8021634 1.4564087
14 3.5791395 2.238807
8 6.305308 -1.9464674
15 3.8316176 1.6224902
6 6.3672013 -2.2072725
12 3.133003 6.6450396
9 3.0055358 5.0506115
18 3.7376437 1.5568995
20 3.9906094 1.0099558
0 2.990951 4.825626
27 3.0806613 6.228909
29 7.1659594 -2.9052842
5 6.460096 -2.182248
24 3.1376817 4.8643622
2 3.2258322 6.8340297
