300 2
18 -2.0283458 0.88755065
149 -2.1506479 0.5305948
206 -3.6149635 -1.8003602
169 -1.4189569 3.9480891
274 -2.0032554 0.870864
232 -3.6537604 -1.7768813
265 -1.459724 3.397633
251 -1.5020703 3.550823
127 -2.0336616 0.7035523
182 -3.6441753 -1.7668532
247 -1.4609829 3.4174793
241 -2.0839496 0.6343896
144 -1.5011318 3.3706563
8 -2.1357996 0.4936115
283 -1.454366 3.51112
64 -3.426797 -1.5395823
73 -2.0137322 0.8309489
221 -3.6547873 -1.7499464
108 -2.0126812 0.8747796
298 -1.9912313 0.7992367
236 -1.5356061 3.2416537
111 -3.401957 -1.4870725
33 -2.0030503 0.8903892
224 -3.9993699 -2.1520035
277 -2.0545716 0.7974666
290 -1.4827595 3.6366487
117 -2.0803707 0.7041766
180 -2.1699336 0.5322019
130 -1.4782186 3.9060998
9 -2.0428042 0.7497393
35 -2.1151383 0.62610406
147 -2.0538073 0.7625426
276 -2.004409 0.85633665
200 -1.4733315 3.5252593
284 -3.419062 -1.506645
77 -1.4269819 3.1286738
189 -1.4940735 2.9395797
146 -3.4529622 -1.5898237
222 -3.8827667 -2.0100558
256 -2.1226993 0.5595642
263 -2.069869 0.67307
252 -2.1848567 0.38404384
249 -3.9325495 -2.0262506
13 -2.0325053 0.7393376
15 -1.9500844 0.97638595
262 -2.1009448 0.5972207
43 -2.0100656 0.9449112
125 -1.4783767 3.391027
104 -2.0801182 0.5553078
231 -1.9834305 0.97119105
235 -1.5217824 3.741156
269 -3.139359 -1.2263722
242 -2.0605128 0.65567046
201 -2.0665562 0.63665575
197 -1.5099145 3.5821757
128 -2.0654857 0.73429453
65 -3.7345328 -1.7604249
67 -1.4650525 3.7947211
191 -1.501379 3.8849137
255 -2.0290866 0.8697714
101 -2.0322294 0.8149423
279 -2.0631034 0.80659616
90 -3.206855 -1.2335362
94 -1.9984963 0.82670987
102 -2.0378163 0.79257727
142 -1.4715812 3.8651712
213 -2.1210775 0.53738123
148 -3.7645473 -1.8578234
174 -2.0417023 0.762003
257 -1.5250425 4.00981
124 -1.5770004 4.2738028
190 -2.0122528 0.89573115
258 -2.083004 0.73514354
25 -3.62289 -1.6844745
56 -1.9484235 0.9960943
57 -2.1226463 0.53857166
58 -3.9451473 -2.0338492
278 -1.5211469 3.5945666
160 -3.529774 -1.631544
295 -3.4788206 -1.6538277
228 -2.0278099 0.7214466
32 -3.4510255 -1.5463452
36 -1.4848514 4.0664544
63 -2.0360613 0.69965434
89 -1.9781119 0.92608035
282 -2.1446016 0.5234456
234 -2.0197911 0.78464055
179 -1.5528603 3.7022476
223 -3.9064128 -2.0109901
158 -1.4619077 3.988221
297 -1.4017218 3.7556129
129 -1.9806365 0.9281871
31 -1.4668839 3.849284
136 -3.7309294 -1.8590559
237 -1.411321 3.4064255
44 -3.141581 -1.2117699
69 -1.4853731 3.6430511
164 -3.8528278 -2.0628898
103 -1.4425379 3.6539981
167 -1.5415435 3.6633961
55 -2.1169255 0.5246345
11 -2.1016767 0.60677993
29 -3.5579288 -1.6529702
238 -1.5334293 3.8220663
86 -3.3892288 -1.5058181
123 -1.4029368 3.7535233
157 -3.5557504 -1.61039
270 -3.5381856 -1.6871862
105 -3.4384327 -1.5130326
151 -2.074379 0.6198478
100 -1.5007235 3.9050043
140 -2.1371229 0.55833054
153 -3.3148339 -1.4428287
198 -3.1354008 -1.2422923
114 -2.1157215 0.61667544
199 -2.0488043 0.949639
173 -2.0274713 0.9460536
233 -2.0994124 0.623407
145 -3.6800225 -1.7879218
30 -1.4860258 3.8057086
170 -2.0397983 0.7646567
62 -3.5639253 -1.6212989
271 -1.4664037 3.8413444
184 -3.8908134 -1.9527514
165 -3.4153297 -1.3871372
294 -3.680599 -1.7129447
7 -1.4443282 3.3466043
229 -1.9600325 1.0792733
10 -1.4547943 4.0530953
243 -2.0649471 0.8286259
51 -3.5013726 -1.5239025
59 -3.4575377 -1.5332869
109 -3.685583 -1.8208491
106 -1.407762 3.8362827
131 -3.1869273 -1.2829103
166 -1.4593098 3.7887862
287 -3.7196553 -1.7784966
60 -2.091648 0.60731554
49 -2.0379522 0.75220233
272 -1.4349153 3.217107
54 -3.852631 -1.9011655
143 -1.454553 3.5805671
74 -3.4155378 -1.6623074
273 -3.5729787 -1.7022206
99 -1.4758812 3.6125941
96 -1.4766477 3.8988554
163 -2.2587996 0.3779243
110 -3.280438 -1.4412574
187 -3.6839106 -1.8047804
259 -3.328253 -1.397583
246 -1.5254672 3.8620293
1 -3.4822557 -1.5144173
17 -1.5053365 3.949819
93 -1.447726 3.4781697
112 -3.6310198 -1.6504132
134 -1.9700274 0.94855267
47 -1.4306763 3.3302886
208 -3.5440383 -1.6987457
72 -3.1070774 -1.2523812
250 -3.729717 -1.8787609
210 -1.5622239 3.6542542
78 -1.5058438 3.6876247
84 -1.4933488 3.6424205
168 -3.8207786 -1.889262
126 -2.0791516 0.7000521
135 -3.2765026 -1.3716364
188 -2.1039734 0.69031787
286 -1.5107163 3.7512827
296 -3.6283298 -1.7089193
2 -3.2339134 -1.3986157
38 -1.406242 3.911622
16 -3.5805562 -1.7096093
21 -1.4924899 3.472049
212 -1.5403996 3.889902
39 -2.0730224 0.6420277
185 -3.5917528 -1.653384
219 -3.500419 -1.5539726
53 -1.4935528 3.6316538
291 -1.9676179 0.96326303
220 -3.49351 -1.6604527
193 -3.622934 -1.7715721
288 -3.366231 -1.460016
203 -3.659424 -1.783043
138 -1.4785637 3.501361
194 -2.1149983 0.6175534
209 -3.3043637 -1.3342321
261 -3.1815927 -1.277441
195 -1.4859705 3.6587229
14 -3.5680568 -1.6835779
202 -4.0450068 -2.120884
175 -2.1077497 0.57068974
178 -3.2219791 -1.3041762
120 -3.6551845 -1.7825475
91 -1.927868 1.2104836
92 -1.4805994 3.9319272
115 -1.5259393 3.7655933
217 -1.4015464 3.8034139
205 -1.3981286 3.3101246
3 -1.414785 3.7468843
19 -1.4940579 3.5684886
45 -1.4442359 3.5396605
81 -1.4726062 3.874573
98 -3.4547923 -1.6539226
113 -2.0614345 0.7679707
121 -2.0700793 0.7678798
204 -3.4754822 -1.631819
253 -2.1186283 0.64869267
48 -3.6643696 -1.7695017
6 -2.1002004 0.5934156
22 -1.5424017 3.6211689
28 -3.4347692 -1.5368065
122 -1.5005727 3.8884988
141 -3.4070003 -1.5277822
230 -1.4670055 3.055624
152 -3.472415 -1.5712184
275 -2.1241467 0.7905966
176 -1.4283043 3.4872181
218 -2.0556986 0.7019632
281 -2.1846204 0.48498374
5 -1.9892551 1.094754
41 -1.4801975 3.8441894
40 -3.669571 -1.7697141
42 -1.4488407 4.012976
299 -1.4301654 3.6302075
248 -3.6255221 -1.6861966
79 -3.4351273 -1.57035
83 -2.1253424 0.57540035
196 -1.4881692 3.6498585
161 -2.0743518 0.6760856
260 -4.08685 -2.2519407
211 -2.0567162 0.66110027
192 -3.5498862 -1.6352577
244 -2.174973 0.5162574
75 -3.420625 -1.4052465
20 -1.403598 3.3077056
137 -1.4498413 3.6698296
50 -3.1566505 -1.2380887
52 -2.0376508 0.79444134
132 -1.3854513 3.4416945
82 -3.4527328 -1.610184
150 -2.213811 0.31222
162 -2.0558376 0.75775236
215 -1.4585854 3.644221
239 -1.4977205 3.4645898
280 -2.1047168 0.71131784
159 -1.434956 3.862039
156 -1.4444778 3.2586393
214 -2.1619103 0.5807797
154 -3.6852357 -1.7201205
268 -1.5005306 3.95611
4 -1.4992427 3.6112373
116 -1.4972028 3.448606
95 -3.749969 -1.8455645
107 -2.0049438 0.9434827
207 -1.4391626 3.7210982
292 -3.7253609 -1.8826959
12 -1.9400957 1.1095126
23 -2.1291435 0.6765737
139 -3.7953837 -1.9986682
71 -2.0157287 0.8631838
240 -2.30918 0.17416298
155 -3.9024034 -2.0170207
264 -3.8518598 -1.9080766
267 -3.2871797 -1.397011
97 -2.055922 0.7331571
26 -1.5184332 2.9473794
216 -3.8734436 -1.9254463
68 -1.5149667 3.4896514
227 -1.49406 3.7770338
87 -2.0232244 0.70531857
88 -1.4610252 3.3436358
225 -1.501353 3.772283
0 -1.474524 3.5195203
24 -1.3566769 3.4234545
266 -2.0880492 0.70053864
177 -2.1030772 0.7029806
186 -2.1790252 0.7707209
27 -3.7112865 -1.816725
245 -3.54703 -1.73094
66 -1.5442158 3.8651884
76 -1.490712 4.040931
80 -1.4262917 3.691524
85 -3.680187 -1.8421327
133 -3.4838412 -1.6139584
46 -1.4775308 4.099628
61 -2.1545632 0.57543695
293 -2.1019616 0.64816326
172 -3.603273 -1.6529303
181 -3.4569504 -1.6336197
118 -1.5290796 4.315379
183 -2.0891383 0.72071326
285 -1.531808 4.130558
37 -3.4604561 -1.5458237
70 -1.4704589 4.289905
119 -1.5269861 3.2653527
254 -3.5335066 -1.6907972
226 -1.5366523 3.8061452
34 -2.0749457 0.7649651
289 -3.5382295 -1.60316
171 -2.1477349 0.58900326
