30 2
21 3.197337 5.024254
4 3.9527245 1.3734996
22 3.6730678 1.7553715
16 3.7803504 1.8054901
15 3.9274867 1.6693006
25 6.20844 -2.0408258
1 3.0684574 5.543027
10 5.3024454 -1.0937198
13 5.412771 -1.1704446
11 3.1753283 6.004528
2 3.317273 6.7452197
0 3.0700374 4.7709303
19 5.6086874 -1.5473039
6 6.3570304 -2.3902445
9 3.147247 4.958966
8 6.17909 -2.097168
17 3.8785427 1.5936652
3 3.0999997 4.524402
28 5.8943048 -1.8331349
14 3.638402 2.0749984
18 3.7546446 1.4847184
5 6.518225 -2.394846
24 3.1852312 4.932924
7 3.5175464 2.3050497
20 4.039456 1.0156299
23 7.049437 -2.8131237
27 3.0891666 6.296994
26 3.4868567 2.6866472
29 7.1566405 -2.8988447
12 3.1701963 6.5178514
