300 2
114 -2.1549087 0.53398407
163 -2.1383097 0.5430604
282 -2.1470006 0.4647223
237 -1.5113968 3.5598488
35 -2.128914 0.5653118
129 -1.9886879 0.9997464
252 -2.0743926 0.6140473
27 -3.5361376 -1.6528116
240 -2.1152322 0.60884553
274 -1.950684 0.94934154
149 -1.9854856 0.92606276
251 -1.5551397 3.7898836
82 -3.3407874 -1.4907728
105 -3.3186088 -1.4157847
276 -1.9932513 0.76551074
100 -1.558961 3.7911804
209 -3.4004605 -1.4655185
52 -1.9929653 0.91991174
205 -1.5556878 3.579256
106 -1.4678224 3.4141176
167 -1.4706906 3.6780248
99 -1.5110582 3.7881153
295 -3.1782012 -1.1964103
13 -2.0652483 0.81235045
133 -3.4320147 -1.5740747
189 -1.4625632 3.3166318
9 -2.0504513 0.8279977
18 -1.9828469 0.9324558
255 -2.0304785 0.9091358
15 -2.0572817 0.77813184
210 -1.4951642 3.476494
235 -1.4948854 3.8000069
40 -3.7957869 -1.7725385
42 -1.5326933 4.0162683
55 -2.1836994 0.4025974
62 -3.6624286 -1.8660213
117 -2.0128145 0.81475407
287 -3.8216453 -1.9728007
8 -2.0603926 0.6896498
161 -2.0883536 0.60745835
183 -2.0090497 0.7675785
64 -3.6595438 -1.7465875
116 -1.5037999 3.5877163
253 -2.0030456 0.94315493
230 -1.5001997 3.2083602
275 -2.0627184 0.76844037
28 -3.5995126 -1.6625847
87 -2.0215366 0.7147754
38 -1.4935553 3.6957521
46 -1.4855877 4.1404033
278 -1.5575186 3.7433572
115 -1.4543167 3.604267
298 -2.0335016 0.79335576
151 -2.072186 0.73558235
256 -2.1043146 0.5145964
236 -1.5330352 2.88614
239 -1.5244589 3.4117775
250 -3.4641938 -1.6119816
5 -1.976237 0.9722077
96 -1.4396925 3.8171358
284 -3.3280437 -1.4901081
63 -1.9952697 0.82704306
81 -1.4904988 3.7874625
165 -3.26935 -1.429771
132 -1.5360266 3.2972417
141 -3.467737 -1.5719548
174 -2.0674698 0.69298697
262 -1.9970387 0.7732527
135 -3.3004556 -1.4084928
130 -1.5111582 3.764889
190 -1.9613081 1.0024925
157 -3.482416 -1.5489373
32 -3.2348738 -1.3299592
180 -2.0785837 0.6158375
104 -2.105766 0.5847871
56 -1.9653414 0.9439321
78 -1.5305117 3.657889
170 -2.0379472 0.658514
127 -1.9618332 0.90967965
107 -1.9582009 1.0500282
119 -1.522759 3.217495
147 -2.060948 0.69245166
152 -3.7453744 -1.8780972
77 -1.5134597 3.3318236
83 -2.0998218 0.6560518
198 -3.2022028 -1.3565204
233 -2.0952508 0.62175405
72 -3.3996775 -1.5272055
90 -3.5718946 -1.751312
248 -3.8804746 -1.9664385
194 -2.0705032 0.7355146
266 -2.0765076 0.7947978
288 -3.6953044 -1.9008881
216 -3.6632178 -1.7948394
134 -1.9619088 0.82499915
10 -1.5691246 4.009967
61 -2.1180224 0.47608036
263 -2.0950453 0.63478595
213 -1.9943235 0.70257765
297 -1.5610676 3.6864426
22 -1.5046389 3.689371
30 -1.5115069 3.2301214
177 -2.1038177 0.77616704
231 -1.9383866 0.96341
128 -2.0464365 0.64789355
273 -3.4674075 -1.6953907
67 -1.4859694 3.47171
75 -3.1332798 -1.2552125
203 -3.5995178 -1.7683907
79 -3.590223 -1.6931539
258 -2.0408566 0.60509634
234 -1.965713 0.97406626
265 -1.5100704 3.5270076
150 -2.1797514 0.3948208
229 -1.8865998 1.2473286
94 -2.0087807 0.7471803
6 -2.0322669 0.7295087
140 -2.103213 0.5980399
39 -2.0216563 0.8260847
286 -1.4877269 3.6748943
50 -3.2059903 -1.2567805
69 -1.4883549 3.6496584
73 -1.9887638 0.77733827
207 -1.541404 3.756668
103 -1.4977072 3.6597002
122 -1.5446378 4.3262143
197 -1.5290707 3.6674662
131 -3.601681 -1.7693231
193 -3.54718 -1.6674358
289 -3.5197191 -1.7091368
201 -2.0775192 0.7067524
143 -1.48959 3.2798624
1 -3.722027 -1.8102837
241 -2.0246189 0.8284453
159 -1.4603097 3.911104
212 -1.5560063 4.0071535
53 -1.5767031 3.465458
88 -1.4919848 3.5619202
59 -3.3627462 -1.4887179
158 -1.5130421 3.940408
290 -1.4837564 3.4376082
291 -1.9567528 0.91798645
0 -1.5019687 3.7247434
293 -2.1579206 0.49954447
23 -1.9418439 0.81647706
225 -1.5149152 3.6452682
244 -2.153878 0.49577564
247 -1.5044475 3.5299354
101 -2.011167 0.76443523
153 -3.0859144 -1.2667191
113 -2.0884614 0.6356468
254 -3.7207146 -1.9359595
195 -1.4848017 3.3672757
12 -2.04783 0.7716143
14 -3.4820008 -1.6177982
169 -1.4386363 3.1547482
249 -4.125887 -2.200466
29 -3.676659 -1.7838922
33 -1.9857813 0.7833744
37 -3.7021368 -1.7956964
144 -1.4716527 3.6054282
125 -1.4998347 3.67803
112 -3.673469 -1.7177197
126 -1.9766372 0.90214163
296 -3.583062 -1.7509626
280 -1.9732488 0.7825016
257 -1.4666854 4.2696724
227 -1.5130599 3.4146857
3 -1.4870199 3.75815
182 -3.422761 -1.570995
11 -2.1002572 0.54004186
54 -3.9638112 -2.1072252
21 -1.4733441 3.5119896
26 -1.514184 3.613046
214 -1.963298 1.0193686
211 -2.0523765 0.77315587
68 -1.5263301 3.4743552
86 -3.3747416 -1.4995991
137 -1.4821788 3.4721136
136 -3.7443736 -1.7576927
221 -3.774963 -1.7951151
196 -1.4784775 3.3601007
188 -2.0377574 0.8274817
191 -1.5517638 3.7935321
206 -3.2464483 -1.4468346
57 -2.0095685 0.7994048
36 -1.53527 3.593169
41 -1.5450817 4.006666
43 -1.9781784 0.9437938
44 -3.1651676 -1.24022
49 -1.9893086 0.9739103
223 -4.278785 -2.2884107
242 -1.8919435 1.089608
299 -1.4822192 3.642266
71 -1.9053546 1.0615802
93 -1.5009649 3.79407
97 -2.087078 0.62965465
238 -1.5086468 3.6745806
175 -1.9393926 1.0268432
185 -3.8433242 -1.9652888
2 -3.4908264 -1.6222445
200 -1.4922107 3.605966
269 -3.119343 -1.1123866
34 -2.000163 0.9497957
47 -1.4342345 3.036636
124 -1.4821991 4.1706324
215 -1.5310746 3.5274343
89 -1.9785961 1.0209032
246 -1.5182234 3.7406757
259 -3.5637386 -1.722903
118 -1.4512681 3.9435194
154 -3.508732 -1.7370629
171 -2.0204382 0.8367903
187 -3.659597 -1.7252014
156 -1.472156 3.0208976
17 -1.53078 3.9249108
271 -1.51751 3.9142494
164 -3.914141 -2.1283565
45 -1.4919658 3.3071275
121 -2.1219676 0.66531533
162 -1.9864706 0.810926
279 -2.0768528 0.6878071
146 -3.746079 -1.8916583
245 -3.6453552 -1.826513
76 -1.5443411 3.670633
4 -1.5264156 3.4080312
31 -1.514318 3.6523445
281 -2.0592313 0.83548456
60 -2.087419 0.65932286
261 -3.493018 -1.589953
264 -3.6633859 -1.8100405
283 -1.4644804 3.7047265
95 -4.152715 -2.2089548
142 -1.5287653 3.9887977
110 -3.3017447 -1.4158561
123 -1.3832542 3.6078773
139 -3.7951918 -1.9409995
204 -3.371975 -1.596865
222 -3.5649495 -1.6497654
199 -2.0320299 0.76186323
292 -3.8191078 -1.91206
267 -3.3773053 -1.5226353
98 -3.076113 -1.2664711
92 -1.5000575 4.5099444
74 -3.32972 -1.460278
208 -3.4832978 -1.608599
219 -3.473709 -1.6778619
173 -2.00008 0.7754945
58 -3.4440427 -1.5737693
178 -3.2403574 -1.3537939
109 -4.0219026 -2.194092
148 -3.6659439 -1.8187239
217 -1.4703223 3.5104423
85 -3.4930704 -1.6033647
224 -3.7970736 -1.9028988
228 -1.9586315 0.95896745
172 -3.5488837 -1.5938702
192 -3.5972486 -1.8295152
16 -3.5581176 -1.7784296
268 -1.4856944 4.182377
226 -1.4808683 3.7529447
84 -1.5051775 3.4746718
138 -1.5245055 3.5272613
181 -3.6483529 -1.7142127
20 -1.4725686 3.4762096
48 -3.967684 -2.002776
160 -3.5269353 -1.6711898
285 -1.606299 4.054273
294 -3.3519537 -1.359963
65 -3.332631 -1.433705
108 -1.9740704 1.0598725
155 -3.5689864 -1.7498696
168 -3.6100574 -1.7989976
202 -4.0885 -2.0800111
7 -1.5064071 3.7200572
66 -1.4454461 3.880552
102 -2.0046103 0.89811414
260 -4.0282855 -2.2616274
120 -3.5757205 -1.7160947
179 -1.5004598 3.5211627
277 -1.982712 0.879331
111 -3.4140203 -1.6796257
176 -1.5102762 3.203388
19 -1.4941459 3.5366104
51 -3.4126053 -1.6497129
145 -3.6392143 -1.7920855
166 -1.5134183 3.8134737
232 -3.5096347 -1.6346359
220 -3.4798164 -1.6659771
186 -2.1001356 0.69311434
270 -3.4484448 -1.5139186
80 -1.4934858 3.5449
272 -1.5313227 2.8302417
243 -1.8849454 1.2424538
70 -1.5725592 4.021227
24 -1.4943808 3.6223118
184 -3.7613277 -1.7639432
91 -1.9627837 1.1310704
25 -3.548959 -1.7353977
218 -2.0507846 0.71542877
