300 2
174 -2.0595744 0.6407729
166 -1.3223181 3.9184244
114 -2.1218684 0.677032
242 -1.8510606 1.2050147
243 -1.9381292 1.1017741
298 -1.9520625 0.9532757
142 -1.232799 3.8934803
255 -1.8963953 1.0699906
63 -1.8913901 1.0217115
148 -3.7799675 -1.661443
28 -3.5671618 -1.3714479
85 -3.7078114 -1.490626
160 -3.536394 -1.3611033
62 -3.7231662 -1.5599065
295 -3.4408128 -1.222598
101 -2.0324225 0.792423
191 -1.2411922 4.023624
231 -1.9782557 1.0122008
0 -1.249988 3.498181
178 -3.159203 -1.1120783
171 -1.9300522 0.9828897
76 -1.2277086 4.1585627
211 -1.9479202 0.9976661
7 -1.3081473 3.2709582
135 -3.3953695 -1.306203
8 -1.9415423 0.8883849
282 -2.0927448 0.65384346
116 -1.2950014 3.5170608
59 -3.6015904 -1.4080166
140 -2.0598915 0.7042216
287 -3.5605428 -1.386643
187 -3.5356612 -1.4307294
9 -2.033135 0.87064207
11 -2.0148022 0.8732576
27 -3.597389 -1.4387903
83 -1.9467041 0.9329598
44 -3.3129373 -1.1368338
260 -4.0606713 -1.837683
280 -2.0071838 0.76282156
205 -1.3022764 3.6862245
210 -1.2656544 3.6494439
81 -1.3376325 3.7530968
47 -1.2584988 3.568559
115 -1.3058529 3.7544365
237 -1.2865853 3.4246917
196 -1.2486736 3.7439663
195 -1.3227957 3.7645414
204 -3.659733 -1.4795009
263 -1.8309346 1.1523491
89 -1.8460523 1.2795702
94 -2.0494764 0.7509755
214 -1.884153 1.0999874
2 -3.673594 -1.4834405
3 -1.3125931 3.7171867
18 -2.0037456 0.8657962
126 -1.9511907 0.89980906
19 -1.3151304 3.5489864
20 -1.2810683 3.3202343
203 -3.6396623 -1.4895675
229 -1.7679766 1.442916
159 -1.284486 3.8518
292 -3.7191277 -1.5477203
82 -3.6801436 -1.4510151
87 -2.0012403 0.9519229
176 -1.2339243 3.0633771
262 -1.9659026 0.84503776
170 -2.0310674 0.6559193
64 -3.6746278 -1.3961358
157 -3.6047716 -1.4085418
147 -2.0514054 0.75460386
111 -3.4357433 -1.2607164
128 -2.0386577 0.8287773
158 -1.3116897 3.625121
213 -1.853265 1.0539082
6 -2.0780063 0.6731858
15 -1.9644893 0.7827281
276 -1.9045745 1.0000266
52 -1.9793248 0.86018425
43 -1.9998887 0.9208582
48 -3.9246182 -1.7080778
108 -2.0103114 0.7886625
127 -1.9096941 0.9181664
155 -3.7212868 -1.5758648
149 -1.9467117 0.8584092
120 -3.7196698 -1.5133984
131 -3.5771348 -1.4095047
273 -3.7583406 -1.5522721
244 -2.0774882 0.6495417
68 -1.2625202 3.7212121
86 -3.6172101 -1.5586588
246 -1.2639588 3.9739144
22 -1.2512226 3.7752762
198 -3.4957438 -1.316737
194 -2.0042396 0.85126185
40 -3.5964386 -1.5771378
53 -1.2623653 3.7608404
104 -2.020567 0.7832356
96 -1.2790979 3.673585
152 -3.7391346 -1.4973514
275 -2.0475352 0.82181966
281 -2.1260448 0.6163661
252 -2.0797937 0.6655412
239 -1.2784536 3.3033168
12 -1.8705338 1.1691874
143 -1.2771171 3.5259018
236 -1.3149464 3.3734019
251 -1.2953957 3.5626323
41 -1.2404054 4.0386367
67 -1.2322675 3.7444937
207 -1.2919158 3.9482293
163 -2.0950832 0.7208721
122 -1.2434349 4.3760195
129 -1.9698102 0.95736706
136 -3.9290838 -1.7100484
192 -3.665714 -1.4883287
259 -3.3419144 -1.2406675
217 -1.306111 4.1325855
258 -2.0194552 0.849357
177 -2.0139487 0.787805
21 -1.2723473 3.736703
296 -3.8237448 -1.7408415
162 -1.9408332 1.0352147
235 -1.3007823 3.8442583
134 -1.9952176 0.80802214
299 -1.2482018 3.7979112
225 -1.2332611 3.926893
240 -2.2005377 0.50258136
212 -1.1938909 3.8796835
36 -1.2789464 3.579283
112 -3.5415096 -1.2996434
56 -1.9127182 0.9452
69 -1.2226489 3.5196352
109 -3.9748087 -1.8480638
294 -3.597146 -1.4271901
188 -2.1027968 0.6977101
249 -3.933 -1.7115034
221 -3.6794415 -1.5232899
169 -1.3179548 3.736585
238 -1.3201281 3.6730986
268 -1.2945833 4.1881614
265 -1.2727231 3.596453
277 -1.9382849 0.9682257
34 -1.9225883 1.0528542
14 -3.7822526 -1.585349
119 -1.2761906 3.5025945
78 -1.314851 3.606695
190 -1.9854336 0.93917716
35 -2.2980542 0.3245071
42 -1.2455025 4.077842
182 -3.3899078 -1.1950558
117 -1.9293278 0.9514389
254 -3.765036 -1.5785637
113 -1.9693952 0.8844918
79 -3.5255923 -1.3279598
91 -1.8937181 1.2325917
183 -1.9563121 0.90874594
145 -3.8112688 -1.6216383
144 -1.2658948 3.6937115
293 -2.134157 0.6229208
1 -3.5305276 -1.4209839
49 -1.911256 0.98049676
45 -1.2843916 3.6958582
73 -2.0121207 0.89577097
164 -3.8866892 -1.8471271
256 -2.0926642 0.6540843
180 -2.0819304 0.62486726
219 -3.4226084 -1.2563081
222 -3.8543155 -1.6185308
185 -3.88509 -1.6149114
267 -3.4025292 -1.2196947
208 -3.5560188 -1.4617382
32 -3.579443 -1.4770994
38 -1.2712805 3.8718197
141 -3.682495 -1.535677
284 -3.3961773 -1.3627652
100 -1.3044469 4.322864
234 -1.935012 0.8150242
283 -1.3172853 3.4608343
50 -3.0512588 -0.9829124
153 -3.2426128 -1.1175855
230 -1.2739006 3.519152
297 -1.3395755 3.915107
224 -3.7772717 -1.5480721
289 -3.9515607 -1.7975211
150 -2.1259556 0.64694786
201 -1.9602817 0.9120474
97 -2.0506177 0.6664471
202 -4.250776 -1.986749
209 -3.4353576 -1.2407492
193 -3.7058473 -1.5803579
264 -3.778153 -1.6510546
269 -3.17669 -1.0512735
103 -1.2727728 3.8240292
186 -2.046647 0.8073177
25 -3.5900702 -1.4145161
33 -1.9251938 1.0727321
199 -1.9044124 1.1918766
197 -1.2892405 3.720068
84 -1.3006825 3.5695887
179 -1.2271789 3.8068702
72 -3.3645842 -1.2955049
51 -3.882499 -1.6928151
57 -2.0353608 0.83086395
95 -3.921357 -1.763445
65 -3.4987938 -1.3422204
137 -1.334261 3.4924948
165 -3.4405494 -1.3177161
245 -3.635835 -1.507016
156 -1.2863215 3.484091
247 -1.2343757 3.6649828
228 -2.009809 0.9258406
233 -1.9435532 0.90449584
248 -3.9050744 -1.704307
270 -3.790526 -1.6740612
151 -1.8648596 0.9920089
13 -2.0699613 0.73658323
16 -3.7250516 -1.5426539
46 -1.2335306 4.0914936
102 -1.9327555 0.9409659
189 -1.2787507 3.4671845
253 -1.9283568 0.9847566
70 -1.3207566 3.7318149
71 -2.018107 0.8573874
218 -1.9801466 0.81627244
90 -3.1584 -1.0429839
138 -1.2537978 3.7827575
98 -3.4701908 -1.369017
278 -1.32416 3.6878214
107 -1.9441222 0.9744204
124 -1.2164468 4.3766413
168 -3.7600434 -1.5864239
5 -1.8087198 1.2916925
121 -2.062151 0.9444519
23 -2.039016 0.89950633
271 -1.2930834 4.26965
30 -1.2474009 3.7153196
285 -1.2114497 4.0990205
130 -1.2298092 3.951713
77 -1.2537768 3.4143252
274 -2.0652623 0.7324968
93 -1.2668926 3.425325
110 -3.0689256 -0.92236805
286 -1.2871236 3.710877
161 -2.0504265 0.65001273
139 -3.8679316 -1.7182579
206 -3.5300045 -1.28644
17 -1.2716597 4.2549124
26 -1.298191 3.5863845
272 -1.2617668 3.4435694
227 -1.2453781 3.32712
58 -3.7356963 -1.5429794
60 -1.9512274 0.9614893
266 -2.0308099 0.8704174
250 -3.7934828 -1.6087998
175 -1.8660641 1.1174759
232 -3.9128535 -1.7438097
223 -3.9580066 -1.7176481
241 -1.8492146 1.1950756
10 -1.2968923 4.086699
291 -1.8408635 1.1192163
37 -3.9525003 -1.665196
216 -3.9359796 -1.8027813
123 -1.3438482 3.7230635
99 -1.2483959 3.7609704
106 -1.2859812 3.429653
118 -1.2433981 3.6875482
261 -3.5240502 -1.4178684
279 -2.0187984 0.8222588
173 -2.0075107 0.7912965
29 -3.4296148 -1.2999978
39 -2.007711 0.98011386
226 -1.2545778 3.8871768
55 -2.056337 0.77670115
215 -1.2916338 3.985434
61 -2.0168958 0.77692187
80 -1.260503 3.5978732
154 -4.0077677 -1.751844
290 -1.2991873 3.31899
105 -3.419945 -1.2611148
146 -3.938211 -1.723296
181 -3.6214385 -1.4774162
88 -1.3494182 3.3674343
66 -1.28373 3.9280632
31 -1.3142631 3.7521644
288 -3.777836 -1.5025524
125 -1.2261864 3.8571856
133 -3.6137211 -1.4407569
132 -1.3092594 3.371164
92 -1.2551609 4.165026
220 -3.6566179 -1.4505329
257 -1.3061097 4.031432
200 -1.3058661 3.8601472
75 -3.5665114 -1.4580066
24 -1.2557483 3.2791953
167 -1.2539293 3.7131615
184 -3.8168957 -1.6277567
54 -3.7040443 -1.5036063
172 -3.6218882 -1.4902588
4 -1.3312402 3.7147577
74 -3.4539237 -1.2668281
