30 2
22 3.7494335 1.6707658
21 3.3590071 4.724586
7 3.5197046 2.3205411
25 6.1592326 -2.2975285
12 3.4462702 6.451247
15 3.8697712 1.6082352
14 3.7125466 2.1126301
26 3.5654397 2.306523
10 5.371415 -1.4221805
19 5.478994 -1.4876999
1 3.4152029 5.336269
28 6.0093975 -2.3071873
16 3.7660491 1.883489
4 4.006232 1.1923391
20 4.039283 0.9349859
13 5.539484 -1.5848972
3 3.3524833 4.57299
23 6.951045 -3.211073
24 3.3133707 4.798157
18 3.8151588 1.3638741
29 6.9704313 -3.1136458
0 3.2561252 4.6819005
17 3.9459193 1.4480104
2 3.5391402 6.602846
27 3.3459177 6.2606645
8 6.080174 -2.228607
6 6.3557415 -2.5872076
5 6.4582486 -2.6222336
11 3.4241877 5.94468
9 3.1881683 4.972634
