30 2
21 3.4853284 4.766103
13 5.419145 -1.5981764
10 5.390699 -1.5195866
1 3.360804 5.149175
22 3.749467 1.6263189
19 5.377895 -1.5255548
4 4.0266953 0.92975205
17 3.9250689 1.3864375
28 5.9581194 -2.3190706
23 6.812049 -3.1971953
16 3.804611 1.7135861
14 3.7491722 1.8683496
7 3.6106193 1.9287293
15 3.885097 1.2530107
12 3.6477606 6.4891133
8 6.2001686 -2.5821612
26 3.6746895 2.06245
0 3.4339893 4.6355076
6 6.298866 -2.6748152
20 4.093345 0.70769733
24 3.456464 4.774417
11 3.5444899 6.0823545
9 3.4359994 4.7551527
2 3.6498382 6.454795
27 3.5585082 6.1397715
3 3.5095782 4.358601
25 6.094043 -2.5127842
5 6.36584 -2.6777828
18 3.836917 1.2588315
29 6.823465 -3.2897098
