30 2
29 4.2462826 3.8893661
2 -2.5600731 5.5750713
14 -2.9417248 5.6912594
3 1.1755877 4.055898
18 -1.9292418 5.077823
7 3.77004 3.715257
4 -2.5595968 5.496716
20 -2.01293 5.080872
0 0.4789794 4.202155
21 2.1395657 4.0481195
25 4.942132 3.847021
10 3.9867034 3.8259811
8 -2.0976562 5.1401143
5 1.2038425 4.0441356
1 5.2351613 3.7688715
28 -2.221005 5.1881413
11 0.8433894 4.1383276
22 3.9594438 3.7060647
26 5.007629 3.7288692
27 1.5325838 4.0453577
16 0.59043795 4.2364464
23 -3.0512302 5.7765903
9 0.5474242 4.3506746
19 -3.3045588 5.8728266
12 4.7605977 3.6996086
15 5.211677 3.8920295
24 1.3297315 4.1053205
17 -2.5161343 5.378777
6 5.0056877 3.728031
13 2.2711957 3.9463406
