30 2
1 3.4761968 5.147822
4 4.0091033 1.0011604
28 5.911865 -2.569568
16 3.8459334 1.8244357
2 3.781354 6.379772
25 6.0936904 -2.6638143
14 3.7005439 2.0568688
7 3.681805 2.1535876
21 3.5327375 4.572537
10 5.2743945 -1.5217842
27 3.5602098 5.980633
17 3.9942813 1.3040931
19 5.360954 -1.6306874
23 6.6351876 -3.19624
22 3.6855628 1.6318278
15 3.9868174 1.2258805
12 3.734347 6.3659687
6 6.2178435 -2.8779109
8 6.0489216 -2.6068604
26 3.6747923 2.3290086
29 6.75813 -3.3367004
13 5.4096656 -1.8106976
11 3.6618698 5.78043
18 3.8927672 1.2436976
9 3.571956 4.6120067
0 3.4778922 4.521252
5 6.4008837 -2.8879964
20 4.051361 0.76583946
24 3.5839086 4.6841044
3 3.5201614 4.28314
