30 2
18 -1.5732824 5.0967274
20 -1.6600431 5.263471
7 4.082696 3.5095224
29 4.491152 3.6829696
5 1.5113251 3.952092
2 -2.2415998 5.6971197
6 4.831162 3.427692
14 -2.594031 5.868034
3 1.3854018 4.0609217
0 0.5939916 4.192797
4 -2.525974 5.752408
1 5.602146 3.5314014
11 1.1372849 4.05911
10 4.1339746 3.5237534
23 -2.8272378 5.890335
12 5.0390344 3.4330182
25 5.1538415 3.5995674
22 4.23727 3.441704
26 5.262906 3.3653965
24 1.3875633 4.0894194
21 2.3517532 3.8798735
19 -3.0969841 6.134074
15 5.6119466 3.5756676
17 -2.131508 5.5689187
9 0.75328946 4.272171
8 -1.6522121 5.082864
16 0.7815456 4.3696284
28 -1.6490967 5.205308
27 1.66422 3.9099386
13 2.337962 3.725558
