30 2
25 6.203083 -2.0401824
22 3.6476414 1.795287
10 5.2949686 -1.05022
4 3.871313 1.3400851
15 3.9025195 1.5962343
21 3.2096212 5.018791
16 3.75328 1.8394158
1 3.0390353 5.5550184
13 5.4483743 -1.1729938
17 3.9091449 1.567098
6 6.355944 -2.3175135
28 5.9423895 -1.9038492
7 3.519651 2.326754
14 3.6515844 2.087212
23 7.063062 -2.8624818
3 3.1061997 4.5289006
9 3.132989 4.9600873
12 3.22454 6.5432496
19 5.635604 -1.4527935
27 3.099157 6.237658
20 4.0677524 0.98597974
8 6.1694975 -2.0568633
26 3.4767826 2.6703813
11 3.1627395 6.027648
0 3.1138377 4.73575
18 3.7356417 1.454196
2 3.3281212 6.747161
5 6.524015 -2.39101
29 7.1566625 -2.905163
24 3.1634104 4.93652
