30 2
1 2.825478 5.589135
4 3.7995505 1.5323495
16 3.5839164 2.055891
2 2.9299195 6.9031844
25 6.3802576 -1.7136837
20 4.0156693 1.1041241
21 2.8790236 5.107466
26 3.382289 2.5374131
28 6.1664705 -1.5657393
18 3.6445448 1.7144666
22 3.5638316 1.9609699
14 3.5274117 2.1825254
10 5.4619346 -0.777425
19 5.6699004 -1.0857158
0 2.863812 5.176895
3 2.9185245 4.606348
23 7.045198 -2.3821511
15 3.780502 1.8727145
8 6.4021 -1.670608
27 2.8263435 6.462564
6 6.4157934 -1.8773155
7 3.39632 2.5498056
17 3.7432601 1.8334286
11 2.8401513 6.193531
13 5.52824 -0.99768126
9 2.7960596 5.137877
12 2.9121947 6.831442
5 6.6621356 -2.136766
24 2.9160442 4.978437
29 7.2433386 -2.4762247
