30 2
29 4.5340486 3.5726733
7 4.0510736 3.4411306
14 -2.6121182 5.952122
5 1.4703884 3.8888612
6 5.0343037 3.3652744
1 5.6640463 3.452306
24 1.3955401 4.0454493
0 0.6827482 4.229804
4 -2.318505 5.742548
19 -3.0170834 6.170512
2 -2.1953537 5.767205
21 2.4039934 3.852353
20 -1.6032754 5.211846
16 0.71924335 4.311398
10 4.2720385 3.5906665
11 1.1522064 4.0440435
22 4.2480593 3.3944073
8 -1.596548 5.1502113
3 1.4368736 4.0479436
18 -1.4310911 5.028193
17 -2.014688 5.5898943
23 -2.709391 5.934848
12 4.985617 3.4656374
27 1.7930588 3.9280934
9 0.7607193 4.2728567
13 2.3429441 3.72231
28 -1.5875993 5.208032
26 5.206561 3.3057363
25 5.2051105 3.4920874
15 5.6069884 3.541053
