30 2
7 4.157184 3.2743504
29 4.7193007 3.2526147
3 1.5462662 3.9852617
5 1.7672008 3.7943838
25 5.4038906 3.1704488
24 1.7747759 3.915762
20 -1.2386696 5.2326574
6 5.1885037 3.0977688
0 0.87674123 4.201047
1 5.7255206 3.169427
2 -1.7866795 5.773026
14 -2.2409246 5.9581666
18 -1.2427504 5.216527
4 -1.99924 5.83049
21 2.5863862 3.6932523
10 4.3599696 3.2530272
15 6.05445 3.1688814
27 2.0702405 3.7836657
19 -2.519349 6.3142858
28 -1.62996 5.4530554
22 4.3703065 3.1575842
8 -1.2977648 5.2543035
26 5.3498 3.0071423
12 5.298968 3.2518196
23 -2.5246837 6.2222834
11 1.4025334 4.0089803
16 1.085924 4.266668
9 1.0323678 4.2008286
13 2.4789166 3.7365978
17 -1.6682338 5.6274505
