30 2
7 3.836243 3.6333742
5 1.4069841 3.9093575
14 -2.7262204 5.668216
1 5.4363422 3.694003
29 4.3798056 3.7663026
2 -2.4855177 5.7326713
3 1.448453 4.043231
22 4.0967607 3.65953
4 -2.4860873 5.5499787
6 4.8886604 3.5530014
11 0.9556029 4.1460114
18 -1.8202562 5.045428
27 1.611516 3.9748573
20 -1.8681275 5.168991
12 4.8029103 3.5947268
28 -2.0098133 5.1868343
25 4.96983 3.6659849
21 2.1876655 3.899195
23 -2.9803114 5.9451504
24 1.3415688 3.9853628
19 -3.0564938 5.975905
26 5.066395 3.5663428
13 2.2451725 3.9055212
15 5.4473724 3.696101
17 -2.2393906 5.4559774
16 0.549585 4.3104653
8 -1.8606502 5.1876936
10 4.264746 3.6469917
0 0.62644595 4.2474666
9 0.5494798 4.2906694
