30 2
7 3.8369033 3.692017
5 1.2041881 4.0706944
0 0.5291575 4.25544
2 -2.5653665 5.572355
4 -2.568372 5.471485
18 -1.9010234 5.0480647
3 1.1825526 4.0644684
25 4.9545255 3.7984428
1 5.232448 3.7225032
29 4.2166605 3.8931282
15 5.2262735 3.9158561
6 5.0409064 3.652308
23 -3.0647693 5.769085
24 1.320061 4.107179
14 -2.933465 5.6653233
22 3.9633188 3.7160418
11 0.802428 4.178672
21 2.1151323 4.067573
19 -3.273604 5.8706326
10 4.012321 3.803184
20 -1.986383 5.117182
27 1.5619253 4.0390697
8 -2.0792985 5.1307044
26 5.0337033 3.7018409
28 -2.1685073 5.217878
17 -2.5241609 5.410702
16 0.62606955 4.2593236
12 4.7174134 3.6909263
9 0.5442184 4.3473067
13 2.2435203 3.980364
