30 2
22 3.650838 1.7148744
19 5.598862 -1.4162921
10 5.4347696 -1.1332952
1 3.1110704 5.4235106
16 3.6843371 1.8862549
21 3.2374616 4.9884257
8 6.15726 -2.0339682
4 3.8336463 1.3203886
28 6.0410132 -2.0432189
17 3.851991 1.520811
13 5.4485345 -1.1945909
7 3.44209 2.3965652
18 3.79409 1.4459581
15 3.8140004 1.5741135
23 7.000604 -2.9179776
14 3.668846 2.027009
25 6.1893053 -2.132715
6 6.366658 -2.512031
26 3.4572508 2.3816946
12 3.3358335 6.545708
24 3.1973424 4.9309783
0 3.172008 4.672985
29 7.009709 -2.9555595
20 3.9937916 0.95900595
11 3.1872354 5.995662
9 3.204222 4.812201
2 3.4054508 6.8042803
27 3.2845585 6.2481465
3 3.200995 4.5886865
5 6.477751 -2.3977134
