30 2
7 4.4513364 2.8247328
29 4.97718 2.9621387
2 -1.3995624 6.0016313
1 5.9152236 2.7099931
14 -1.8095512 6.2088885
20 -0.8529873 5.369503
5 2.1560252 3.6630664
3 1.8590158 3.8891842
11 1.650804 3.8800738
18 -0.7744874 5.2507124
0 1.1460378 4.098905
22 4.5886803 2.8027601
4 -1.4882735 5.9148726
12 5.4785433 2.7713857
24 2.1454847 3.7663257
25 5.7438912 2.7324655
19 -1.9548477 6.4702377
10 4.7691917 2.850268
23 -1.9241029 6.455789
6 5.4788127 2.714755
21 2.8668768 3.5025172
15 6.2110314 2.605339
8 -0.9955227 5.4806457
27 2.387515 3.6317883
16 1.462768 4.121703
28 -1.2806019 5.609098
9 1.3933424 4.1427097
26 5.5352206 2.6636417
13 2.9550548 3.4361954
17 -1.2318982 5.765732
