30 2
29 4.9578133 2.9921331
3 1.854664 3.879404
6 5.4921174 2.715933
18 -0.7774651 5.2388005
5 2.1606653 3.6603684
1 5.913518 2.7036715
25 5.7281566 2.732063
21 2.8634474 3.519371
11 1.6603637 3.8867512
2 -1.3979694 5.982414
24 2.1097903 3.7783573
7 4.450314 2.8290458
14 -1.7917194 6.2254677
0 1.135113 4.0883913
8 -0.9902103 5.4702697
20 -0.8638714 5.3783727
15 6.2092276 2.609185
26 5.544264 2.6641915
10 4.7486486 2.8568666
4 -1.5007448 5.9184494
23 -1.9356287 6.441369
27 2.3656132 3.6416233
17 -1.2295625 5.742469
22 4.581294 2.8037837
12 5.473629 2.781392
28 -1.2594993 5.618893
13 2.968594 3.4364002
9 1.3871512 4.1491547
16 1.4613211 4.1173124
19 -1.9596906 6.467501
