30 2
7 3.7740602 1.8288202
13 5.237012 -2.1302984
16 3.8960478 1.2991949
28 5.7988505 -2.8951678
22 3.8692274 1.3234072
21 3.939305 4.400164
4 3.9734185 0.7630531
1 3.8374474 4.8610153
8 5.880321 -2.900685
25 5.977816 -3.1038465
20 4.0403295 0.46842587
6 5.8934073 -2.9891624
14 3.8588533 1.7829022
19 5.3266616 -2.0508199
10 5.218965 -1.9852531
17 3.9688725 1.1310335
15 4.0010233 1.1517235
23 6.483553 -3.760424
2 4.107572 6.0363417
12 4.170459 6.1722927
27 4.065764 5.7792277
26 3.79988 1.8438532
18 3.8842833 1.1053979
0 3.7219803 4.233995
3 3.7742815 4.087534
9 3.8267062 4.5401044
11 4.0406437 5.4694796
24 3.818358 4.3849087
5 6.0992613 -3.2421107
29 6.6101756 -3.724627
