30 2
22 3.7419913 1.6198478
16 3.7755675 1.8668531
10 5.317105 -1.3829347
7 3.508836 2.3227172
4 3.9897094 1.1448491
8 6.0976176 -2.2299268
15 3.9199078 1.5408678
14 3.6796114 2.1287682
21 3.345738 4.7332826
6 6.385206 -2.5908186
26 3.5114372 2.4072335
1 3.3005676 5.3447237
23 6.958722 -3.1476493
25 6.132136 -2.342361
12 3.4460392 6.4821053
17 3.9297273 1.4770048
20 4.035435 0.95330185
11 3.4570057 5.9462924
2 3.4982064 6.5796275
27 3.386253 6.1927
0 3.3053403 4.6207404
18 3.7807798 1.3504772
24 3.3021924 4.8218775
19 5.432413 -1.480872
28 6.031168 -2.2786539
29 6.9886236 -3.1178992
9 3.2638159 4.975116
13 5.5395308 -1.55629
3 3.356013 4.5877557
5 6.4678288 -2.587795
