30 2
7 3.6809216 3.875168
1 5.2022595 4.2230706
3 0.8044585 4.214827
29 3.9855096 4.1031985
18 -2.0511236 4.864913
5 0.9548649 4.065309
23 -3.5246089 5.7025566
6 4.526544 4.0344114
2 -2.9813538 5.411143
24 1.0522507 4.1164536
4 -3.0468597 5.366277
10 3.7377877 3.9923563
0 0.12027414 4.222766
14 -3.2055209 5.474486
19 -3.6148386 5.698148
15 5.012346 4.2647104
20 -2.3235097 4.9580154
22 3.746223 3.927031
25 4.8230553 4.1524653
12 4.825853 4.1668653
8 -2.3109772 4.916595
28 -2.405347 4.991236
21 1.6469434 4.0694146
9 0.41214782 4.242422
27 1.3085659 4.1544037
26 4.7624764 3.9864805
11 0.57533723 4.108436
16 0.19325902 4.390603
13 1.888387 4.0425587
17 -2.934834 5.297621
