30 2
21 3.3843668 4.753854
22 3.7379155 1.6823688
28 6.0958405 -2.3538194
16 3.7872744 1.7340617
7 3.6347353 2.147538
19 5.440494 -1.5602088
13 5.588416 -1.6908016
4 3.9501507 1.1739799
15 3.8881795 1.5983226
25 6.147454 -2.3597212
26 3.628089 2.2418094
10 5.3961544 -1.4319365
1 3.36186 5.3184667
8 6.032056 -2.2199974
6 6.2712693 -2.5533712
14 3.6799498 1.9754295
20 4.059618 0.84160143
29 7.0433607 -3.141464
17 3.9276133 1.4757631
23 6.841961 -3.1463132
27 3.396066 6.200046
11 3.4928842 5.982617
3 3.3781493 4.502148
5 6.407671 -2.7142823
18 3.870066 1.2406309
0 3.3814797 4.7971807
12 3.4555879 6.543503
9 3.3744287 4.9318542
2 3.5635624 6.557473
24 3.3885763 4.78242
