30 2
3 1.6084143 3.9277952
2 -1.8125935 5.8731933
7 4.3511744 3.136999
4 -1.8427707 5.8107758
29 4.7587285 3.1677158
14 -2.1541722 6.1769443
1 5.714878 3.0803595
20 -1.1993454 5.326403
21 2.6640644 3.6526537
6 5.307978 2.9988384
10 4.5409164 3.128217
23 -2.3270783 6.23484
18 -1.0176498 5.0431604
15 5.9234524 3.0234528
28 -1.5097793 5.5024066
24 1.9227577 3.895365
25 5.382843 3.0635455
9 1.1484171 4.178633
22 4.3575406 3.086118
0 1.0430954 4.1298585
5 1.8845403 3.8023605
8 -1.2448816 5.370871
11 1.3384856 4.0669885
16 1.2387724 4.158428
27 2.0955741 3.712779
12 5.4262233 3.0623584
17 -1.5208008 5.597803
26 5.4571867 2.9677684
19 -2.4430795 6.3876805
13 2.5381322 3.639121
