30 2
0 0.6167894 4.2174134
7 3.9276795 3.5354838
2 -2.4296844 5.7335267
14 -2.556988 5.716841
3 1.3670973 4.039572
5 1.3934088 3.9194145
29 4.267953 3.6680245
4 -2.4258008 5.577934
1 5.491293 3.6141586
25 5.0381904 3.5745153
10 4.2965145 3.6600983
24 1.3202105 4.0724306
27 1.6379501 4.000607
22 4.158427 3.5403
28 -1.9961525 5.1638336
17 -2.2701418 5.410246
20 -1.8787959 5.2242937
16 0.5551892 4.350709
21 2.2215643 3.950358
18 -1.6431788 5.0211453
23 -2.9014297 5.9210143
11 1.0276037 4.1879954
6 4.8660445 3.4864771
15 5.5148373 3.6751919
26 5.1628833 3.454397
8 -1.7868006 5.103236
13 2.3007789 3.851408
12 4.9617047 3.6981218
19 -3.1645477 6.079133
9 0.56632394 4.3246717
