30 2
21 3.8961065 4.447354
7 3.7466364 1.7537259
22 3.8682904 1.358867
4 3.948511 0.7561853
13 5.2571 -2.0403817
26 3.8066726 1.7972157
10 5.187353 -2.026222
23 6.4474893 -3.7224321
1 3.9004474 4.832928
16 3.9444437 1.3444505
14 3.8652325 1.6436188
19 5.2559752 -2.1090574
15 3.9920986 1.0854886
28 5.7205095 -2.864664
27 4.0203767 5.761049
3 3.7876325 3.961412
17 4.003689 1.1035978
25 5.985772 -3.1102371
2 4.150545 6.0354266
6 5.9515295 -3.0994964
12 4.1283994 6.135182
18 3.8786495 1.0978763
24 3.7655518 4.3872104
29 6.5163937 -3.7688293
20 4.04957 0.36900502
11 4.141612 5.4178967
0 3.7980423 4.21753
8 5.9547076 -3.0112522
9 3.8317966 4.559289
5 6.1013837 -3.2645175
