30 2
21 3.1294734 4.9945884
22 3.7177713 1.7371627
1 3.030151 5.5168343
14 3.6096494 2.3077354
10 5.4460278 -1.1567507
7 3.4638941 2.4461899
4 3.846805 1.4609556
28 6.16147 -1.9990351
19 5.5908284 -1.3742555
16 3.653427 1.8661704
26 3.4530356 2.7230983
13 5.3583217 -1.2471521
8 6.2883997 -2.0695894
15 3.7971377 1.6209966
27 3.1340172 6.2162457
17 3.7667987 1.8151141
25 6.3418665 -2.0445354
23 7.1078453 -2.6434758
0 3.085438 4.751158
12 3.071716 6.6201615
3 3.0360806 4.61036
9 3.0635147 5.0614734
11 3.0405278 6.134328
18 3.6807964 1.5515239
6 6.3596334 -2.0911422
24 3.0900905 4.9777017
20 4.0264006 0.9223524
2 3.1180973 6.837472
5 6.458027 -2.0961523
29 7.186658 -2.806943
