30 2
7 4.50086 2.9012356
3 1.8816029 3.9023087
2 -1.4181297 5.919617
20 -0.93360984 5.353646
29 4.8707438 3.0275106
0 1.145478 4.102132
21 2.8514109 3.528135
4 -1.5948936 5.813995
11 1.5849719 4.0125055
14 -1.7891134 6.133185
24 1.9893035 3.7990425
5 2.170844 3.5375803
22 4.4210753 2.918828
25 5.6799774 2.8432744
18 -0.75446045 5.2452044
17 -1.371282 5.708902
16 1.3696493 4.1188455
23 -2.0105646 6.3799458
1 5.7916203 2.7657914
15 6.048989 2.8120284
27 2.3303187 3.6611438
12 5.5301113 2.8146453
26 5.5796266 2.7144792
6 5.3833055 2.76024
28 -1.2008705 5.502409
8 -1.0492094 5.462427
19 -2.2439008 6.4072237
10 4.6476145 2.9798446
13 2.9537716 3.4848058
9 1.2943017 4.168973
