30 2
4 3.81349 1.4897866
8 6.5119643 -1.9923035
21 3.051959 4.962801
19 5.5773296 -1.006619
10 5.5112233 -0.9392542
1 2.892073 5.6271
7 3.413333 2.5249817
22 3.6243076 1.9535526
16 3.6387298 2.1558511
14 3.5023935 2.3011324
6 6.3970103 -2.0529993
17 3.8350408 1.777849
3 3.006513 4.5692
20 3.9342375 1.2265264
28 6.1722684 -1.8311679
9 3.0738747 5.091792
23 7.075291 -2.5342484
12 3.0108047 6.6806207
27 2.9769602 6.4242735
15 3.7504191 1.672502
2 2.928483 6.939736
25 6.386813 -1.9240777
26 3.3869424 2.5650175
0 3.0046766 4.760578
11 3.019634 6.263288
13 5.4294105 -0.91621286
18 3.7135644 1.6787059
24 2.9987047 4.849226
5 6.6675267 -2.179363
29 7.144166 -2.7136278
