30 2
1 3.64613 5.0787845
21 3.6376655 4.4981833
25 6.042033 -2.7550244
10 5.2922025 -1.7475709
16 3.8773496 1.8023038
4 3.9356642 0.9282704
22 3.766666 1.5782226
8 6.095465 -2.7659597
19 5.524605 -1.8934499
26 3.6563506 2.28537
17 3.976784 1.3027282
7 3.7236207 2.016842
28 6.012484 -2.6117225
2 3.791385 6.241771
27 3.8041966 6.0556226
14 3.7283564 2.0175831
23 6.699455 -3.4032972
20 3.9937603 0.7767072
24 3.658615 4.742473
13 5.3434715 -1.7883399
0 3.6511116 4.481268
6 6.1811347 -2.8085885
12 3.8453412 6.2501
9 3.5932274 4.626671
11 3.7831051 5.778383
18 3.8797286 1.2088789
15 3.9212477 1.2893416
3 3.5449107 4.278186
5 6.2538323 -3.0030403
29 6.8764176 -3.610697
