30 2
14 3.58347 2.3082175
13 5.350224 -1.1432426
1 3.0268607 5.4880285
20 4.0304384 0.84198445
2 3.0959258 6.840174
15 3.844103 1.5736966
21 3.1448872 5.0219216
17 3.7904603 1.820793
22 3.7245777 1.6786716
8 6.242856 -2.1153126
25 6.2942996 -1.9331787
28 6.128197 -1.9172199
16 3.6793249 1.9090251
0 3.1046062 4.795035
4 3.8383563 1.5176644
10 5.45851 -1.176194
6 6.3977404 -2.1016018
3 3.0490587 4.5527196
29 7.1175065 -2.7977238
19 5.608206 -1.3817351
11 3.021059 6.153358
23 7.028366 -2.6814187
18 3.7043781 1.5493115
12 3.0488842 6.6138277
7 3.4578357 2.4993052
26 3.431523 2.6603196
24 3.046739 4.9801297
27 3.0864685 6.2648535
9 3.1755629 5.021267
5 6.4869986 -2.091325
