30 2
22 3.8910778 1.3829542
26 3.6998909 2.0479853
1 3.768975 5.0576544
28 5.846019 -2.7800577
14 3.8431294 1.7590295
21 3.744763 4.5881705
10 5.216489 -1.8512567
19 5.3899426 -1.9475697
4 4.00367 0.8816125
7 3.7554362 1.9325764
16 3.9199133 1.5669172
17 4.07114 1.0215533
25 6.0553937 -2.8647401
8 6.030975 -2.8970065
12 3.9949489 6.211531
23 6.552247 -3.6604533
3 3.7488868 4.2354975
15 4.027637 1.1467937
29 6.7245474 -3.6750789
0 3.6582003 4.3928003
5 6.1271205 -3.007674
6 6.047877 -3.1666617
27 3.9243033 5.8410196
11 3.969809 5.7350707
18 3.9027936 1.012174
2 4.0009713 6.230024
20 4.095841 0.54773116
24 3.7329485 4.4897447
13 5.1500196 -1.8604279
9 3.7323632 4.5901833
