30 2
21 3.8868906 4.4031053
15 4.0060287 1.1450863
1 3.804987 4.86764
28 5.7823253 -2.919177
0 3.730403 4.202565
22 3.9221535 1.3092163
6 5.894567 -3.0109527
26 3.802335 1.7891765
10 5.224356 -1.9429266
3 3.77674 4.1144614
19 5.2817607 -2.02295
29 6.5798893 -3.691854
7 3.7590072 1.8681397
4 4.0074525 0.70724076
8 5.9126396 -2.8799882
14 3.8773856 1.7536503
23 6.5015516 -3.7488174
16 3.9257035 1.3372663
2 4.1303744 6.0620017
12 4.1764 6.171284
25 5.9974937 -3.156266
13 5.2303247 -2.0611515
20 4.051034 0.45049796
9 3.8264415 4.5326047
24 3.7974176 4.350305
11 4.0499754 5.4556937
17 3.9976351 1.1404309
18 3.8997407 1.107365
27 4.029337 5.791121
5 6.062165 -3.2992418
