30 2
21 3.259032 4.965217
1 3.1983454 5.457319
10 5.387726 -1.29223
8 6.2125053 -2.2000728
16 3.7452 1.8814317
20 4.040838 0.97620386
25 6.1916246 -2.1514425
22 3.683555 1.802985
28 6.0321093 -2.1708145
4 3.9801323 1.203759
13 5.4998617 -1.3910508
17 3.9726825 1.3794792
7 3.5545003 2.2238019
11 3.2011464 6.0498075
23 6.9263124 -2.9230475
27 3.3135142 6.2307525
0 3.1973336 4.9238877
12 3.3615847 6.5797915
19 5.625601 -1.5090822
3 3.2432902 4.643653
14 3.6146955 2.0336378
15 3.9383945 1.3974118
26 3.5426388 2.2878504
5 6.4926515 -2.532461
2 3.3907988 6.5527654
24 3.2756174 4.9533925
9 3.2065644 4.852576
18 3.7990954 1.4119658
6 6.378033 -2.351722
29 7.1521077 -3.041874
