30 2
10 5.4958086 -0.9586663
8 6.43729 -1.9589579
20 3.9666097 0.96547204
15 3.8532128 1.631128
1 2.9135733 5.6508656
4 3.8355248 1.3339263
25 6.315508 -1.8677974
21 3.0630214 5.0231137
22 3.60902 1.9148207
26 3.4082491 2.5329664
19 5.569622 -1.0623794
28 6.1887193 -1.7540077
3 3.0619354 4.7030053
7 3.399998 2.5263436
11 2.970657 6.2357974
23 7.1129804 -2.553695
12 2.9613733 6.608118
14 3.5431647 2.3443778
16 3.6320436 1.9846102
18 3.6879263 1.5418861
13 5.399144 -0.93384826
17 3.8425136 1.7156588
27 2.964432 6.393056
0 2.9418657 4.8419256
2 3.0535133 6.925342
6 6.3898163 -2.1058152
24 2.971688 4.9522347
9 3.023808 5.101084
29 7.1295214 -2.603702
5 6.630362 -2.1737397
