30 2
22 3.5819647 2.0619707
4 3.7799783 1.5599148
14 3.5055723 2.2874987
16 3.6814213 2.0273705
15 3.8091414 1.7603996
7 3.348304 2.628685
10 5.4889717 -0.97923046
26 3.3552403 2.5874414
1 2.8827531 5.6828594
8 6.430528 -1.9492352
21 3.0163136 4.909251
0 2.9922318 4.822964
6 6.44704 -1.954351
27 2.9566112 6.476879
13 5.428272 -0.948399
23 7.0873575 -2.4788857
20 3.9877737 1.128424
12 3.0331392 6.692816
28 6.2639203 -1.8049278
19 5.584016 -1.0831671
25 6.3477507 -1.9883754
2 2.9284143 6.789987
5 6.663981 -2.173606
17 3.7997 1.8166806
24 3.0293472 5.007694
3 3.0212295 4.53427
18 3.6798952 1.600121
9 3.051583 5.0145726
29 7.12846 -2.5935543
11 2.906895 6.3200955
