30 2
1 3.3605044 5.168784
16 3.790505 1.6728681
10 5.388554 -1.5416216
22 3.75871 1.6090637
21 3.504292 4.7972336
15 3.8843982 1.2426637
8 6.209681 -2.5937328
26 3.7035618 2.0767262
13 5.413535 -1.5910243
25 6.1166744 -2.5084875
19 5.3851166 -1.5174142
4 4.039547 0.9287328
28 5.928162 -2.3057036
20 4.0717335 0.74427056
14 3.7301393 1.9070523
23 6.81621 -3.2395778
17 3.9283862 1.3828644
2 3.6363826 6.4497714
11 3.5339613 6.104891
6 6.267729 -2.6955388
24 3.4589114 4.758116
7 3.6246836 1.9694042
0 3.4207187 4.6303797
12 3.677922 6.4246297
3 3.5024538 4.387339
18 3.8395216 1.2442595
27 3.5733132 6.1480737
29 6.846174 -3.2878168
9 3.4467814 4.744236
5 6.3761797 -2.6640635
