30 2
22 3.680259 1.6318749
7 3.6701646 2.1045682
25 6.085098 -2.68543
8 6.150073 -2.5708408
14 3.7073035 2.0779707
1 3.4606855 5.0907297
15 3.937393 1.2189641
17 3.9382696 1.2776434
27 3.6200323 5.961729
28 5.9234934 -2.5441594
16 3.8234034 1.6709317
12 3.7716987 6.3540363
21 3.5763876 4.6092057
10 5.230027 -1.5299566
26 3.6682026 2.3082066
20 4.036211 0.77339846
0 3.470381 4.5309997
3 3.5631983 4.3401375
4 3.979298 0.9806733
19 5.337485 -1.6551439
13 5.4118404 -1.7294948
5 6.3416367 -2.8519397
2 3.7697284 6.316074
6 6.224163 -2.8929398
9 3.5699658 4.5382495
11 3.650181 5.8656063
18 3.8468697 1.251756
24 3.5982687 4.6726127
29 6.783001 -3.3838522
23 6.6692586 -3.2767282
