30 2
7 4.0355244 3.443125
3 1.447319 3.9698994
29 4.536033 3.5494485
5 1.4970794 3.8892322
6 4.9767213 3.3458602
14 -2.5505712 5.9823046
18 -1.3370094 5.0566983
0 0.6469446 4.231153
10 4.3886204 3.5550435
21 2.4815054 3.8058276
17 -2.087049 5.626944
12 4.9716945 3.3817918
24 1.3883429 4.024026
1 5.615665 3.477775
2 -2.2432172 5.793286
4 -2.334969 5.728747
23 -2.7224379 5.988797
20 -1.4466404 5.195001
11 1.1603417 4.0192356
15 5.6337423 3.521857
25 5.356391 3.4728792
22 4.3296247 3.3445873
16 0.81401396 4.235899
26 5.1084437 3.2996414
13 2.3964565 3.6847916
9 0.8106067 4.3121576
19 -2.9410827 6.167351
27 1.7848103 3.9019935
8 -1.5385393 5.1444225
28 -1.5489638 5.2305274
