300 2
15 -1.9615799 0.87028104
243 -1.937121 0.95414937
275 -2.0314074 0.8282867
237 -1.2750251 3.5243022
282 -2.0831935 0.7216803
6 -2.080954 0.6687408
18 -1.9389126 0.93990856
174 -2.1472292 0.55681354
295 -3.3798618 -1.2520076
157 -3.5140538 -1.379393
63 -2.0082393 0.8584803
195 -1.3631878 3.620254
141 -3.6634016 -1.455634
265 -1.2858434 3.6330657
209 -3.3538294 -1.1774087
274 -1.9072192 0.9762015
52 -1.9961721 0.852811
94 -2.068285 0.76955205
255 -1.8654652 1.1849046
22 -1.2798456 3.8971422
11 -2.0580847 0.8031566
28 -3.7136834 -1.5085107
165 -3.5666487 -1.3514638
47 -1.2757106 3.6911352
51 -3.7712398 -1.5988501
210 -1.3156389 3.7903867
260 -4.073074 -1.9104873
114 -2.1566913 0.42193106
188 -2.1410348 0.55691636
67 -1.2384797 3.6681707
283 -1.2794112 3.7295966
12 -1.9802719 1.0662521
31 -1.3011175 3.6458106
50 -3.0864468 -0.9494512
256 -2.076121 0.70376563
140 -2.065529 0.7140083
111 -3.3470454 -1.2601002
149 -1.9573092 0.87917376
153 -3.2365417 -1.1514988
234 -1.9764566 0.88010746
1 -3.66316 -1.5552428
13 -2.0448852 0.6765732
292 -3.7408524 -1.6229135
137 -1.2825689 3.638897
75 -3.440866 -1.3499126
72 -3.4251475 -1.290831
161 -2.0896645 0.7369942
181 -3.5647352 -1.3021221
197 -1.2834568 3.679323
236 -1.2994577 3.3302975
0 -1.2860835 3.5329735
99 -1.1936227 3.6768632
252 -2.0658154 0.7506212
89 -1.8313131 1.3247889
32 -3.7737207 -1.562075
253 -1.9983323 0.876427
134 -1.9600391 0.8517953
262 -1.9856935 0.7814804
56 -1.9834651 0.74121934
263 -1.8393933 1.201055
238 -1.278556 3.611641
33 -1.9684622 0.9871217
297 -1.2918853 4.0017943
299 -1.2759115 3.6548965
53 -1.2817369 3.6195421
198 -3.3603883 -1.2655413
241 -1.851343 1.2350389
177 -2.0768106 0.71016973
102 -1.8884526 1.0497997
117 -1.9778489 0.89436096
108 -1.9593545 0.9106699
116 -1.3055843 3.4452784
147 -2.1797388 0.55538726
226 -1.2758709 3.7931714
29 -3.523027 -1.3853424
90 -3.2969682 -1.139096
289 -3.6511497 -1.5255373
178 -3.274317 -1.1229227
59 -3.7346332 -1.4784042
9 -2.0149872 0.82696754
25 -3.6257176 -1.4232079
159 -1.2623206 3.9147198
264 -3.8233116 -1.6555319
105 -3.4876947 -1.2557254
115 -1.2830967 3.7911105
118 -1.2715107 3.8224885
152 -3.6627064 -1.4668052
287 -3.583476 -1.512176
26 -1.2186668 3.4944036
8 -2.0542395 0.7901818
30 -1.340202 3.73699
205 -1.2404016 3.581268
107 -1.9587492 0.9263281
211 -1.982188 0.90810573
180 -2.0584052 0.7173561
170 -2.0398736 0.7044662
240 -2.1767976 0.5269786
158 -1.2659699 3.712564
5 -1.8281372 1.2205756
128 -1.9836371 0.8558706
119 -1.27038 3.4624813
45 -1.2583895 3.4044106
87 -1.9283841 0.9144772
62 -3.7586577 -1.5805846
191 -1.2426455 3.9649196
79 -3.5843847 -1.4393536
196 -1.2938163 4.0022326
96 -1.2471288 3.855299
101 -2.01374 0.82398653
213 -1.9149626 1.0069542
127 -1.9203044 0.9519456
133 -3.4542239 -1.3588535
187 -3.5889435 -1.452033
259 -3.4004464 -1.2910472
144 -1.2739172 3.6417327
84 -1.2422601 3.724423
97 -2.1650999 0.59746563
244 -2.0282352 0.7748866
151 -1.9360281 0.93278223
233 -1.9809972 0.8636131
246 -1.228307 3.9105952
27 -3.620397 -1.4237103
34 -1.8432969 1.0657887
16 -3.613381 -1.5379223
23 -1.9520694 0.9933082
248 -3.9376266 -1.7192004
276 -1.9845124 0.8593697
258 -1.9963835 0.8306076
229 -1.7684159 1.5037013
39 -2.0974312 0.8392193
235 -1.2290758 3.9437292
232 -3.8649955 -1.5959255
92 -1.2232779 4.325745
167 -1.2909242 3.76187
126 -1.9792867 0.9265152
280 -2.0217416 0.7511354
146 -3.8643923 -1.7497771
179 -1.1869497 3.872845
231 -1.8419791 1.143297
250 -3.796972 -1.6271355
20 -1.3074033 3.432589
176 -1.2978247 3.3084352
35 -2.1986864 0.4729469
217 -1.2451237 4.1567183
83 -1.9883045 0.84608376
142 -1.285586 3.828613
76 -1.1982626 4.102538
86 -3.6262345 -1.4182862
271 -1.2277204 4.278029
201 -2.078488 0.8463957
3 -1.3118533 3.584571
69 -1.2693578 3.544824
19 -1.3511276 3.3850431
239 -1.2375108 3.4257972
36 -1.3335768 3.626178
44 -3.276565 -1.1557273
64 -3.7068594 -1.4918458
49 -1.9489805 0.9999357
66 -1.2852963 3.8047996
120 -3.666262 -1.5609828
77 -1.3460538 3.4666133
100 -1.3016901 4.2430625
154 -3.842812 -1.5986496
219 -3.5039177 -1.2582422
204 -3.629276 -1.4910625
286 -1.2503017 3.554511
293 -2.1449964 0.478613
294 -3.6190026 -1.416177
2 -3.6605666 -1.5446607
7 -1.2751172 3.3493748
37 -3.7522962 -1.5278919
55 -2.0754702 0.8105457
214 -1.9253919 1.0468901
88 -1.3517524 3.427376
247 -1.22225 3.648158
93 -1.303475 3.4325233
251 -1.2623225 3.5680516
242 -1.926991 0.98625714
135 -3.287878 -1.2695662
189 -1.3211559 3.3921843
193 -3.8175492 -1.7020425
281 -2.114784 0.7423008
254 -3.759691 -1.503435
194 -1.9500691 0.9780866
173 -2.0072286 0.8982866
291 -2.0393517 0.834772
113 -2.009045 0.8167066
200 -1.2265947 3.9348824
112 -3.581822 -1.3678857
138 -1.2422588 3.8412335
267 -3.3091908 -1.117476
168 -3.7291088 -1.5281198
166 -1.2229053 3.9611058
288 -3.7985168 -1.6483291
74 -3.3221872 -1.1763355
38 -1.2313432 4.023039
272 -1.3051642 3.3189504
175 -1.927299 1.0310029
61 -2.1199121 0.6444383
224 -3.8180532 -1.5933701
91 -1.8414127 1.3045586
270 -3.7388403 -1.6003369
160 -3.6521425 -1.4918779
212 -1.3232393 3.888123
298 -1.9311092 0.97880495
21 -1.2233506 3.8026724
216 -4.0161753 -1.8232754
41 -1.2559234 3.9018044
65 -3.4458978 -1.3468847
80 -1.2583439 3.6591702
81 -1.2299138 3.7928884
85 -3.7345653 -1.5236112
124 -1.287877 4.1625876
185 -3.7647936 -1.5668607
110 -3.1624508 -0.9995008
182 -3.412068 -1.2411319
132 -1.2430686 3.3599703
285 -1.2759203 4.1831675
169 -1.2772634 3.8919945
186 -2.0917423 0.7610116
192 -3.6153135 -1.4340491
215 -1.2585713 3.8840318
249 -3.9565926 -1.7658387
266 -1.997907 0.78724396
57 -2.0573037 0.6959217
230 -1.250216 3.3058076
162 -1.9453851 0.9063871
190 -1.9504006 0.928356
121 -2.0176537 0.91044575
221 -3.657272 -1.4469309
129 -1.9800088 1.0135266
284 -3.4613872 -1.325234
202 -4.301187 -2.027337
257 -1.3187611 4.0289516
82 -3.7998714 -1.6445503
14 -3.6247087 -1.4399099
103 -1.2384225 3.8778389
109 -3.9526381 -1.7612913
278 -1.219725 3.6266253
296 -3.6274872 -1.4674177
220 -3.6404824 -1.5304366
46 -1.2576877 4.170091
228 -1.9835941 0.9128327
70 -1.2439905 3.4859107
73 -1.9928433 0.8649552
95 -4.1163945 -1.8578699
139 -3.9001627 -1.6528949
164 -3.9551997 -1.7671688
4 -1.3001707 3.6744235
183 -1.9053005 0.9401856
78 -1.3117818 3.7605612
268 -1.1838114 4.3216963
163 -2.0992818 0.6170404
203 -3.5932777 -1.4227413
10 -1.2266963 4.1995406
17 -1.2898874 3.9968226
40 -3.714125 -1.5161344
131 -3.58258 -1.4785092
279 -1.9364853 1.0039977
222 -3.8062646 -1.5707256
245 -3.6424582 -1.3719047
207 -1.2632012 3.9862928
208 -3.5639162 -1.5150331
218 -2.004776 0.9932687
171 -1.9958098 0.8928115
273 -3.5838184 -1.3762151
145 -3.7289555 -1.6171069
172 -3.6626785 -1.4864813
184 -3.8248656 -1.6555766
199 -1.9464779 1.0906618
277 -2.0116923 0.82367855
206 -3.5513532 -1.3900214
24 -1.2986599 3.3706195
58 -3.759799 -1.5734024
269 -3.2042422 -1.053813
42 -1.332049 4.221328
156 -1.2924167 3.498933
71 -1.9420995 0.98678744
261 -3.500652 -1.3086845
68 -1.2163223 3.7934513
130 -1.1939332 4.0283847
223 -3.8349476 -1.7002891
122 -1.1636407 4.2496376
43 -1.9663002 0.9560913
54 -3.710724 -1.5131748
60 -2.033845 0.9403967
150 -2.1371112 0.59641093
227 -1.2941349 3.3633435
136 -3.846091 -1.6337957
125 -1.2478931 3.7319584
104 -2.011824 0.8142665
98 -3.5573466 -1.3444849
143 -1.2567779 3.611455
123 -1.2833668 3.6013305
225 -1.1920887 3.8536384
155 -3.7922068 -1.6444708
106 -1.2799921 3.5660648
290 -1.2584074 3.133353
48 -3.9539566 -1.707458
148 -3.7509692 -1.5924093
