30 2
22 3.692795 1.8518696
21 3.1931388 4.9995003
4 3.914507 1.3250324
1 3.070335 5.5564833
18 3.7993653 1.5141292
10 5.346678 -1.0952499
28 5.8226013 -1.8489754
14 3.6115906 2.162437
7 3.526199 2.427536
20 4.0033464 0.98879445
0 3.0773938 4.7394905
25 6.2112083 -2.060546
12 3.1296985 6.5205393
13 5.491846 -1.1405193
24 3.1774673 4.965149
16 3.7742343 1.8974161
17 3.859631 1.6522213
26 3.4933598 2.7311332
19 5.6141324 -1.4612004
23 7.0565476 -2.782347
8 6.2336287 -2.081499
6 6.372198 -2.3500826
11 3.1798398 6.002699
27 3.1739163 6.2961574
3 3.129191 4.501091
5 6.485906 -2.4159892
29 7.133386 -2.9717252
2 3.3060231 6.762244
15 3.8598297 1.6349114
9 3.1465218 4.833465
