300 2
47 -1.5069094 3.3319118
86 -3.3036878 -1.4838358
129 -1.9900122 0.7743676
29 -3.4557388 -1.4853932
139 -3.834749 -2.0038807
33 -1.8737464 1.1366752
39 -2.0685306 0.7412801
111 -3.3554058 -1.4972854
114 -2.1052752 0.52831274
84 -1.5153372 3.3434405
8 -2.0152793 0.86710143
4 -1.4409692 3.3149672
110 -3.0627224 -1.1045903
213 -2.1210415 0.51999
116 -1.4760433 3.0114899
87 -2.0242019 0.84001195
94 -2.0088942 0.80473167
209 -3.3175395 -1.4084058
190 -2.021462 0.85695803
12 -1.9235891 1.0465543
147 -2.0358725 0.7710282
231 -1.9558586 1.014665
263 -2.0280812 0.735619
219 -3.6287203 -1.682478
276 -1.9575101 0.8808805
105 -3.1648672 -1.3462188
83 -2.0468588 0.6966334
61 -2.1028743 0.5755848
64 -3.4647217 -1.6079605
218 -1.9436241 1.0205476
191 -1.5217266 3.6322262
292 -3.7180026 -1.8878424
78 -1.4666461 3.6012514
99 -1.4988056 3.7647293
260 -3.6905274 -1.8653895
267 -3.255722 -1.4087251
241 -2.0751586 0.6004914
174 -2.1277025 0.54414624
14 -3.4068415 -1.5008543
247 -1.5259693 3.46293
298 -2.0352483 0.82915175
242 -1.9573592 0.9477316
201 -2.0653145 0.6105578
92 -1.5967826 3.9172132
291 -1.8730918 1.1193633
195 -1.4425321 3.4662673
131 -3.492269 -1.5914721
144 -1.4752313 3.4826205
161 -2.0271761 0.7031189
211 -1.9878553 0.8373886
283 -1.5370231 3.4047866
2 -3.234677 -1.2558354
165 -3.4624674 -1.6125573
271 -1.5420259 4.160476
287 -3.7945752 -1.833878
108 -2.0142612 0.7682667
113 -1.9753518 0.9265377
53 -1.5017496 3.2350402
284 -3.599209 -1.7997422
173 -2.0038595 0.93018866
215 -1.594264 3.4008167
132 -1.466147 3.3493948
128 -2.0075502 0.8522804
199 -1.9614631 1.0428697
221 -3.659708 -1.783889
256 -2.0769658 0.50937265
192 -3.495793 -1.5324275
232 -3.518367 -1.6797289
11 -2.094578 0.6482973
60 -2.102217 0.69123876
141 -3.7400556 -1.7648337
44 -3.2167158 -1.3023136
156 -1.5345056 3.4160018
65 -3.3638072 -1.4999882
75 -3.476947 -1.5206451
103 -1.5540817 3.8425994
203 -3.5802174 -1.6400757
123 -1.4894239 3.4409711
133 -3.3856916 -1.4905754
9 -2.0025022 0.8088515
295 -3.372012 -1.5320286
216 -3.7364101 -1.8693413
282 -2.1160219 0.6136825
36 -1.5005981 3.7023618
45 -1.5511203 3.2987769
134 -1.9359051 1.0188382
270 -3.4109018 -1.6118443
13 -2.0012805 0.97901356
204 -3.2982783 -1.5353918
35 -2.109723 0.5926145
233 -2.056486 0.7558371
150 -2.256556 0.36541688
245 -3.556891 -1.6158353
181 -3.1289134 -1.2381141
158 -1.5394057 3.5554023
244 -2.0677564 0.75229967
299 -1.5227989 3.5254898
255 -2.06377 0.76697135
234 -1.9013604 1.1798211
20 -1.5700587 3.550229
278 -1.5395936 3.9375412
229 -1.864842 1.2418939
71 -2.0096507 0.81494015
59 -3.6388175 -1.683964
68 -1.496872 3.429443
55 -2.116671 0.64003265
289 -3.6908722 -1.801811
222 -3.877572 -1.9544352
7 -1.5772926 3.0111756
96 -1.5033321 3.7300992
145 -3.5478866 -1.5903883
42 -1.4615014 3.7243695
285 -1.5598371 3.5349987
259 -3.354067 -1.4998971
153 -3.5732589 -1.6556025
155 -3.6326838 -1.6578457
167 -1.5188559 3.5159461
67 -1.4958566 3.6883855
125 -1.4948155 3.4548264
160 -3.7323875 -1.8324399
1 -3.6895053 -1.7976167
6 -2.1988993 0.54801625
57 -2.156173 0.47428235
19 -1.5207363 3.471262
130 -1.4907874 3.650901
257 -1.5220578 4.0710187
143 -1.4889894 3.3690302
118 -1.5756592 3.8473334
268 -1.6261142 4.0157766
274 -1.9293214 0.9785815
76 -1.530446 3.8144083
104 -1.9826771 0.7542047
208 -3.4657633 -1.5702537
238 -1.5494462 3.5445993
249 -3.7464454 -1.8270589
151 -2.0124955 0.70853186
157 -3.4089427 -1.519746
171 -1.9985571 0.98051363
240 -2.1864343 0.37638566
205 -1.4984225 3.318612
17 -1.5780375 4.275874
69 -1.4893664 3.1545126
262 -2.1666348 0.5407707
109 -3.9831822 -2.1186645
119 -1.512419 3.1244297
168 -3.8072186 -1.9603297
136 -3.6337392 -1.7875677
198 -3.0902069 -1.1517625
140 -2.0871053 0.63724524
152 -3.4951887 -1.5540448
170 -1.9484097 0.9697813
194 -2.1176655 0.55128413
225 -1.4666433 3.8273401
186 -2.0690353 0.6966404
22 -1.5260404 3.349476
23 -1.9880788 0.9025963
25 -3.4871464 -1.5978633
38 -1.5056143 3.6703968
183 -1.9693799 0.87331355
217 -1.5021785 3.8171558
189 -1.52091 3.044068
51 -3.5082836 -1.6582198
243 -1.9837167 0.9383762
279 -2.0300612 0.8646093
73 -2.0560281 0.6921605
197 -1.5915384 3.628836
162 -2.0370798 0.7906029
85 -3.636173 -1.7272468
164 -3.7086 -1.7872181
185 -3.5593479 -1.7046812
176 -1.4996448 3.1577573
294 -3.6114933 -1.7256676
193 -3.4702232 -1.556802
239 -1.5507476 3.603325
107 -2.0095916 0.84121805
269 -3.1759553 -1.2247947
5 -1.8812534 1.2234387
16 -3.4443078 -1.5095041
28 -3.5643141 -1.7285838
31 -1.5187323 3.4984684
37 -3.4608161 -1.478634
115 -1.5257324 3.7649004
206 -3.1624038 -1.18416
88 -1.4698703 3.5120761
90 -3.5415432 -1.6293595
166 -1.5752126 3.5048583
264 -3.942586 -2.0448837
207 -1.5611683 3.9434593
18 -1.9786513 0.9008504
120 -3.4524748 -1.5394201
63 -2.04848 0.76146656
95 -3.8308582 -1.9540088
89 -2.0081031 1.0368617
196 -1.5432101 3.7206466
251 -1.4915153 3.7944098
126 -1.9107507 1.1342444
142 -1.5562845 3.680017
149 -1.9997973 0.88904536
286 -1.527513 3.7131274
24 -1.5707268 3.7191265
26 -1.4906802 3.3014727
296 -3.586206 -1.7530103
177 -1.9628208 1.0867835
280 -2.1257565 0.61560756
79 -3.604514 -1.7922716
124 -1.5479419 4.066213
212 -1.4529318 3.7268157
258 -2.058529 0.7362114
179 -1.5230628 3.5680325
0 -1.493871 3.4519677
230 -1.5458002 3.2025783
254 -3.6653514 -1.7733971
41 -1.581039 3.6789525
46 -1.5128335 3.9535437
70 -1.5918348 3.7355983
80 -1.5387273 3.5618339
163 -2.1741924 0.6640371
293 -2.0399313 0.62205446
148 -3.5390487 -1.5674058
187 -3.7386696 -1.9367366
62 -3.4315383 -1.51425
236 -1.5432032 3.2716262
54 -3.7000751 -1.8515671
56 -1.8639308 1.1343372
58 -3.4218361 -1.5314358
100 -1.5799528 3.758511
266 -2.0588245 0.9009759
297 -1.5018902 3.8530977
3 -1.5255104 3.8963661
121 -2.026871 0.7926468
228 -1.9938349 0.9071087
27 -3.5342531 -1.5974901
30 -1.5251759 3.85977
281 -2.1762087 0.48046374
146 -3.8342736 -1.9544044
175 -2.0737123 0.6461047
178 -3.1860182 -1.2267121
182 -3.4553936 -1.5899593
275 -1.9904256 0.9281659
214 -2.055073 0.7054108
252 -2.1453242 0.5020947
224 -3.612206 -1.6812067
253 -2.009407 0.7703968
127 -2.0501673 0.67905897
32 -3.572024 -1.669656
154 -3.7064762 -1.9098741
235 -1.5079409 3.4493463
66 -1.5700064 4.072479
72 -3.259246 -1.3237731
117 -1.9468724 0.8705968
97 -2.162577 0.3962962
101 -2.0030196 0.8449268
122 -1.5722122 3.7697787
220 -3.28872 -1.491477
15 -2.0549607 0.840108
48 -3.9189668 -2.005652
273 -3.2112346 -1.3005902
93 -1.5396278 3.4790726
237 -1.490514 3.2894237
265 -1.524096 3.3074634
180 -2.0536466 0.7242346
169 -1.490917 3.3865426
277 -1.9756243 1.0052803
250 -3.598039 -1.6988902
246 -1.515278 3.5770075
34 -1.9634281 1.027991
159 -1.5069404 3.7649853
43 -2.0688908 0.7622854
77 -1.5094522 3.1075377
102 -2.0177271 0.79099745
81 -1.5811719 3.6970282
226 -1.5319926 3.6572406
135 -3.4645534 -1.5577811
261 -3.6564987 -1.6938822
172 -3.4792705 -1.5183456
137 -1.5166442 3.396825
288 -3.5019827 -1.6237843
52 -1.9537559 0.84960306
106 -1.5596337 3.330273
184 -3.6542003 -1.8501725
200 -1.5874033 3.905171
272 -1.5055366 2.6594782
49 -2.0304997 0.74854857
82 -3.4476674 -1.4893916
227 -1.4466592 3.4703403
248 -3.623234 -1.7442175
10 -1.5273361 4.1773887
202 -4.078849 -2.2673972
188 -2.0538883 0.81681657
290 -1.4860556 3.1613424
210 -1.4787503 3.5464785
91 -1.9563684 1.1120908
138 -1.5410742 3.457681
223 -3.9765437 -2.0234199
50 -3.1280673 -1.1473707
98 -3.4051933 -1.5087646
21 -1.5224034 3.6307433
74 -3.3113217 -1.347947
40 -3.5679817 -1.6214424
112 -3.388214 -1.4773214
