30 2
1 3.4302237 5.146883
10 5.4044824 -1.3998903
22 3.7836366 1.5664763
19 5.3201375 -1.5014619
16 3.747029 1.7110515
0 3.4286568 4.740633
15 3.9464648 1.3059525
14 3.8011103 1.9077387
13 5.367348 -1.5789447
8 6.191751 -2.582688
26 3.6542013 2.0978148
6 6.3023076 -2.661911
25 6.17641 -2.4590428
11 3.508262 6.086893
7 3.62713 2.05667
4 3.9656384 0.9774908
5 6.3753057 -2.7202287
21 3.4659507 4.7176256
20 4.063679 0.7196081
24 3.4969594 4.7088604
23 6.8246584 -3.2766738
2 3.6201017 6.549686
28 5.8472557 -2.336816
17 3.9714937 1.184751
3 3.4461353 4.412842
27 3.4907005 6.131742
29 6.9301305 -3.3306744
9 3.4996564 4.739857
18 3.867735 1.2576284
12 3.6864462 6.405303
