30 2
7 4.1851187 3.1434221
3 1.618913 3.9690816
21 2.6561399 3.6552112
25 5.4069724 3.1350746
4 -1.9347041 5.7883143
10 4.4283514 3.2661862
12 5.3302894 3.1171706
18 -1.1271929 5.11776
23 -2.4762824 6.317177
0 0.9417644 4.1956477
20 -1.2711562 5.3237257
6 5.3052926 2.9371626
1 5.7246623 2.9502656
19 -2.4813042 6.367419
5 1.8126663 3.8419907
11 1.3683127 4.029147
17 -1.6019588 5.642581
29 4.883929 3.2594488
14 -2.0023499 5.9929185
2 -1.8213003 5.821503
15 5.9434485 3.1259882
24 1.8415554 3.9602249
22 4.3394837 3.1888897
28 -1.5490366 5.5036783
26 5.3994746 3.0007503
27 2.1559627 3.7591627
9 1.039652 4.194284
13 2.5145922 3.6640375
16 1.2149755 4.274001
8 -1.1950029 5.2019114
