30 2
22 3.8161352 1.7428062
26 3.6153839 2.2435923
25 6.1444077 -2.5009487
10 5.34305 -1.4469632
16 3.8120725 1.9038256
21 3.424676 4.729881
7 3.6154277 2.0771585
19 5.4170384 -1.6210551
0 3.5154662 4.530135
6 6.264685 -2.7910924
8 6.1472616 -2.5665078
23 6.694403 -3.3372102
4 4.07588 0.9512393
28 5.9617276 -2.5075083
3 3.466414 4.379939
14 3.7552671 1.9310011
1 3.463262 5.111302
15 3.9746726 1.2510723
5 6.332009 -2.8027837
17 3.9394367 1.3407713
24 3.4912107 4.6207485
11 3.5438638 6.0252347
12 3.6044157 6.423657
20 3.993505 0.80796635
18 3.8492472 1.3760858
9 3.4784405 4.6258583
13 5.483649 -1.807017
27 3.5752916 6.086316
29 6.9130855 -3.2805774
2 3.6985004 6.374481
