30 2
7 4.179373 3.2817488
10 4.425779 3.312414
20 -1.3457278 5.2809668
3 1.4953701 4.0058146
16 1.0565845 4.2600503
24 1.5891216 3.9845605
25 5.5341854 3.1924849
5 1.4278336 3.9353762
29 4.7479534 3.3186488
18 -1.1570673 5.121819
2 -1.8587534 5.7846813
0 0.72517264 4.2105865
1 5.6919055 3.2124453
4 -2.1121778 5.845044
8 -1.4629903 5.2328515
21 2.4604616 3.8691206
26 5.342783 3.2023609
15 5.985296 3.2446694
23 -2.5701475 6.163228
19 -2.6900854 6.226189
11 1.2235157 4.0506134
13 2.4614305 3.716777
9 0.93054193 4.31279
22 4.3834515 3.238668
14 -2.2674925 6.0098433
6 5.1416903 3.171902
17 -1.7834198 5.6072936
12 5.2177873 3.2450008
27 1.8814757 3.8874927
28 -1.6238886 5.3602867
