30 2
7 3.4252253 2.4098377
1 3.1153288 5.4251733
21 3.2226498 4.972063
8 6.158645 -2.0324597
16 3.686466 1.9035174
10 5.447738 -1.1293782
22 3.6531057 1.7209115
15 3.8338017 1.5947944
13 5.44114 -1.208685
26 3.4401233 2.369853
4 3.8331337 1.2911427
6 6.371003 -2.4976027
27 3.287535 6.2500777
28 6.052006 -2.0333724
14 3.6692207 2.009097
0 3.187843 4.7057543
20 3.9820611 0.9822198
19 5.5958066 -1.4073915
25 6.1890297 -2.1405003
2 3.3916695 6.7916265
24 3.191143 4.935883
11 3.1714103 5.9992776
17 3.8748457 1.536857
23 7.0023346 -2.915153
5 6.4768 -2.403373
3 3.2180984 4.568837
29 7.01538 -2.9571548
12 3.341742 6.54298
18 3.7697783 1.436568
9 3.2058535 4.7912264
