30 2
1 3.4381125 5.242583
4 3.895779 1.0852534
7 3.5912917 2.1024053
22 3.6685364 1.7023761
16 3.869161 1.6662335
15 3.9686186 1.2202538
21 3.443237 4.765377
6 6.24849 -2.6596346
10 5.3584514 -1.3749548
20 4.069517 0.8360484
25 6.1718416 -2.5490263
8 6.119009 -2.4018075
18 3.7776449 1.2582448
23 6.824942 -3.341052
17 3.9530823 1.3061936
11 3.538637 6.08035
13 5.4179006 -1.4948636
19 5.3269467 -1.4982647
14 3.775319 1.9193047
3 3.42734 4.378398
0 3.4453006 4.7494774
2 3.6794486 6.5650277
28 5.9998775 -2.3049505
24 3.427896 4.68752
27 3.430148 6.1740336
12 3.6659212 6.465633
9 3.436409 4.7317457
26 3.5893507 2.234641
29 7.0112367 -3.1868489
5 6.3921795 -2.7614062
