30 2
29 4.874702 3.1053088
5 1.9367497 3.7465868
1 5.770533 3.0069392
7 4.3434486 3.0536065
6 5.208086 2.940443
2 -1.7443255 5.845088
20 -1.2496554 5.3291945
18 -1.0886728 5.1377344
0 1.0433922 4.1920047
12 5.4579287 3.0303295
23 -2.1963947 6.272187
14 -2.1221783 6.193573
4 -1.8505893 5.805348
3 1.5778867 3.9349332
24 1.9854608 3.8893526
10 4.4517093 3.1471126
26 5.5337873 2.8136613
11 1.3763494 4.0379877
15 5.869698 2.9977536
21 2.7298813 3.6810584
9 1.1974701 4.1696477
22 4.4484406 3.0562522
13 2.6116765 3.581635
25 5.4449153 3.066974
17 -1.5080153 5.678334
16 1.2762507 4.1967425
28 -1.2994436 5.4610705
19 -2.4643123 6.3986626
8 -1.2255911 5.3836946
27 2.1717513 3.6788826
