30 2
7 3.8119144 1.9449525
22 3.901199 1.2839613
17 4.0344357 1.1113626
21 3.7400112 4.720241
4 3.9429433 0.9253138
1 3.6962316 5.113133
15 3.9635007 1.3004234
16 3.8386257 1.5733963
23 6.571226 -3.560515
27 3.9035738 5.88404
10 5.329606 -1.8606966
13 5.17536 -1.7807549
26 3.6842165 2.2071166
25 5.998819 -2.836077
12 3.927329 6.177033
9 3.6669724 4.463225
8 6.0042353 -2.7971277
20 4.078043 0.49731708
2 4.075344 6.1379504
19 5.264223 -1.9681892
3 3.7120252 4.2901015
14 3.7720456 1.9623348
6 5.9954457 -2.9870667
28 5.8513727 -2.6235743
24 3.7195828 4.5160465
11 3.9302857 5.664882
0 3.650917 4.3987203
5 6.107872 -3.086596
18 3.8180335 1.0837829
29 6.842447 -3.7886467
