30 2
1 3.0157366 5.4940195
22 3.6717148 1.7067442
10 5.385975 -1.0585334
16 3.7001965 1.795232
4 3.8345833 1.4209126
27 3.120929 6.2114162
7 3.474107 2.4319093
6 6.381748 -2.1537888
25 6.368495 -2.0264125
15 3.798852 1.6358219
17 3.7497985 1.8362172
21 3.163331 4.9160147
26 3.4260983 2.6612017
19 5.6847243 -1.4519236
3 3.049827 4.623772
28 6.0946975 -1.9600351
2 3.1751916 6.852732
14 3.5612652 2.2939188
18 3.6964087 1.5835155
8 6.3242292 -1.9787542
12 3.1452646 6.6819806
0 3.0675657 4.8086205
9 2.9495149 5.022209
13 5.400065 -1.1861942
11 3.0781324 6.161789
23 7.0700846 -2.7376463
24 3.1883714 4.902215
20 4.008087 0.90787256
29 7.2365656 -2.8549812
5 6.4437532 -2.1475954
