30 2
21 3.8569767 4.3749104
1 3.7778125 5.0657864
26 3.792897 1.9079725
22 3.8639252 1.2455604
7 3.7871952 1.9213712
19 5.338996 -2.110253
14 3.804101 1.7206047
4 3.997629 0.86543703
16 3.902952 1.4228127
15 4.065965 1.0653293
25 5.998193 -2.907276
24 3.7639978 4.5367465
28 5.8640156 -2.8678021
0 3.7288358 4.1925335
23 6.6134143 -3.711102
27 3.9046907 5.85565
12 4.025044 6.115722
10 5.284897 -1.8216488
17 4.046419 1.1512238
18 3.8637745 1.1962947
6 6.002942 -3.172626
9 3.7417808 4.4709253
13 5.1836433 -1.8962002
3 3.6977487 4.298341
8 5.9821877 -2.903925
11 3.980719 5.725009
2 4.128244 6.186865
5 6.183735 -3.129722
20 4.083825 0.54232955
29 6.586474 -3.6161726
