30 2
22 3.756736 1.5435116
16 3.9146833 1.5991627
1 3.4448636 4.9930806
19 5.370988 -1.6963787
21 3.5969594 4.6400237
7 3.6664643 2.0675225
13 5.372675 -1.7606515
20 4.1107616 0.77153695
10 5.2783422 -1.4980363
15 3.8971055 1.1819012
8 6.1277146 -2.613896
25 6.1271853 -2.7077055
27 3.6482887 5.999708
28 5.9154854 -2.471443
3 3.540892 4.3716383
17 3.9763265 1.2457178
12 3.7837126 6.366742
4 3.9969454 0.9288679
6 6.196871 -2.8678536
18 3.8331208 1.191859
23 6.667555 -3.2439365
0 3.548509 4.481211
26 3.6230528 2.2818537
24 3.6071956 4.7115736
11 3.6369622 5.9325266
29 6.7655654 -3.4006577
14 3.7158465 1.9879578
5 6.2963057 -2.9133043
2 3.7538602 6.278603
9 3.6141026 4.604242
