30 2
21 3.7472558 4.571798
17 4.0762525 1.069782
7 3.7088518 1.9226949
22 3.8856077 1.3657943
26 3.7429426 2.0301461
6 6.0169983 -3.1232672
1 3.7913504 5.0942545
23 6.587799 -3.6493633
4 4.0194955 0.8677233
25 6.057788 -2.8184276
8 5.976785 -2.9689558
16 3.9589512 1.4470124
3 3.751081 4.2206993
27 3.9137175 5.80063
28 5.8046794 -2.8410304
29 6.701937 -3.654559
15 4.04804 1.1488553
14 3.8309195 1.7267857
10 5.198824 -1.7747241
13 5.114639 -1.835646
18 3.9525537 1.0297124
20 4.125344 0.5722116
19 5.435763 -1.9998279
0 3.66708 4.3635397
12 3.9640675 6.221566
5 6.1609735 -3.103096
2 4.0473404 6.168571
24 3.716132 4.513143
11 4.043945 5.726984
9 3.7139816 4.6081367
