30 2
7 4.250102 3.0070858
29 4.8634796 3.0882294
3 1.6780069 3.897533
4 -1.7291243 5.8303485
14 -2.020388 6.1891804
5 1.9649534 3.7472515
1 5.8453493 2.9624112
20 -1.0929866 5.3255043
0 1.1582979 4.0449333
2 -1.5893567 5.9203925
8 -1.142188 5.322843
28 -1.3939482 5.4681363
18 -0.8248835 5.079664
26 5.4438386 2.7933314
25 5.628058 2.924776
24 1.9338925 3.9015465
23 -2.282991 6.453591
11 1.3351833 4.0925865
15 5.971592 2.9439049
16 1.3195647 4.195443
22 4.4972157 3.03387
9 1.3274815 4.2454095
10 4.610882 3.0638814
17 -1.4433053 5.7262487
21 2.7212052 3.5850315
12 5.417468 2.9676118
13 2.6722019 3.5313752
27 2.2688367 3.68649
19 -2.2724226 6.364481
6 5.2985764 2.8595116
