30 2
7 4.2699833 3.3024287
2 -2.015842 5.728259
5 1.517846 3.9149992
3 1.5291812 4.062422
20 -1.3556339 5.2193193
23 -2.6972978 6.0922446
12 5.143577 3.3065035
29 4.653002 3.4496133
21 2.339562 3.8310213
0 0.74394876 4.2388487
14 -2.3799922 5.9941163
4 -2.218574 5.8214984
1 5.661256 3.379564
24 1.4733368 4.0100017
18 -1.2789216 5.109739
17 -1.8059388 5.526649
26 5.107427 3.3273375
11 1.0480787 4.045442
6 5.1263676 3.200112
16 0.9038759 4.2929935
25 5.397455 3.3201876
22 4.4663105 3.330162
15 5.978566 3.3262863
10 4.3925385 3.4287047
8 -1.5798123 5.2402267
19 -2.7432916 6.3164163
28 -1.5469533 5.311799
9 0.77837723 4.274639
27 1.8916546 3.846733
13 2.3515007 3.688124
