300 2
87 -2.0448284 0.7808357
56 -2.0492651 0.70853823
275 -2.1334977 0.6499715
30 -1.4475812 3.521152
263 -2.0533044 0.78600365
198 -3.1497338 -1.205695
224 -3.8138497 -1.93014
127 -2.0676787 0.56377274
216 -3.696636 -1.8305112
201 -1.8973341 1.0575321
128 -2.0917852 0.63004416
129 -1.9831185 0.89431536
298 -1.8991306 1.1440206
242 -1.8857663 1.0385579
234 -1.9547181 0.8592895
161 -2.0399761 0.8943231
101 -1.9748845 0.8418141
155 -3.7302165 -1.8657771
157 -3.4136343 -1.5187018
104 -2.043782 0.7635359
39 -2.1632385 0.5918368
86 -3.6466484 -1.763752
213 -2.0739923 0.684942
211 -2.062363 0.6760828
132 -1.4522877 3.4714587
151 -1.9616044 0.84396976
7 -1.4461145 3.1155396
27 -3.850906 -2.0290117
88 -1.4828328 3.5893607
228 -1.9535745 1.0223289
269 -3.1908095 -1.2909677
6 -2.1266847 0.4878313
189 -1.4845256 3.20402
282 -2.1426394 0.51319635
187 -3.5167282 -1.7096916
194 -1.9837317 0.9647108
170 -2.0470672 0.78283423
210 -1.4642935 3.631674
1 -3.6447282 -1.7522839
140 -2.0989785 0.6431806
178 -3.313616 -1.4792156
67 -1.580829 3.6484423
124 -1.6100596 4.252536
193 -3.5316443 -1.6076049
237 -1.4676877 3.2709355
11 -2.187328 0.4997671
265 -1.4955577 3.4097285
96 -1.5232741 3.6820629
33 -1.98147 0.9881342
123 -1.4981027 3.6776843
177 -2.0287473 0.8794283
173 -2.006565 0.8838672
218 -2.0136423 0.8703456
188 -2.1377778 0.559319
25 -3.5143604 -1.6359553
163 -2.1606817 0.6055577
182 -3.4704576 -1.6055336
231 -1.9131414 1.0111259
256 -2.095633 0.56452304
215 -1.5062736 3.5761197
238 -1.5542353 3.62695
241 -1.9980203 0.84116757
117 -2.0420234 0.77105844
289 -3.7049842 -1.8114839
80 -1.4473635 3.530063
292 -3.6002808 -1.6770111
262 -2.0157728 0.9152516
18 -1.9561104 0.97328454
284 -3.361625 -1.4987915
287 -4.000272 -2.1167076
205 -1.4779881 3.236787
248 -3.7658913 -1.7969283
160 -3.4076805 -1.5862027
176 -1.4678643 3.352138
225 -1.4825051 3.6163225
190 -1.9401585 1.0009942
206 -3.381747 -1.4812583
183 -2.1103742 0.65578526
197 -1.5287058 3.7472303
97 -2.1088939 0.4893488
107 -2.0560465 0.7780196
288 -3.6024845 -1.6856056
34 -1.9683949 1.0159128
63 -2.0650785 0.70966256
93 -1.4823583 3.628468
214 -2.0199482 0.8771672
149 -2.0825007 0.72087693
166 -1.4732041 3.6342158
5 -1.9408463 0.9975324
221 -3.546527 -1.7469513
299 -1.4814428 3.7045143
280 -2.0716894 0.7888374
195 -1.5017792 3.5926592
167 -1.4577903 3.2624617
270 -3.5716088 -1.7439101
100 -1.5311521 4.0023
252 -2.1555605 0.44332853
28 -3.748256 -1.8904752
236 -1.4360998 3.2479908
46 -1.4951751 3.8434339
75 -3.4868844 -1.5890131
169 -1.4771215 3.5368772
131 -3.4022965 -1.476854
174 -2.1022952 0.66234094
12 -1.9384719 1.0597732
290 -1.5066204 3.4528959
29 -3.6893008 -1.7235562
35 -2.0666218 0.7176881
230 -1.411496 3.0362966
48 -3.6933208 -1.8772709
54 -3.8626468 -1.9156564
57 -2.0612738 0.73469394
103 -1.5025393 3.8926451
168 -3.7300274 -1.7493515
115 -1.461544 3.9644885
179 -1.4393404 3.5196042
130 -1.5094982 3.82413
246 -1.5002546 3.5995076
294 -3.4656622 -1.6030077
8 -2.008763 0.80727124
17 -1.4907866 3.993335
272 -1.4821919 3.3373356
72 -3.3156424 -1.4182173
171 -2.068338 0.67350984
184 -3.6329784 -1.8622301
55 -2.1280174 0.61777765
71 -1.9990058 0.768439
74 -3.262137 -1.3439794
251 -1.5174875 3.6118162
268 -1.4690752 4.045546
89 -1.9041922 1.0897249
95 -3.7417026 -1.8642492
109 -3.8207023 -1.9971162
119 -1.439782 3.6328807
212 -1.4637362 3.6207798
247 -1.5200411 3.3759387
3 -1.5207901 3.9649036
274 -1.8991529 1.1164683
66 -1.5054429 4.0244493
50 -2.9332495 -1.0301046
58 -3.8183725 -1.9733126
69 -1.5289783 3.5436337
191 -1.5015295 3.755675
152 -3.5894156 -1.6860509
122 -1.5346589 3.9005146
121 -2.0576003 0.72256124
137 -1.4663469 3.7354465
162 -1.9141695 1.075109
165 -3.3676054 -1.4884294
43 -1.9910507 0.9153767
102 -1.9644138 0.98865455
147 -2.095274 0.7084623
180 -2.1637678 0.48282272
76 -1.4285383 3.848915
64 -3.6479726 -1.7897248
36 -1.5195626 3.5422487
144 -1.5138822 3.532653
41 -1.4725951 4.340585
279 -2.023965 0.8226866
59 -3.688732 -1.7388897
196 -1.5368719 3.7497344
244 -2.1758432 0.5356381
159 -1.5110873 3.6038063
235 -1.5304686 3.8503733
113 -1.9725941 0.8986382
255 -2.0206165 0.8063285
120 -3.3645191 -1.5199167
114 -2.1297634 0.4690223
158 -1.5310475 3.7156885
150 -2.2111614 0.36354572
217 -1.4700257 3.7547817
227 -1.4839208 3.7640269
243 -2.0479128 0.717752
240 -2.0922098 0.61653554
277 -2.085936 0.77897614
276 -2.0560784 0.7616691
9 -2.142489 0.50055003
10 -1.4900936 4.037821
16 -3.6747727 -1.7831782
20 -1.4858142 3.382996
60 -2.0427272 0.8169005
62 -3.589486 -1.6353037
207 -1.5142932 3.828871
267 -3.3327494 -1.414426
172 -3.4438553 -1.5661136
233 -2.1571908 0.5732208
285 -1.5265485 3.9674213
181 -3.3040583 -1.5450224
32 -3.3014371 -1.5155119
105 -3.0481446 -1.1021545
143 -1.4508923 3.4493449
49 -2.0884178 0.64320207
81 -1.4961457 3.6287491
112 -3.5600717 -1.6701614
208 -3.2409225 -1.3752006
154 -3.820697 -1.9042991
232 -3.6827505 -1.8345605
94 -1.9987087 0.91486543
13 -2.019366 0.862457
42 -1.4660417 3.7325325
281 -2.0614398 0.7780615
239 -1.465986 3.535378
249 -3.7850296 -1.9196174
126 -2.0356522 0.82100445
199 -1.9521695 0.9705303
209 -3.2761607 -1.4316379
14 -3.4105966 -1.5352604
37 -3.7165015 -1.8758965
83 -1.971648 0.89973235
142 -1.5465143 3.9264216
148 -3.525511 -1.6582551
250 -3.6552358 -1.6809174
286 -1.4401551 3.939081
295 -3.4124267 -1.4688036
24 -1.4787661 3.684008
222 -3.6934593 -1.813791
31 -1.52569 3.3934786
192 -3.4262862 -1.6227207
77 -1.5012861 3.0533946
52 -2.0111766 0.67576295
65 -3.5248752 -1.6244979
226 -1.5326843 4.1181517
78 -1.4731855 3.5099888
98 -3.4785402 -1.4776912
108 -2.0653722 0.7956962
259 -3.3938663 -1.5750848
223 -3.8429298 -2.0231125
0 -1.472427 3.4042795
125 -1.4772637 3.4374795
22 -1.4831693 3.4022171
134 -1.9928311 0.8918784
15 -1.9313589 1.0172106
47 -1.469175 3.239924
219 -3.7122896 -1.8137801
254 -3.7643056 -1.937518
257 -1.4915786 4.051277
135 -3.683279 -1.7838006
153 -3.4188018 -1.5586183
283 -1.5084257 3.8412282
291 -1.9911354 0.9618346
296 -3.7879698 -1.9710416
278 -1.4838144 3.5229619
26 -1.5371815 3.2956023
133 -3.2364051 -1.3900172
70 -1.5070193 3.5785518
90 -3.5081148 -1.618996
92 -1.5646659 4.4333906
111 -3.4180331 -1.5192308
202 -4.003965 -2.1440184
185 -3.564358 -1.7981086
293 -2.1340468 0.65784967
85 -3.4682178 -1.5908588
45 -1.4572611 3.3388329
53 -1.5782562 3.5139196
273 -3.5322464 -1.5860584
271 -1.5160387 3.8221982
23 -2.0268054 0.8058849
200 -1.5142413 3.9926295
253 -2.0006967 0.9968286
91 -1.9301518 1.1387326
229 -1.9073715 1.1925812
118 -1.5512474 3.7796786
138 -1.5219966 3.602818
203 -3.536143 -1.682208
21 -1.5215864 3.7544425
51 -3.4405792 -1.517301
82 -3.5768714 -1.6526259
220 -3.6848278 -1.8329598
164 -4.126572 -2.2250667
175 -2.0238707 0.71505487
297 -1.473932 3.693993
4 -1.5188819 3.62071
40 -3.4873853 -1.7189015
38 -1.4728961 3.1981857
106 -1.56429 3.2510245
245 -3.5872736 -1.6906545
258 -2.106811 0.65331423
84 -1.4929041 3.8213317
110 -3.2181702 -1.2784547
146 -3.776171 -1.8720733
136 -3.921556 -2.096162
61 -2.1392863 0.4799147
99 -1.5221227 3.7499862
139 -3.6138875 -1.8248351
261 -3.7957208 -1.9103383
19 -1.4974172 3.5743675
44 -3.2292445 -1.3095868
73 -2.0474694 0.7424645
68 -1.5342948 3.2801976
264 -3.808718 -1.925753
145 -3.510572 -1.7342395
141 -3.5271347 -1.6507984
266 -2.0654807 0.8451577
156 -1.4554756 3.4583218
260 -3.6683939 -1.7483956
116 -1.4735909 3.6702862
204 -3.7038822 -1.8168553
79 -3.7148473 -1.8188359
2 -3.5459003 -1.5408418
186 -2.0647943 0.78021413
