30 2
29 4.6851344 3.3851929
7 4.145082 3.2444263
2 -1.9074335 5.7686176
1 5.6879516 3.2734048
4 -2.1206017 5.8226986
20 -1.4100544 5.2594113
10 4.443338 3.4080403
25 5.573752 3.1908722
6 5.128273 3.1623988
18 -1.1661079 5.0998025
3 1.5613886 4.0483937
21 2.338673 3.90555
24 1.5714759 4.007878
0 0.7327413 4.2353387
14 -2.268244 5.994418
5 1.4280369 3.9598975
23 -2.6324275 6.1209755
15 5.9721403 3.2546935
11 1.2551355 4.0767155
28 -1.6272701 5.365516
22 4.4305124 3.2131019
16 1.022124 4.291691
26 5.3295593 3.2801328
19 -2.637065 6.239024
17 -1.7798396 5.5340686
12 5.165461 3.233399
27 1.8532948 3.8870304
9 0.8992401 4.2877717
13 2.4124632 3.7543638
8 -1.4816015 5.2001514
