300 2
149 -2.0165954 0.8156007
65 -3.4934986 -1.6393067
131 -3.4823558 -1.5424895
262 -2.0889263 0.70213723
9 -1.9709985 0.9120047
176 -1.4904087 3.3060694
282 -2.1336656 0.55594456
7 -1.4818336 3.412887
8 -2.0498707 0.65904415
252 -2.134628 0.5814454
128 -2.0373032 0.77972144
11 -2.1016047 0.60343313
29 -3.6224422 -1.6690174
73 -1.948556 0.85638386
298 -2.0125954 0.76839554
5 -1.968399 1.0229357
41 -1.5260668 4.111586
147 -2.0502124 0.7613523
62 -3.4318793 -1.4894209
71 -2.0636754 0.7755605
86 -3.3754466 -1.5793521
111 -3.5756164 -1.6572092
157 -3.6426528 -1.6611764
127 -2.0071588 0.7971687
195 -1.504716 3.3420908
197 -1.4394138 3.463141
45 -1.4709944 3.632344
174 -2.0299284 0.649917
105 -3.212608 -1.2707746
198 -3.3127408 -1.4146124
13 -2.1047072 0.65459377
225 -1.5160364 3.5469003
243 -2.037667 0.7509331
229 -1.9007792 1.1086587
181 -3.331788 -1.4127325
193 -3.5839553 -1.6074226
35 -2.0730336 0.66903657
89 -2.0621178 0.74580014
50 -3.202732 -1.2594368
247 -1.4869763 3.670974
99 -1.4781722 3.4091327
203 -3.5612955 -1.5887653
245 -3.6528342 -1.7517405
290 -1.5591242 3.5118191
36 -1.4960835 3.6744657
67 -1.4931312 3.559608
114 -2.1202016 0.56188494
3 -1.4513179 3.5596673
233 -1.9898292 0.7645681
27 -3.6789472 -1.7626412
33 -1.9635417 0.86246395
121 -1.9908866 0.87774616
117 -2.0689619 0.70610005
134 -2.05071 0.76801455
253 -2.040217 0.7336771
49 -2.024643 0.7976375
165 -3.2732909 -1.4085588
194 -2.0146387 0.7849075
23 -2.006747 0.7882287
39 -2.0916574 0.6858517
47 -1.4732873 3.198094
269 -3.3503 -1.4563117
63 -2.0056248 0.8701229
167 -1.4928771 3.6680913
83 -2.0035944 0.79935545
161 -2.040144 0.7804067
169 -1.4831847 3.5827372
258 -2.055519 0.7306908
90 -3.3080192 -1.3687456
168 -3.7863936 -1.8164523
113 -2.1470678 0.6057879
183 -1.9751004 0.9252986
205 -1.5177515 3.598957
256 -2.1719408 0.4524144
206 -3.2886736 -1.2777392
6 -2.1659844 0.5167001
22 -1.5126235 3.523954
77 -1.504291 3.18972
192 -3.4177163 -1.5300654
264 -3.633323 -1.792945
56 -2.1263976 0.5727159
141 -3.5008054 -1.6574678
189 -1.4775095 3.3869526
255 -1.9877408 0.90970904
212 -1.505879 3.7572074
250 -3.5697968 -1.7173051
276 -2.0078018 0.7019227
210 -1.5133419 4.022591
54 -3.7554579 -1.8485265
124 -1.5321409 3.7967634
101 -2.0019379 0.7895614
64 -3.3600523 -1.5251911
199 -1.938673 1.0531352
81 -1.4654119 3.9096699
103 -1.481391 3.7841725
106 -1.4664984 3.351608
136 -3.8531296 -1.9368933
235 -1.5426209 3.5940912
292 -3.815072 -1.9545281
273 -3.4001687 -1.5230861
164 -3.9872026 -2.1081898
88 -1.5103884 3.512989
219 -3.6529973 -1.7170972
207 -1.498223 3.9172149
129 -1.9432855 1.008154
104 -2.017632 0.95452744
162 -2.0433028 0.84353125
116 -1.5019405 3.5680425
122 -1.5129343 3.9874315
170 -2.0677166 0.58789766
242 -2.0098767 0.76015985
275 -2.0436447 0.8797962
133 -3.6056278 -1.723284
2 -3.2001991 -1.2593822
18 -1.9967351 0.854539
34 -1.857927 1.1805447
241 -1.989543 0.81232303
224 -3.6037927 -1.6895553
231 -1.9230638 1.0278008
102 -2.0297978 0.78623813
154 -3.9236941 -1.9728872
259 -3.6466024 -1.7387196
196 -1.4859622 3.7062013
236 -1.4769444 3.0040991
265 -1.4193288 3.5274503
280 -2.0695798 0.7494741
4 -1.4977728 3.3303
123 -1.4994944 3.815085
20 -1.498412 3.4594247
57 -2.1613483 0.48221785
30 -1.5204948 3.6741822
140 -2.087289 0.5614609
59 -3.8461888 -1.9049721
251 -1.46512 4.106443
285 -1.4946382 4.0299473
112 -3.6935296 -1.8357476
291 -1.9738487 1.0093831
143 -1.457208 3.5613818
172 -3.5474136 -1.706362
150 -2.1641898 0.40554425
96 -1.4579298 3.7034194
19 -1.5666325 3.8907087
228 -2.0365086 0.83539015
80 -1.4636983 3.5370347
51 -3.558158 -1.6348553
52 -1.9879653 0.9421357
266 -2.0304024 0.87148273
211 -2.1625342 0.47063473
75 -3.3869548 -1.4921144
126 -1.9651288 0.95068973
201 -2.009934 0.81314474
100 -1.5446652 4.0388722
240 -2.2185602 0.3937335
98 -3.4557066 -1.510356
272 -1.4808016 3.251234
79 -3.5308282 -1.5594366
55 -2.059594 0.6472654
232 -3.6279535 -1.6391242
248 -3.9416246 -2.0492554
246 -1.5408833 3.908233
139 -3.7787259 -1.7919096
142 -1.5244927 3.7625546
159 -1.4177788 3.451082
191 -1.4729029 3.913049
226 -1.4518512 3.8640501
257 -1.4358479 3.983978
87 -2.0257494 0.8220928
271 -1.5145895 3.9660292
130 -1.5267477 4.0280037
138 -1.4812053 3.5767386
16 -3.7458224 -1.886005
78 -1.5206949 3.4549527
230 -1.4409531 3.2235892
44 -3.1014755 -1.1702621
209 -3.3298185 -1.4029733
70 -1.4589032 3.6999583
239 -1.5072298 3.6055117
151 -2.0287933 0.77682346
289 -3.8406286 -1.9024234
166 -1.4565395 3.8025374
254 -3.7542403 -1.7733688
109 -3.9941418 -2.0507796
263 -1.9904528 0.7995333
221 -3.8058784 -1.8546842
204 -3.5759068 -1.6540953
72 -3.2757335 -1.3424702
215 -1.4312783 3.6539428
120 -3.4851453 -1.5518239
125 -1.4367257 3.628874
234 -2.0604827 0.671941
278 -1.4906908 3.5906425
299 -1.4615685 3.691059
31 -1.5502542 3.6758573
287 -3.843473 -1.943399
283 -1.5048133 3.694878
144 -1.578849 4.09818
160 -3.42057 -1.5552977
173 -2.0216546 0.82974
92 -1.4817214 4.3666024
294 -3.58654 -1.6623173
119 -1.4975904 3.3821688
110 -3.1390789 -1.1490912
187 -3.4663122 -1.5342218
158 -1.4967653 3.6826417
279 -2.0997062 0.7234997
0 -1.4550365 3.5982597
25 -3.515535 -1.6504314
293 -2.0425053 0.6996713
43 -2.0061164 0.9364648
76 -1.5347443 3.7153993
186 -2.0291536 0.9206882
68 -1.4948457 3.1057565
202 -4.155976 -2.2423558
107 -2.0027833 0.79860115
135 -3.515582 -1.529527
156 -1.5278555 3.2691348
296 -3.5747721 -1.6614662
274 -1.8916492 1.1374676
286 -1.4967604 3.8618402
249 -3.8735075 -2.0301602
82 -3.5219913 -1.6401592
38 -1.4882162 3.6151996
91 -1.8328162 1.3060757
171 -2.050839 0.7794534
163 -2.223001 0.4007855
94 -1.9190449 0.9912201
97 -2.1952116 0.44984517
148 -3.5566292 -1.7126253
220 -3.5497491 -1.6293383
284 -3.5573802 -1.7764643
213 -2.1532686 0.44879085
295 -3.5079057 -1.537829
182 -3.4173753 -1.6197412
12 -1.9235032 1.0180659
115 -1.4749609 3.9254181
37 -3.7239854 -1.7738763
288 -3.7344086 -1.862394
214 -1.9847951 0.87020326
95 -3.91556 -2.0494597
108 -2.0100436 0.8929612
118 -1.4822067 3.9785557
268 -1.5093384 4.0290923
175 -2.0186086 0.8299304
178 -3.2764924 -1.480314
237 -1.4374694 3.3742642
84 -1.489168 3.9124012
188 -2.046171 0.8053595
17 -1.537337 3.8160887
281 -2.095913 0.6632866
46 -1.5838978 4.3106403
152 -3.645195 -1.7269486
137 -1.476477 3.6295466
185 -3.705103 -1.8629897
42 -1.4690816 4.0412617
190 -2.0256996 0.8763312
66 -1.5342773 3.853189
238 -1.4398252 3.7304637
218 -1.9579414 1.0083071
24 -1.4959892 3.6902223
155 -3.697737 -1.9092404
277 -1.9080223 0.96762073
208 -3.5374942 -1.5803752
200 -1.4672253 3.833031
223 -3.992895 -2.1030116
58 -3.6679816 -1.7519082
132 -1.5019615 3.3712358
270 -3.6586382 -1.7821739
260 -3.9703603 -2.082872
14 -3.7618434 -1.8297346
15 -1.9701194 0.95615363
21 -1.4954377 3.5149462
32 -3.3197165 -1.450554
48 -3.74301 -1.9593182
146 -3.8255413 -1.9388087
153 -3.4237754 -1.5640806
26 -1.4773675 3.5074008
244 -2.112662 0.57171834
267 -3.5720286 -1.6210549
61 -2.1590097 0.62089795
60 -2.084904 0.75086236
93 -1.4459782 3.6126268
222 -3.663017 -1.7799377
10 -1.517031 3.771923
40 -3.5999546 -1.7178186
217 -1.5159445 3.8710527
69 -1.4960346 3.2466843
216 -3.9239597 -2.0057726
1 -3.5115814 -1.6539112
28 -3.5256932 -1.6681813
180 -2.126365 0.61014
184 -3.7267451 -1.7639254
227 -1.5071269 3.358554
53 -1.474705 3.7214284
74 -3.335075 -1.3202248
297 -1.5111132 3.8921535
177 -2.0539846 0.71122885
261 -3.3635228 -1.4808394
85 -3.4579554 -1.5449866
179 -1.4679843 3.3241408
145 -3.5857506 -1.6145921
