30 2
10 5.2616615 -1.4862816
15 3.9515705 1.1220461
22 3.7780142 1.5465431
21 3.5467772 4.643307
8 6.082484 -2.5399487
1 3.5286932 5.1209416
25 6.087436 -2.4938242
3 3.5465355 4.3400865
19 5.3422856 -1.6613796
16 3.7924457 1.7309815
4 4.038588 0.9372022
12 3.7055688 6.379787
6 6.2470217 -2.8530593
20 4.0340843 0.7877614
13 5.461787 -1.7733247
26 3.6463869 2.260862
18 3.833059 1.2255371
28 5.9632688 -2.5771601
17 3.9814308 1.2600495
23 6.615368 -3.319197
7 3.6246312 2.1087663
14 3.720414 1.8945268
5 6.328738 -2.761251
24 3.5360296 4.7204585
9 3.5763266 4.7357054
11 3.522813 5.9182396
0 3.5394716 4.4960127
27 3.5460777 6.0574903
29 6.7654653 -3.3588746
2 3.7942643 6.350184
