30 2
10 5.4667773 -1.4642345
21 3.3963451 4.845502
22 3.7601535 1.7226794
4 3.9012563 1.1967951
1 3.384462 5.239776
16 3.8305967 1.5943727
13 5.511109 -1.5832633
3 3.357011 4.455908
26 3.6514165 2.2602015
14 3.736175 1.7670074
19 5.4431653 -1.5252141
27 3.4732 6.099034
28 6.005072 -2.318987
7 3.6074977 2.1022923
15 3.9248343 1.4473816
8 6.183181 -2.4480398
17 3.9412205 1.4528285
23 6.8919454 -3.1018202
6 6.2574306 -2.6164472
0 3.29738 4.688905
5 6.372576 -2.5786178
24 3.4131172 4.712371
9 3.3838394 4.8618236
20 4.0700207 0.8901627
2 3.5715494 6.6368475
29 6.918845 -3.2171366
11 3.5275218 6.092532
25 6.1990814 -2.424505
12 3.5780127 6.5327196
18 3.84278 1.3202182
