30 2
22 3.5768561 1.954919
4 3.7750747 1.5251454
21 3.0142188 4.9813666
14 3.437315 2.3904295
15 3.7647984 1.7916039
17 3.7572775 1.780576
8 6.439341 -1.7924119
1 2.9380379 5.6616654
19 5.666192 -1.1868526
28 6.2816916 -1.8362283
23 6.9975414 -2.5673096
11 2.9250233 6.362723
10 5.5287876 -1.0172526
18 3.610977 1.6333983
16 3.6178749 1.9574177
7 3.3531587 2.481991
12 2.9853888 6.68683
26 3.3488493 2.5198736
2 2.9863772 6.8092985
0 2.9073012 4.915409
3 3.0131817 4.5547595
25 6.3556647 -1.9425477
27 2.998438 6.450871
20 4.005477 1.0460751
5 6.569731 -2.1435227
13 5.4891205 -0.9441303
6 6.4687915 -1.8485705
29 7.1914606 -2.5389135
24 3.0078752 5.0290747
9 3.0230277 5.0452337
