30 2
7 3.7278645 2.0097353
14 3.6963167 1.9849987
10 5.2778664 -1.7296462
21 3.6380398 4.466936
16 3.8661003 1.8118616
2 3.8247488 6.246246
25 6.0847273 -2.6934633
13 5.361061 -1.8749484
19 5.5130224 -1.9205128
28 6.0291357 -2.6136973
17 3.9645941 1.2848856
4 3.9542048 0.94330484
11 3.7088742 5.806488
18 3.8942752 1.2131177
22 3.7814043 1.5927517
1 3.6530116 5.0426354
26 3.6701157 2.241025
15 3.8761516 1.312877
9 3.616797 4.583582
3 3.5794296 4.2890267
12 3.9156868 6.2583523
8 6.085945 -2.7446785
20 4.0137362 0.7374746
29 6.858786 -3.6792758
6 6.1437387 -2.809125
27 3.8492422 6.0540123
5 6.2306333 -3.0536659
23 6.661349 -3.4378371
0 3.6659305 4.4721932
24 3.6518724 4.7734914
