30 2
22 3.714893 1.7829769
10 5.3796573 -1.2882648
21 3.2545233 4.956963
19 5.688779 -1.471142
6 6.3494043 -2.4735284
7 3.5364113 2.3622587
8 6.1794295 -2.228696
4 3.9456913 1.2644397
17 3.91239 1.4935371
1 3.145535 5.44358
15 3.8480015 1.5498737
28 5.9755464 -1.9621028
23 6.979636 -2.878962
25 6.1634183 -2.035704
16 3.7549467 1.8116293
2 3.3125052 6.7548947
26 3.542951 2.2630951
12 3.3371217 6.501673
24 3.1404288 5.03655
14 3.7318363 1.9188195
13 5.3629823 -1.2141762
20 4.009292 0.91112214
27 3.2245953 6.2870502
11 3.1452913 5.8714886
29 6.9862037 -2.9094555
0 3.2680767 4.7295356
18 3.7965813 1.407943
9 3.2514036 4.8040147
3 3.2325637 4.681319
5 6.475228 -2.5014324
