30 2
7 4.4214864 2.816208
29 4.9172106 2.851096
14 -1.6770587 6.2111683
3 2.0348766 3.7983544
21 2.990797 3.4539804
20 -0.8899682 5.485605
4 -1.3930349 5.9675155
6 5.4142365 2.6150222
18 -0.6449614 5.2806315
5 2.189124 3.629891
2 -1.2616323 6.0086784
0 1.203595 4.1333947
25 5.794081 2.6089811
23 -1.7699026 6.3882327
12 5.452865 2.701051
24 2.183908 3.6811738
28 -1.2132109 5.722929
11 1.7010485 3.8598077
1 5.9543285 2.5868778
26 5.6452637 2.5774624
10 4.903741 2.797415
16 1.5583798 4.089315
22 4.689012 2.7647913
17 -1.1618223 5.722104
8 -0.9271089 5.394676
19 -1.8759894 6.478249
13 3.0417006 3.3035295
27 2.377388 3.5579114
9 1.4666173 4.0624313
15 6.266533 2.5656092
