30 2
7 3.9634452 3.528487
5 1.5308117 3.9372904
20 -1.8942047 5.296475
14 -2.6363122 5.7800775
4 -2.3847296 5.6405296
29 4.3434105 3.6222396
0 0.57894045 4.26753
25 5.0615916 3.5542092
18 -1.7202604 5.1297183
3 1.4476063 4.021157
1 5.619859 3.613084
6 4.8926096 3.4066782
12 5.0449657 3.6456225
28 -1.8386557 5.226072
22 4.18375 3.5168755
21 2.2743466 3.8812978
11 1.1717379 4.1861243
24 1.4537764 4.04472
2 -2.3862443 5.7697773
10 4.244197 3.541746
23 -2.8347101 5.85046
19 -3.1118286 6.179064
9 0.6697939 4.277595
27 1.6440225 3.9721367
17 -2.1468084 5.4953146
16 0.6742622 4.3295937
26 5.240753 3.4550335
8 -1.8638972 5.1714625
15 5.515037 3.6312156
13 2.340165 3.782368
