30 2
1 3.2803106 5.4002914
10 5.381052 -1.2085611
21 3.2581553 4.94559
17 3.8803318 1.3767787
7 3.5274737 2.2147155
15 3.907017 1.4652586
23 6.9491673 -2.968253
13 5.504027 -1.4009647
25 6.211477 -2.1690185
16 3.658312 1.9894582
8 6.182659 -2.2444198
14 3.6212213 2.1141524
19 5.5779943 -1.6063771
28 6.0654 -2.1393733
0 3.1639628 4.8685102
12 3.363007 6.5328193
22 3.658139 1.8106385
27 3.268163 6.2432785
2 3.3750045 6.6605477
4 3.9891224 1.135122
6 6.4275727 -2.3577754
11 3.3065343 6.0209436
26 3.5027483 2.4040408
3 3.295361 4.622148
9 3.2332969 4.747348
20 4.013765 1.053786
18 3.7544627 1.4488088
5 6.5059967 -2.5052605
29 7.1686783 -3.0902014
24 3.2958276 4.893143
