30 2
1 3.3586674 5.1467767
15 3.9016583 1.249865
16 3.8076963 1.7375098
21 3.4632185 4.7675157
10 5.3736987 -1.4951468
28 5.9451413 -2.3187149
4 4.028014 0.933483
17 3.9344268 1.3651582
14 3.7768953 1.891103
0 3.4615493 4.6382556
7 3.5975652 1.9138914
22 3.7626936 1.6049412
12 3.6375875 6.501415
18 3.8571208 1.2122704
8 6.1858883 -2.6158874
26 3.6580548 2.076373
3 3.4764495 4.3592153
6 6.319487 -2.6882582
5 6.3437653 -2.652075
25 6.112056 -2.5222843
23 6.786117 -3.2128925
27 3.6057951 6.139983
29 6.84976 -3.2668412
11 3.5432496 6.0726924
19 5.3647776 -1.5250026
24 3.4337182 4.81047
20 4.1141047 0.69898605
9 3.4248126 4.740381
2 3.62343 6.4536343
13 5.393152 -1.5715041
