30 2
3 1.5822486 3.9919167
7 4.4015937 3.051309
29 4.784262 3.0785007
14 -2.1502194 6.1923094
4 -1.8577911 5.824445
2 -1.7890335 5.8631573
0 1.0146023 4.117037
20 -1.1668468 5.356748
26 5.463668 2.912932
21 2.6651225 3.6809108
15 5.912999 3.021429
18 -1.0844539 5.085235
11 1.3339518 4.0745015
5 1.9178046 3.768324
23 -2.214117 6.2905335
8 -1.2104255 5.356082
25 5.4046073 3.042296
22 4.4207892 3.0221229
1 5.749929 3.0275643
17 -1.5228695 5.627459
16 1.2640773 4.199899
6 5.2728 2.9363344
10 4.5461264 3.1240323
9 1.1813792 4.1686764
13 2.5872202 3.6110563
24 1.9561962 3.9018888
19 -2.44905 6.3968043
12 5.440832 3.042063
28 -1.3472002 5.4617257
27 2.110245 3.7173238
