51 2
39 -4.481416 -1.0481151
32 -3.4550023 -1.7271395
30 -1.4008983 -3.5405543
35 -3.897826 -1.4986135
28 -4.2671876 -1.2195331
26 -1.528023 -3.6979032
29 -1.4097161 -3.6828578
16 -1.3622414 -3.5302598
9 -1.407025 -3.5621927
47 -1.360536 -3.8166637
1 -1.5839393 -3.582306
27 -1.687224 -3.619712
13 -3.4706142 -1.6576073
23 -4.2367473 -1.1521914
37 -2.0986898 -3.2412388
31 -1.4412078 -3.6538842
19 -4.046405 -1.4651043
33 -1.6413836 -3.6461687
46 -1.7035732 -3.4547176
0 -2.2985368 -3.089441
36 -3.9136531 -1.3044237
49 -4.1008763 -1.2931973
38 -1.8124493 -3.3797812
22 -1.7475713 -3.3035867
43 -1.482842 -3.407809
48 -1.5968012 -3.6751652
21 -1.7094651 -3.3061047
45 -1.8187202 -3.0701761
44 -1.6784046 -3.4945455
11 -3.763952 -1.3352287
24 -4.2826457 -1.2419378
50 -4.0515804 -1.2273377
4 -3.9109898 -1.2058363
17 -1.7240626 -3.3942215
3 -1.7811432 -3.2860835
8 -1.8510135 -3.1200497
15 -3.8570037 -1.235474
10 -3.6288059 -1.2406027
12 -3.6354594 -1.3047957
42 -1.8190132 -3.438694
20 -1.6694328 -3.4429708
41 -1.6867348 -3.458395
34 -1.6542279 -3.3196878
6 -3.744218 -1.3852985
18 -1.8361653 -3.2584405
14 -3.7525945 -1.4236981
2 -3.5582561 -1.3020675
5 -1.7662041 -3.2511387
7 -1.7227349 -3.250945
40 -1.8835374 -3.245791
25 -3.381034 -1.7685636
