30 2
14 -2.2678819 6.000257
2 -1.8704613 5.7569327
3 1.5072575 4.011712
20 -1.3423876 5.3119783
5 1.473301 3.8993595
7 4.1804547 3.275071
29 4.739003 3.290646
24 1.6210995 3.9743385
0 0.7063933 4.2273746
18 -1.1846691 5.1328707
1 5.704561 3.2279496
10 4.38435 3.3277886
4 -2.173649 5.8465247
25 5.5269732 3.183138
21 2.4332416 3.891812
11 1.2230525 4.04488
6 5.1665816 3.1685977
16 1.0743619 4.2477407
19 -2.6630325 6.238333
8 -1.4350424 5.215557
23 -2.5531356 6.1840887
26 5.3632593 3.2058995
22 4.4189396 3.2417827
27 1.8834664 3.8839257
17 -1.7766699 5.5947423
28 -1.6108181 5.3817697
12 5.2338147 3.231188
15 5.986803 3.2554138
13 2.4494257 3.735023
9 0.94663155 4.3012056
