30 2
7 4.3526483 3.0419102
29 4.872573 3.0933607
3 1.5538839 3.930076
2 -1.7640799 5.8574357
4 -1.8517836 5.807736
20 -1.1803787 5.340553
5 1.9403433 3.748971
21 2.7322955 3.6881347
1 5.772721 3.0237916
24 1.9950835 3.8821368
6 5.203169 2.9376726
0 1.0541708 4.177353
12 5.4602075 3.0331726
14 -2.1108997 6.209175
22 4.450947 3.0735018
13 2.6299815 3.5572278
18 -1.0875446 5.125168
25 5.4337397 3.0617487
28 -1.2989769 5.469562
16 1.2947717 4.1888404
19 -2.452616 6.427128
10 4.4783316 3.1564991
17 -1.5512705 5.6598115
15 5.8689327 3.001623
26 5.5209494 2.8262875
23 -2.210983 6.283472
8 -1.2338624 5.3964715
9 1.1931641 4.1784377
11 1.3621924 4.0248313
27 2.1805682 3.6591434
