30 2
4 3.924349 1.1429785
21 3.3910067 4.831446
10 5.4703197 -1.4538871
16 3.8742676 1.5854256
0 3.2706048 4.674474
8 6.182297 -2.4129736
28 6.006272 -2.356333
17 3.9518294 1.4613215
22 3.7508335 1.8343307
25 6.1689634 -2.460085
7 3.615341 2.0884597
1 3.4114978 5.174999
11 3.5066607 6.130354
13 5.4787855 -1.634779
26 3.6721315 2.2108006
29 6.918907 -3.2515764
14 3.7788382 1.8064184
23 6.8914566 -3.0452003
18 3.8728356 1.2857914
15 3.9604576 1.4235193
12 3.5579288 6.4703355
20 4.0445 0.88272995
27 3.500337 6.1074567
9 3.439827 4.8925376
24 3.4485157 4.736208
6 6.238695 -2.578595
19 5.433277 -1.5211619
3 3.3347163 4.4844084
2 3.5595455 6.5944657
5 6.3476644 -2.6012022
