30 2
16 3.8359244 1.6193632
28 6.0079346 -2.3104715
10 5.4603376 -1.5099026
21 3.4036658 4.8330917
4 3.9129457 1.2026068
22 3.7676852 1.7341952
6 6.2737975 -2.592251
7 3.591175 2.1076484
15 3.915917 1.4731767
1 3.3649695 5.2556806
23 6.889374 -3.0949
25 6.1828995 -2.4621096
13 5.5035095 -1.6061693
14 3.7410047 1.7762575
2 3.5733514 6.644731
8 6.164991 -2.4376068
12 3.5684395 6.535768
19 5.435488 -1.5392375
0 3.3057532 4.6862493
27 3.4676843 6.094013
26 3.640651 2.2729795
17 3.9393623 1.4550155
20 4.0529313 0.91040397
29 6.9258075 -3.2269487
3 3.3849115 4.428086
18 3.84705 1.3428866
24 3.4181454 4.6947074
5 6.384709 -2.5758808
11 3.5343688 6.0718412
9 3.3912287 4.826736
