30 2
22 3.5766664 2.0466127
21 2.9180691 5.134311
4 3.8506112 1.4800771
16 3.6042724 2.0527077
10 5.446063 -0.9265147
1 2.8992388 5.5921793
19 5.625747 -1.1987091
28 6.170785 -1.7632684
23 7.016894 -2.4104917
7 3.3613074 2.569568
8 6.347169 -1.780818
13 5.5413194 -1.0334033
26 3.3570733 2.6480951
27 2.8567574 6.400892
24 2.9840693 4.995897
18 3.6551862 1.6947628
17 3.6797543 1.8398153
15 3.7557883 1.8907435
12 2.9417083 6.702016
6 6.3740354 -2.0117679
3 2.9918566 4.552138
14 3.5206997 2.3216872
0 2.8857105 4.9355345
25 6.392398 -1.8213383
29 7.240768 -2.5120647
11 2.9031682 6.2051415
20 3.9711776 1.1662582
2 2.9576817 6.932536
5 6.6978407 -2.0824683
9 2.9569292 5.0200577
