30 2
1 3.06051 5.5028343
4 3.8358107 1.524649
14 3.6188123 2.3197985
16 3.677809 1.8829352
15 3.8179402 1.6361693
21 3.150393 5.058764
10 5.4802704 -1.1909529
13 5.342739 -1.1653609
25 6.3126845 -1.9958667
19 5.593908 -1.3749332
28 6.1464386 -1.9595506
22 3.7170715 1.7109993
7 3.4391937 2.4756498
2 3.0906265 6.856895
8 6.2990193 -2.0538778
23 7.025902 -2.6805022
26 3.4309804 2.6781356
6 6.369448 -2.1526098
0 3.1198058 4.801385
27 3.0953913 6.2444854
3 3.0750122 4.5835695
11 3.016489 6.123101
9 3.104787 5.0077677
29 7.1764736 -2.8399832
20 4.013754 0.8551775
12 3.0949368 6.601597
17 3.758243 1.7955108
18 3.7081447 1.5366907
24 3.086197 5.000997
5 6.4745245 -2.0645366
