30 2
7 3.6415632 3.8411827
29 3.8723207 4.0849347
6 4.8449097 3.935006
2 -2.8056314 5.505301
20 -2.1556706 5.036987
14 -3.0377858 5.4913383
10 3.9165547 3.9548838
1 5.179675 4.041508
21 1.7940772 4.0855384
5 1.0838805 4.102159
0 0.11114826 4.293789
25 4.879624 4.016676
11 0.7387238 4.127402
18 -1.9134446 4.8890557
24 1.1577612 4.2248225
23 -3.4274263 5.6980486
16 0.21986498 4.429966
12 4.6993737 4.0227547
3 0.9433224 4.1751056
4 -2.8784018 5.3469725
15 5.053483 4.044792
27 1.2511787 4.2046013
26 4.947748 3.91479
22 3.712777 3.8082714
8 -2.3053966 4.9390807
17 -2.66322 5.328143
9 0.45651773 4.3146586
28 -2.4468637 5.121968
13 2.1649728 4.0631075
19 -3.4605336 5.6220994
