30 2
29 4.265781 3.8634713
7 3.8207939 3.691128
0 0.53475386 4.237523
5 1.1961946 4.027773
1 5.2216473 3.7219782
2 -2.514729 5.599683
4 -2.5208352 5.5346427
20 -1.91733 5.159948
25 5.013329 3.8639643
3 1.182668 4.0754704
17 -2.4857085 5.460274
18 -1.8427656 5.037809
22 3.924434 3.686028
15 5.356598 3.8957884
11 0.7986113 4.173424
14 -2.920123 5.672717
24 1.2817051 4.1119657
6 5.0967703 3.6813087
16 0.54756796 4.271185
26 4.997206 3.7078888
27 1.5267099 3.9775157
19 -3.264703 5.868832
10 4.0472865 3.7207837
8 -2.03739 5.0792985
12 4.738269 3.7110293
28 -2.200163 5.260717
21 2.1259658 4.0462723
23 -3.0781107 5.705722
9 0.5458473 4.3064766
13 2.2200613 3.8909974
