30 2
1 2.8948963 5.6062727
25 6.3744783 -1.808376
4 3.8175316 1.5124885
22 3.6254818 1.8521672
15 3.7978237 1.8356047
7 3.3830543 2.5126956
10 5.4384813 -0.9299094
20 3.9411314 1.1459317
21 2.9485395 5.0207467
19 5.660839 -1.1254693
16 3.6295955 2.0427375
27 2.8751698 6.45409
8 6.4057384 -1.7767925
28 6.2375326 -1.7450969
13 5.490598 -1.0325025
3 2.8916588 4.6876407
17 3.800104 1.7304913
6 6.341947 -1.9889721
14 3.5203717 2.4105628
12 2.9087656 6.6820235
23 7.030502 -2.450087
26 3.3468986 2.5732148
0 2.9139597 4.931705
9 2.9341052 5.069919
11 2.9433844 6.2436104
5 6.676221 -2.1760087
24 3.0220037 4.980384
29 7.2383137 -2.5060022
2 2.9293752 6.905851
18 3.6618645 1.6607171
