30 2
16 3.6889753 1.8549447
1 3.1031437 5.4521823
15 3.8205137 1.5450405
4 3.8212152 1.4124545
23 6.9415565 -2.9250124
13 5.3755937 -1.1694351
22 3.6705396 1.7774453
7 3.488791 2.3371794
25 6.2465086 -2.1040218
10 5.4267554 -1.2551503
12 3.3966815 6.517848
20 3.921978 0.9145382
19 5.64393 -1.477823
18 3.7741392 1.4618249
0 3.2899663 4.6656065
17 3.8744702 1.5302043
26 3.4982224 2.3074677
11 3.1794527 5.9371114
14 3.6881313 1.9750454
2 3.39471 6.722293
21 3.246364 4.9444537
3 3.2287617 4.578514
8 6.212977 -2.1389282
27 3.256488 6.272037
29 7.0084085 -2.9021468
6 6.3929443 -2.423642
28 5.943924 -1.9299134
24 3.207772 4.891686
9 3.2369363 4.888373
5 6.4822917 -2.4388044
