300 2
170 -1.9875695 0.88985294
198 -3.2768848 -1.1392667
276 -2.0067036 0.7733916
131 -3.415075 -1.195799
3 -1.2914127 4.023536
93 -1.2991338 3.5125015
235 -1.3823879 3.4535065
136 -4.0985065 -1.9597129
274 -1.9166826 1.117089
149 -2.0445285 0.8865679
6 -2.010324 0.8595589
115 -1.28459 3.5140574
9 -2.0301757 0.8843729
27 -3.616215 -1.449941
47 -1.301525 3.582091
62 -3.4324794 -1.3996655
241 -2.0154269 0.86214614
22 -1.3045353 3.7728055
290 -1.2593073 3.4996178
114 -2.0878518 0.66900283
219 -3.702103 -1.5251416
183 -2.0138645 0.73410046
11 -2.0367353 0.82868576
37 -3.734915 -1.4893738
33 -1.9601759 1.0205919
298 -2.013362 0.7786909
238 -1.2505481 3.8431776
117 -2.0453398 0.8403151
72 -3.3274946 -1.152888
105 -3.3437843 -1.21792
164 -3.9039288 -1.6893512
23 -2.0507455 0.79601437
174 -2.0559216 0.6930552
254 -3.7651052 -1.633936
205 -1.2663648 3.8699102
196 -1.3328861 3.6807969
263 -1.9776976 0.946863
2 -3.4431229 -1.2803007
58 -3.7657478 -1.685813
36 -1.2877052 3.7771404
193 -3.8047786 -1.6530071
282 -2.10946 0.5335661
178 -3.2472975 -1.1598495
291 -2.021629 0.7728681
246 -1.2889494 4.0921736
133 -3.578083 -1.422692
239 -1.346132 3.6250377
153 -3.2702181 -1.1706156
251 -1.217722 3.8701625
148 -3.842847 -1.7618092
184 -3.746947 -1.5781846
44 -3.2256124 -1.0904864
46 -1.2353927 4.1539965
195 -1.377903 3.468242
56 -2.0359879 0.78413135
202 -4.1831446 -1.9214807
82 -3.5684383 -1.4460927
123 -1.3127829 3.3592587
132 -1.2573591 3.5458004
182 -3.6128206 -1.4687815
5 -1.8487054 1.2190572
256 -2.105475 0.66698116
87 -2.0531166 0.75331056
200 -1.3256304 3.944022
227 -1.3053414 3.4321072
206 -3.4831903 -1.3932569
211 -2.1125426 0.654094
243 -1.956589 0.88781816
252 -2.0629535 0.7840969
4 -1.3458005 3.491702
242 -1.9680599 1.0000226
35 -2.0100358 0.7602366
180 -2.1055937 0.6728934
113 -1.957879 0.97897696
86 -3.5109887 -1.3568763
287 -3.975641 -1.7765932
293 -2.0400105 0.7301658
190 -1.9984101 0.9118691
39 -1.9124644 1.138472
147 -2.0483336 0.8228817
159 -1.2963849 3.7060196
53 -1.3082 3.7418997
297 -1.3500234 3.6962874
192 -3.4873128 -1.3733114
102 -1.9609758 0.9717772
189 -1.3595834 3.3218384
173 -1.9359759 1.0873886
15 -1.9291363 1.0276834
77 -1.3396916 3.2254558
16 -3.6970274 -1.5520055
60 -2.0630543 0.8011465
296 -3.9366717 -1.7396194
89 -1.929291 1.1233075
94 -1.8973953 1.0018556
104 -2.0469217 0.7721701
186 -2.0347822 0.92394394
221 -3.7102017 -1.4751211
283 -1.2758721 4.2501287
0 -1.2725765 3.4660213
169 -1.3020613 3.7921395
269 -3.090856 -0.9266371
116 -1.3237305 3.8241029
212 -1.302301 4.3766756
277 -1.9434253 1.1162993
187 -3.7039237 -1.5175849
67 -1.3363091 3.9679112
232 -3.4918044 -1.3499603
155 -4.152324 -1.8209505
81 -1.301876 3.8277652
158 -1.3106669 3.8011587
280 -2.111979 0.7433672
143 -1.2486713 3.6184466
175 -1.9362724 0.9708402
150 -2.2535005 0.42595583
12 -1.9852793 0.96346796
176 -1.265584 3.4105444
50 -3.4014013 -1.2093428
69 -1.2659456 3.568005
75 -3.502237 -1.3432868
79 -3.6353123 -1.500619
101 -1.9502335 1.0027164
201 -2.006449 0.8596088
253 -1.9691826 0.993228
207 -1.2561412 3.6665158
224 -3.7879999 -1.677748
168 -3.898045 -1.762583
88 -1.3466583 3.5090685
259 -3.304632 -1.3250797
40 -3.7075896 -1.6036824
41 -1.3192075 3.7307415
42 -1.2969949 3.7348864
65 -3.5160894 -1.412875
107 -1.9586929 0.9016397
76 -1.3085377 3.5867689
260 -4.0194936 -1.8766716
217 -1.249893 3.8465075
162 -1.9083964 1.1018643
188 -2.1339738 0.63920563
199 -1.9046767 1.0896627
166 -1.2869921 3.704901
30 -1.2428021 3.870791
34 -1.9037092 1.2178197
225 -1.2372916 3.7021205
108 -1.9701807 1.0565141
100 -1.2660187 3.8985507
70 -1.244768 3.7680736
267 -3.516074 -1.4737815
96 -1.2687138 4.085717
99 -1.2562063 3.7429454
210 -1.2814227 3.969285
109 -4.0058236 -1.8110031
154 -4.0694327 -1.89529
265 -1.2857771 3.6250036
214 -1.9500542 1.042042
51 -3.6005843 -1.4340376
38 -1.3378303 3.4126499
43 -1.961758 1.0156491
284 -3.5091496 -1.4368609
127 -2.0320203 0.76340145
59 -3.576568 -1.5574604
240 -2.2493691 0.427889
71 -2.0002017 0.8907563
141 -3.5924408 -1.5476705
83 -1.9882667 0.87760705
257 -1.2321079 4.2486196
140 -2.0122328 0.7672418
145 -3.6737008 -1.5520371
161 -2.0543966 0.8727572
279 -2.0744538 0.7853211
54 -3.6989675 -1.5706638
61 -2.05649 0.7583347
103 -1.2449794 3.86979
286 -1.3103462 3.7609332
273 -3.4212496 -1.2979308
209 -3.386366 -1.2802306
272 -1.257536 3.066122
7 -1.2506946 3.574892
126 -2.0442948 0.85690403
19 -1.2969803 3.5807278
271 -1.3035725 3.8919735
139 -3.7094274 -1.5710717
249 -3.863659 -1.7348012
144 -1.2710791 3.9219606
278 -1.3588762 3.6667352
78 -1.3056589 3.793419
111 -3.5052996 -1.3707408
258 -2.0873513 0.63578683
172 -3.687195 -1.6148891
226 -1.2994988 3.551716
128 -1.9673896 0.9241439
129 -1.988425 0.8533689
165 -3.6353202 -1.4555151
231 -1.9093539 1.0720677
233 -2.1047213 0.6732106
236 -1.3242213 3.4691916
21 -1.2693667 3.851663
31 -1.2978185 3.658204
29 -3.68377 -1.544641
177 -1.9023224 1.2093489
237 -1.3190697 3.2744875
121 -2.0626578 0.8871899
142 -1.2246504 4.048837
266 -2.157886 0.6512057
248 -3.8369572 -1.6668468
234 -1.9871458 0.8538702
191 -1.3107882 3.8001685
18 -1.8180317 1.3161877
119 -1.1941803 3.7044127
295 -3.3790967 -1.1749971
85 -3.4944105 -1.3512726
112 -3.5750706 -1.5266435
268 -1.2684746 4.0066895
285 -1.3236258 3.7671218
1 -4.0068088 -1.9313921
151 -1.9783418 0.7845457
229 -1.9041992 1.1234497
66 -1.2307065 3.9233146
49 -2.0219789 0.88469684
270 -3.613808 -1.454272
250 -3.618169 -1.4496202
68 -1.2759706 3.3489711
163 -2.2117264 0.48400348
156 -1.3216087 3.4123924
157 -3.3879476 -1.2356015
288 -3.8550706 -1.701859
289 -3.540692 -1.4589138
262 -2.07758 0.7647924
292 -3.9004824 -1.7743115
135 -3.310697 -1.1592298
45 -1.3644131 3.7041457
73 -2.0437639 0.69135857
152 -3.8485274 -1.6825643
80 -1.2302561 3.5814157
118 -1.3642292 4.326017
245 -3.6878629 -1.5416489
204 -3.6539588 -1.5303702
244 -2.0991747 0.742494
8 -2.0111032 0.7533885
32 -3.540244 -1.5090731
57 -2.0461783 0.69312006
130 -1.2432714 4.086108
281 -2.0593104 0.7581849
255 -2.0246308 0.991691
275 -2.0265312 0.8053935
222 -3.6185362 -1.4995829
223 -4.141706 -1.9412743
194 -2.0348265 0.87051
97 -2.1256042 0.63030535
213 -2.1857893 0.46993908
63 -2.1280398 0.6888447
55 -2.0301073 0.8471733
90 -3.5523643 -1.3983536
98 -3.1812623 -1.0496205
220 -3.668558 -1.5232127
179 -1.2482132 3.8250318
181 -3.510045 -1.4140573
203 -3.8204699 -1.6589117
294 -3.55524 -1.3458637
13 -1.952413 0.9999675
24 -1.3284718 4.054371
120 -3.5316744 -1.4327021
247 -1.3021148 3.7743356
95 -4.1228714 -1.8948703
91 -1.904864 1.2449721
106 -1.2195195 3.9474864
218 -2.0282516 0.8495736
110 -3.3499818 -1.1708733
261 -3.593706 -1.5103601
10 -1.3007218 4.1236463
146 -3.7935414 -1.6268212
230 -1.2419866 3.311597
160 -3.6977763 -1.5712469
215 -1.3145962 3.6853833
52 -1.8801335 1.1878037
25 -3.8484645 -1.6565833
122 -1.2253206 4.391089
125 -1.338922 3.839752
208 -3.4867847 -1.3189883
138 -1.226212 3.5829558
264 -3.8503883 -1.7585533
17 -1.2931348 4.047279
20 -1.3222406 3.6087854
28 -3.5995398 -1.543886
26 -1.2811046 3.7594333
171 -1.8763329 1.0779018
124 -1.2972034 4.0499935
48 -3.746811 -1.6022955
64 -3.7622004 -1.6079851
216 -3.9393203 -1.6378115
84 -1.3085132 3.4953113
299 -1.2733647 3.6448395
228 -1.8859576 1.1084836
74 -3.4593196 -1.2464579
134 -1.9203945 1.0915928
197 -1.2788385 3.9855833
167 -1.3358247 3.4363594
92 -1.2907962 4.6738224
14 -3.423319 -1.1601012
137 -1.3074028 3.3870838
185 -3.9761453 -1.9087919
