30 2
7 3.6545103 3.8734694
29 3.9889886 3.9953785
3 0.90081066 4.2580833
14 -3.11509 5.5271373
0 0.15508874 4.308235
1 5.2420325 4.097533
10 3.7714806 4.0346346
2 -2.845473 5.4250426
21 1.8282309 4.088972
4 -2.9887135 5.387376
5 1.0190145 4.183181
18 -2.0120587 4.8855724
20 -2.2510653 4.9682155
25 4.807298 4.0745487
28 -2.3790274 5.019714
24 1.1824185 4.104921
11 0.67667013 4.154937
12 4.761428 4.05985
23 -3.5510361 5.680155
6 4.6612873 3.8959928
26 4.7336025 3.9255834
17 -2.7801864 5.374528
22 3.6524494 3.880349
16 0.3198925 4.3570423
19 -3.512417 5.6287513
27 1.3848656 4.177346
9 0.40637988 4.3214226
8 -2.2237918 4.972271
15 5.0845494 4.0550814
13 1.9884208 4.0258193
