30 2
10 5.227505 -1.8461019
16 3.92329 1.5424459
22 3.9036524 1.3626348
21 3.7380378 4.6111717
6 6.045501 -3.1070814
23 6.54079 -3.66284
27 3.91921 5.861597
1 3.7631357 5.0662155
25 6.0634303 -2.8446434
8 6.018526 -2.887442
13 5.1612005 -1.8770128
7 3.7612696 1.9397624
5 6.126523 -3.0243917
26 3.6986487 2.0829322
4 4.0130186 0.8603149
14 3.8346844 1.7338717
15 4.0366616 1.1445671
20 4.0931597 0.538104
28 5.8521137 -2.7916455
24 3.7192156 4.5099387
3 3.7525628 4.260206
12 3.9939172 6.222787
0 3.6611683 4.396257
11 3.9799163 5.7215834
19 5.3925433 -1.9537711
17 4.063827 0.99970376
18 3.88221 1.018166
29 6.74577 -3.6775234
9 3.7406783 4.5823293
2 3.9999876 6.2422643
