30 2
7 4.4148 3.0320837
29 4.7913246 3.0791094
2 -1.7814347 5.8498607
4 -1.8733966 5.798184
6 5.260589 2.9363804
5 1.9229122 3.7787507
3 1.5869116 4.000292
14 -2.1504617 6.1817493
20 -1.2142985 5.3713675
25 5.4129286 3.0520551
0 1.0233474 4.130327
24 1.9896327 3.921921
1 5.735947 3.0296445
11 1.3625735 4.057369
8 -1.222262 5.368809
10 4.538069 3.138924
17 -1.5170648 5.626891
28 -1.358245 5.4723797
22 4.405169 3.042079
18 -1.1000216 5.09117
13 2.5968776 3.6007485
9 1.1895734 4.1686063
21 2.6758823 3.682924
16 1.2794726 4.213196
23 -2.1917553 6.2897396
26 5.4602275 2.9124594
15 5.9080305 3.0088122
19 -2.4657333 6.384342
12 5.450398 3.0262792
27 2.1286612 3.710074
