30 2
7 3.737942 3.8520591
3 1.0364155 4.210189
29 4.0017786 3.9981782
5 1.095652 4.069452
4 -2.7613432 5.3377023
2 -2.763487 5.5520267
1 5.262428 4.023401
14 -3.0232008 5.5296216
0 0.2061574 4.2796936
20 -2.2376828 5.078086
18 -1.979578 4.969046
17 -2.6173248 5.336709
10 3.8924017 3.9002116
28 -2.4205236 5.077138
6 4.83423 3.842144
11 0.747128 4.210162
25 4.8854394 3.9619358
22 3.7126503 3.8535242
24 1.3456229 4.2214084
21 1.9022446 4.091229
26 4.9414654 3.8649595
8 -2.1229122 4.897407
12 4.699576 3.9744964
19 -3.441196 5.759157
15 5.0268893 3.9943166
23 -3.3248713 5.726111
27 1.2039797 4.093095
16 0.31766912 4.410961
9 0.53636867 4.326888
13 2.2459714 4.062485
