30 2
22 3.8953767 1.3043852
1 3.7016504 5.0939617
15 3.9735837 1.2348864
19 5.3325596 -2.0055842
14 3.7814372 1.9777489
21 3.73779 4.6825204
0 3.6474807 4.404998
10 5.2988873 -1.8581583
8 5.997442 -2.7785566
6 6.0220494 -2.9725983
13 5.1944594 -1.7627366
7 3.7908242 1.9749677
26 3.695317 2.203319
12 3.9476447 6.2140384
4 3.9470778 0.87300116
11 3.9113805 5.6736817
20 4.0620155 0.4901399
23 6.597436 -3.570165
3 3.7234933 4.300757
2 4.07476 6.188311
24 3.7399724 4.5273466
27 3.898675 5.875571
25 5.9761076 -2.8411283
16 3.8398106 1.569457
9 3.679175 4.4585295
5 6.1161118 -3.0818205
18 3.8258812 1.0647961
17 4.023166 1.1291659
28 5.810152 -2.6170807
29 6.8402457 -3.811383
