30 2
4 3.859717 1.3753325
1 2.9055195 5.610853
21 3.0554805 4.9996667
16 3.6562634 2.0253596
28 6.1849394 -1.7617065
13 5.4535055 -0.9985039
6 6.411404 -2.056553
22 3.635115 1.902302
7 3.387747 2.508887
23 7.1841445 -2.6079326
12 2.957084 6.646213
19 5.547384 -1.0734127
15 3.8709078 1.6165341
10 5.4762897 -0.94930184
18 3.7277195 1.5544069
14 3.5707276 2.3326838
20 4.004198 1.033797
11 2.965987 6.2508883
8 6.39825 -2.0167549
0 2.9198105 4.8114076
25 6.2918086 -1.833797
17 3.8441556 1.6600907
2 3.0466368 6.903448
9 2.9587195 5.1283727
26 3.3873088 2.5009224
29 7.107551 -2.5854537
27 2.995858 6.344157
24 2.9588718 4.973768
3 3.081925 4.681127
5 6.610595 -2.1669648
