30 2
7 4.12947 3.2476883
14 -2.2472963 5.99078
1 5.6822934 3.2595415
29 4.6831517 3.3826644
2 -1.9032092 5.7666874
21 2.3547118 3.8985388
5 1.4180183 3.9661872
25 5.5833964 3.1886435
4 -2.1073537 5.81938
3 1.5678284 4.068156
6 5.1218095 3.1543627
11 1.2583363 4.072477
22 4.424808 3.2266016
20 -1.393928 5.2398376
18 -1.1924776 5.094195
0 0.74739325 4.245506
23 -2.6241088 6.1222396
28 -1.6119484 5.368273
15 5.9630237 3.239095
10 4.4689326 3.3934321
12 5.1504765 3.2216961
9 0.91810006 4.288247
17 -1.7934252 5.5274706
24 1.5871503 4.0097566
19 -2.691339 6.2290955
27 1.8529634 3.8996656
8 -1.4683495 5.1989503
26 5.31909 3.2659612
16 1.0074854 4.308244
13 2.408181 3.7510986
