30 2
29 4.3568354 3.8024435
7 3.770616 3.6617396
4 -2.542333 5.5033746
18 -1.8257575 5.043807
2 -2.4818387 5.726198
25 4.896143 3.7261782
21 2.1908653 4.0079327
10 4.096026 3.7192748
14 -2.8213596 5.7438564
20 -1.9315305 5.1732473
24 1.2659569 4.0861635
11 0.8192856 4.144749
1 5.3389 3.790028
6 4.944799 3.6423018
5 1.3352877 3.937294
19 -3.1711087 5.8330708
0 0.6155627 4.1921496
3 1.3185885 4.0105305
8 -1.9829026 5.103236
12 4.682563 3.632487
22 4.011072 3.6798701
23 -3.0850523 5.8513927
28 -2.0977771 5.2108903
26 5.1311574 3.5977821
15 5.5556746 3.7649388
27 1.5868386 3.915394
17 -2.2767801 5.4489264
13 2.1833568 3.880482
16 0.5645031 4.3288383
9 0.6051755 4.3543577
