30 2
7 3.4854205 3.937451
29 3.8665955 4.1620574
3 0.85356534 4.216053
20 -2.2726595 4.9505796
2 -3.0285182 5.4260106
14 -3.2417855 5.462008
5 0.9506827 4.0816746
21 1.7764763 4.1320324
6 4.438607 3.9864588
25 4.769865 4.2026696
1 5.1202974 4.2195387
23 -3.5724657 5.597588
17 -2.882724 5.293339
0 0.052930087 4.274005
11 0.58273005 4.2423587
15 4.9824657 4.2555847
28 -2.5554473 4.916377
8 -2.439836 4.9485083
12 4.797226 4.1887307
22 3.6748142 3.9157658
18 -2.1869905 4.8322277
10 3.7432334 4.029411
24 0.99923795 4.1937366
4 -3.1757956 5.330842
16 0.1904577 4.4068255
19 -3.640436 5.6599765
9 0.3579029 4.377166
27 1.2004253 4.103668
26 4.6988754 4.0132055
13 1.8060025 4.097098
