30 2
16 3.8033164 1.7734711
15 3.9785063 1.1572467
25 6.089461 -2.5904336
17 3.9349797 1.3432302
1 3.4551966 5.1403193
13 5.4427643 -1.7660595
26 3.703016 2.276285
21 3.5040126 4.6057305
10 5.2443 -1.4406917
4 4.0440187 0.9379949
6 6.2285795 -2.8488464
22 3.7597191 1.5826133
7 3.6592221 2.0602827
0 3.4846632 4.5658846
8 6.124829 -2.575724
19 5.352093 -1.6093152
18 3.8509538 1.1890239
27 3.5701785 6.0344357
2 3.7581198 6.3923497
5 6.340338 -2.8491294
14 3.754192 1.9441108
12 3.683547 6.3331003
23 6.6387935 -3.269955
29 6.783778 -3.3099332
3 3.550424 4.290284
24 3.5865402 4.730652
20 4.057308 0.7220079
11 3.6386855 5.8337035
28 5.970413 -2.5473785
9 3.5160382 4.655237
