30 2
22 3.8591485 1.3608681
15 4.068945 0.9949875
7 3.7478416 1.9876586
21 3.8074188 4.461827
1 3.7952683 5.013759
20 4.1237593 0.53935057
10 5.267868 -1.8749053
2 4.0679674 6.204321
28 5.8200383 -2.7433212
25 5.9788017 -2.8953419
23 6.566956 -3.7511356
16 3.865317 1.5567232
4 3.9582791 0.92091954
26 3.8095903 1.949798
19 5.4424496 -2.150868
6 6.037514 -2.968012
27 3.8841338 5.8960257
13 5.1869497 -1.754357
17 4.0766926 0.93740046
14 3.8609285 1.7359258
8 5.9806 -2.8802
11 3.930932 5.713797
12 4.0397835 6.195549
0 3.7359576 4.2693305
18 3.9260073 1.112648
24 3.74044 4.5201325
5 6.1893287 -3.1404977
29 6.594189 -3.673845
9 3.7496247 4.474685
3 3.7425258 4.355304
