30 2
22 3.9054759 1.3137503
16 3.9583604 1.3805423
14 3.8876774 1.7709652
23 6.4863563 -3.7170215
28 5.779468 -2.91329
10 5.207577 -1.957567
15 4.013367 1.0592569
21 3.8700998 4.3378124
4 4.0092444 0.74704033
19 5.2661624 -1.9510019
7 3.7847338 1.8614479
26 3.7822456 1.7573403
25 5.954874 -3.12322
13 5.290363 -2.1209617
11 4.1056666 5.4358077
17 4.005043 1.1618208
27 4.026386 5.7639737
18 3.9108086 1.0432459
8 5.8574758 -2.9150977
0 3.7585244 4.203343
1 3.8819094 4.853308
3 3.7645755 4.0518956
6 5.9217377 -3.0174503
20 4.0120077 0.42834854
24 3.7740867 4.386414
12 4.0939817 6.2224545
2 4.10049 6.077275
9 3.8314264 4.4947395
5 6.1302834 -3.2894337
29 6.516763 -3.7953885
