30 2
16 3.888755 1.3050605
1 3.856372 4.849515
4 3.9648926 0.7608024
8 5.8838463 -2.82595
13 5.2438836 -2.0325115
21 3.921276 4.5062003
14 3.8344138 1.8149002
22 3.907388 1.2878592
19 5.29595 -2.0359902
20 4.0545945 0.50183094
25 5.9778743 -3.0610936
15 3.944184 1.181243
10 5.1644764 -1.9292113
7 3.7726073 1.8554331
28 5.8251414 -2.700323
26 3.8093495 1.8874806
0 3.7244012 4.1757565
17 4.000026 1.1929301
18 3.8295763 1.0540844
11 3.963682 5.5274944
6 5.952865 -3.0612688
29 6.650914 -3.8120325
23 6.4471583 -3.7414436
24 3.8052561 4.414366
2 4.107108 6.0142975
12 4.131923 6.1512156
27 4.0661635 5.7909966
9 3.8308275 4.520766
5 6.1390986 -3.259793
3 3.7335217 4.0451365
