30 2
10 5.4325633 -1.5392338
1 3.3574324 5.2794113
15 3.9021177 1.437342
14 3.7388122 1.8391961
21 3.3556402 4.9230866
22 3.725701 1.7269804
16 3.83721 1.5800892
4 3.934664 1.2232827
13 5.5498595 -1.6495878
23 6.8573823 -3.1536548
8 6.155198 -2.3759065
19 5.4052143 -1.4998453
26 3.623239 2.2687988
28 6.0830884 -2.285545
18 3.8528965 1.2965673
11 3.5414426 6.005562
3 3.4061685 4.4689245
2 3.5217705 6.596689
12 3.5089478 6.560432
7 3.595345 2.103695
25 6.1820617 -2.4449332
24 3.3675263 4.739722
0 3.3350031 4.7009935
6 6.282708 -2.5476518
17 3.9713085 1.4055694
27 3.4962587 6.0637774
20 4.048521 0.90773803
5 6.3766603 -2.5095196
29 6.9406686 -3.2338827
9 3.4073982 4.881704
