30 2
4 3.9891324 0.8322656
22 3.754666 1.5336018
1 3.6571698 5.091762
6 6.136076 -2.7972271
10 5.290087 -1.693296
16 3.8568473 1.8114046
8 6.0619383 -2.6511333
21 3.6456044 4.4570994
14 3.711532 1.9495937
15 3.8704057 1.3234595
28 6.0197988 -2.7385783
13 5.2922606 -1.8206234
11 3.7239828 5.7883825
19 5.5272946 -1.9910418
18 3.8764567 1.1436713
17 3.9147015 1.2823572
7 3.687893 2.030417
3 3.5410218 4.288625
25 6.135029 -2.6884549
12 3.948475 6.2158465
20 4.001465 0.66136533
23 6.6980214 -3.457681
26 3.6102784 2.2428563
0 3.6488626 4.549676
2 3.876961 6.26774
5 6.217438 -3.023837
27 3.798115 6.034268
9 3.6881936 4.5207133
24 3.6811032 4.7410703
29 6.8037896 -3.6806796
