30 2
1 3.5013525 5.129423
15 3.9717586 1.1896669
23 6.6803193 -3.1804023
8 6.040202 -2.5869646
21 3.528966 4.5967236
16 3.8386593 1.7851785
10 5.2460313 -1.5153257
14 3.7097085 2.0715652
4 4.0054936 0.9991528
22 3.7004828 1.6078202
7 3.687894 2.1559556
13 5.4209228 -1.8013138
25 6.108649 -2.6782162
26 3.6824677 2.2891135
28 5.927518 -2.5673354
3 3.5104437 4.3107133
6 6.225251 -2.8934646
19 5.349142 -1.6302297
17 3.9789379 1.2664946
27 3.5675826 5.991192
11 3.6784039 5.8103914
12 3.6997194 6.3710914
18 3.8915992 1.2228459
20 4.047711 0.7831647
9 3.5501003 4.6047177
29 6.7728543 -3.3204615
0 3.49313 4.505337
24 3.560155 4.728144
2 3.7843604 6.389854
5 6.3772397 -2.875407
