30 2
22 3.844653 1.3387316
1 3.915782 4.845463
14 3.846397 1.8280174
4 4.0142007 0.6819975
19 5.285848 -1.9838578
16 3.8785002 1.3257186
7 3.7712164 1.9389905
29 6.5815916 -3.812414
17 3.9961324 1.145918
28 5.8554444 -2.7571278
15 3.9295545 1.1795936
21 3.8879306 4.4848084
25 5.996466 -3.07683
23 6.452696 -3.7509367
24 3.8299925 4.4524126
12 4.124663 6.1658916
8 5.823954 -2.8080325
2 4.131011 6.0321207
3 3.7698774 4.0893774
10 5.243908 -1.9272162
27 4.073469 5.7782326
9 3.8120089 4.526987
6 5.9631658 -3.0462546
0 3.7101135 4.1659703
11 3.960833 5.520225
13 5.296293 -2.0721617
20 4.0821004 0.5162956
5 6.1465416 -3.2348938
18 3.8497572 1.0322026
26 3.8185208 1.9349083
