30 2
15 4.0529413 1.0855665
22 3.90139 1.2974225
13 5.2487864 -1.8109463
8 6.0276804 -2.812571
16 3.9114852 1.5444642
28 5.816575 -2.7427492
1 3.7920034 5.0691047
0 3.6624763 4.4290724
14 3.8428943 1.7681012
21 3.7570746 4.585143
25 6.0400815 -2.8578482
17 4.0748315 0.9739212
20 4.0686707 0.51351273
4 4.023669 0.8401587
26 3.7107718 2.0579212
10 5.1992292 -1.8429186
3 3.7776005 4.3043385
19 5.379242 -1.9673098
18 3.8668053 1.0638448
23 6.545942 -3.6553829
27 3.9464164 5.9207177
11 3.9219837 5.6595345
29 6.765778 -3.697005
12 3.9364061 6.237027
6 6.0333633 -3.064264
24 3.7238798 4.510483
2 3.9776618 6.2486
7 3.7611573 1.8775673
5 6.1299114 -3.032174
9 3.6966536 4.5657473
