30 2
7 3.6214032 3.7829113
2 -2.794848 5.4902143
4 -2.8458257 5.329225
1 5.2517767 4.0443835
0 0.19797158 4.289964
3 1.0134557 4.131019
5 1.124118 4.041507
29 3.9447176 4.1115317
20 -2.2340906 5.062983
24 1.2741829 4.2164373
18 -1.928958 4.903507
14 -2.9988055 5.4997525
21 1.9225879 4.112579
17 -2.5671184 5.3467035
6 4.7929926 3.8933213
23 -3.3854103 5.7422576
25 4.806127 4.030061
10 3.9052234 3.9455535
8 -2.256054 4.9207034
11 0.7747134 4.1910787
26 4.9131994 3.8743026
22 3.7131667 3.8392107
12 4.75692 4.006616
13 2.1713483 4.078377
19 -3.474235 5.717878
27 1.2723283 4.137702
9 0.4766129 4.3092575
15 5.05119 3.9634914
28 -2.4407794 5.113697
16 0.26893434 4.4122114
