30 2
7 3.8214824 3.6302204
29 4.357577 3.8352842
25 4.8905287 3.7037966
3 1.3884783 4.059166
5 1.3939402 3.969979
14 -2.8177679 5.71137
4 -2.502449 5.5367837
2 -2.5279272 5.7158775
0 0.63248724 4.2314005
20 -1.881558 5.120529
1 5.39329 3.677598
6 4.926294 3.6203234
19 -3.128294 5.8364134
11 0.9374924 4.1669927
18 -1.7538674 5.0584683
21 2.243813 3.9496882
10 4.071271 3.6938212
23 -3.0046437 5.9014125
9 0.52913254 4.3145757
16 0.5069172 4.3229504
12 4.779418 3.6670115
28 -2.073947 5.16913
15 5.53864 3.725126
26 5.0610704 3.5691028
22 4.0028796 3.6378977
8 -1.9713007 5.153654
24 1.2497128 4.083838
27 1.5726292 3.928618
13 2.215141 3.8834546
17 -2.2226923 5.412349
