30 2
29 4.799234 3.0201895
7 4.3542767 2.9641352
10 4.541464 3.00465
3 1.8520858 3.8705723
1 5.8768 2.8185484
23 -2.2013566 6.444082
4 -1.5959873 5.8593454
0 1.1517197 4.113189
2 -1.521803 5.803364
5 2.1355243 3.616396
20 -0.9353041 5.294299
18 -0.8164135 5.116474
6 5.364898 2.7918224
14 -1.9579328 6.1774373
21 2.7539086 3.6240711
25 5.6602044 2.7794917
8 -1.1593536 5.403203
24 1.9021329 3.7805693
12 5.491404 2.8934593
26 5.547037 2.8005319
22 4.4526405 2.978668
28 -1.2000954 5.4921203
17 -1.4085768 5.800094
19 -2.1285465 6.3918705
27 2.2933264 3.7268956
11 1.4235624 4.0217705
15 6.124318 2.7725613
13 2.7887862 3.575741
9 1.3217962 4.1262937
16 1.3579261 4.140839
