300 2
231 -1.8379952 1.2403696
86 -3.402017 -1.3573524
282 -2.1253366 0.545733
168 -3.8589008 -1.771696
42 -1.3782967 3.9400039
83 -2.1446679 0.4594944
180 -2.0804138 0.6745827
269 -3.351431 -1.3157676
37 -3.283315 -1.3133599
45 -1.3523813 3.4717274
189 -1.3532346 3.6274042
78 -1.422847 3.5906231
276 -2.0285795 0.7299407
170 -1.9926256 0.75025856
35 -2.1248243 0.605033
47 -1.3953983 3.3786037
104 -2.0819523 0.69544196
162 -1.9324466 1.0320318
242 -1.892292 1.067456
77 -1.4101732 3.455794
16 -4.042539 -1.894613
129 -1.9014856 1.0721191
30 -1.4103874 3.948397
108 -1.9715463 0.9449879
279 -2.193098 0.59170663
116 -1.4204816 3.7761197
55 -2.0756664 0.61739
260 -3.848698 -1.7944415
251 -1.3918735 3.6364214
119 -1.4024822 3.2527263
174 -2.0671568 0.66759795
56 -2.0574155 0.6936665
291 -2.0003555 0.7993234
295 -3.2769446 -1.2011307
214 -1.921964 1.0864257
18 -1.8969569 1.094327
14 -3.6189663 -1.6080985
232 -3.7969196 -1.7688415
241 -2.0389087 0.714011
12 -1.9387157 1.0056916
153 -3.2946324 -1.2948344
81 -1.4729775 3.9789343
256 -2.0415022 0.7547392
8 -1.9209689 0.88142765
148 -3.8689215 -1.8480829
243 -1.9982841 0.8509059
152 -3.7366924 -1.8104354
194 -1.9477098 1.0603654
213 -2.0483584 0.74252063
275 -2.041219 0.7573956
233 -2.065818 0.7295472
20 -1.399571 3.3977025
111 -3.4593847 -1.3084085
80 -1.4054493 3.8508568
107 -1.9834406 0.86726904
94 -1.992683 0.7643973
234 -1.8848337 1.1322063
298 -1.918998 1.0656748
210 -1.4066802 3.7458088
289 -3.4928253 -1.5423797
4 -1.3432258 3.7518182
6 -2.1183352 0.5950539
7 -1.3740833 3.3849015
22 -1.413978 3.5515437
265 -1.3755833 3.4821467
246 -1.3373845 4.0679936
296 -3.8111334 -1.7347747
190 -2.0857298 0.7571988
89 -1.9747338 1.0590876
70 -1.3251823 3.7931259
36 -1.2937733 3.5682006
63 -2.032654 0.7228469
41 -1.3833003 4.0014334
76 -1.4071592 3.9754438
54 -3.7127378 -1.6343656
147 -2.051602 0.69721127
187 -3.4932356 -1.475893
127 -1.9556521 0.9440932
105 -3.3568323 -1.3217008
270 -3.6704717 -1.5884186
195 -1.359173 3.6705105
267 -3.30844 -1.3503131
244 -2.086284 0.7102226
13 -2.0006602 0.9310867
64 -3.6711924 -1.5681504
91 -1.9084461 1.2013888
155 -3.6147556 -1.5412158
224 -3.8785355 -1.7863535
237 -1.4340088 3.4382176
53 -1.307161 3.488449
122 -1.3669589 4.0194297
193 -3.6741362 -1.7110686
212 -1.4286001 3.7358902
124 -1.3646312 4.2266293
9 -1.9738083 0.90948814
15 -2.0553217 0.805253
229 -1.9018843 1.1417118
103 -1.3594495 3.7484457
139 -3.9845073 -1.8561897
151 -2.0403595 0.6772695
149 -2.0739098 0.68069565
259 -3.7081192 -1.6859109
131 -3.4610317 -1.433032
136 -3.8809712 -1.7882142
280 -2.0399492 0.64262027
274 -1.8964887 1.1655754
215 -1.4168812 3.4411707
222 -3.6948419 -1.6899449
134 -2.0700104 0.7390556
290 -1.3779199 3.262464
101 -1.982058 0.84091586
31 -1.3476354 3.719223
97 -2.08664 0.6169473
121 -1.9139655 1.0967884
255 -1.8858671 1.1524031
208 -3.681828 -1.6549709
228 -2.1004338 0.80403566
294 -3.540039 -1.4637636
3 -1.3715266 3.999157
25 -3.8061268 -1.774093
178 -3.0171316 -1.0048267
95 -3.9054372 -1.7564802
88 -1.3630933 3.691205
202 -4.017894 -1.9597535
126 -2.0131197 0.85497564
62 -3.792555 -1.7429054
226 -1.3854878 3.933085
158 -1.3550695 3.6889648
211 -1.965529 0.8995561
177 -2.0097125 0.86620295
113 -1.8712128 1.1096742
17 -1.317791 3.7501738
188 -2.2297158 0.45845935
281 -2.1188126 0.6871292
125 -1.3356844 3.3603852
288 -3.5908432 -1.5072879
49 -1.9478722 1.0343357
112 -3.4791286 -1.4788295
67 -1.3725629 3.9388185
68 -1.3537146 3.66727
72 -3.2472727 -1.1819873
85 -3.521371 -1.4761503
87 -2.0068326 0.9472977
110 -3.090221 -1.0024233
247 -1.4052888 3.2883427
157 -3.6333065 -1.5903004
176 -1.375807 3.1173496
57 -2.0409412 0.81720346
271 -1.343881 3.9268234
236 -1.3246421 3.345328
284 -3.4290006 -1.3668743
32 -3.5710926 -1.527939
58 -3.9694142 -1.8733225
46 -1.4153523 4.3950934
92 -1.4137148 4.4061227
50 -3.2946293 -1.2958775
248 -4.007988 -1.9731131
252 -2.1246605 0.5205112
73 -2.0200937 0.7106336
100 -1.3679413 3.7488284
135 -3.253474 -1.2320685
137 -1.4200727 3.3743901
165 -3.504286 -1.4488368
250 -3.5228994 -1.5122695
5 -1.8449216 1.1237043
141 -3.6044176 -1.5344388
220 -3.713329 -1.6870145
40 -3.690185 -1.6472254
156 -1.3491429 3.3968213
48 -3.967772 -1.9636484
109 -3.9291573 -1.9314994
273 -3.6211464 -1.5244712
61 -2.0865383 0.74554986
71 -2.029859 0.8381281
238 -1.3179532 4.022351
268 -1.4156446 4.2374496
82 -3.2948432 -1.2569174
96 -1.327326 3.5984335
114 -2.0455077 0.7788749
120 -3.5544384 -1.5388116
169 -1.3651001 3.6454759
175 -1.9664695 0.85935855
205 -1.3802998 3.182204
99 -1.3402073 3.6489725
2 -3.558871 -1.555681
21 -1.3995546 3.699403
23 -2.0869205 0.6470314
24 -1.3681847 3.8240557
27 -3.6464438 -1.6109838
128 -2.015525 0.85498405
192 -3.357564 -1.3235087
161 -2.0915322 0.69534355
209 -3.5039868 -1.5330756
197 -1.3806807 3.788291
299 -1.3717284 3.704334
19 -1.3929619 3.9271533
287 -3.4155614 -1.4117224
203 -3.6117506 -1.576307
38 -1.3844831 3.7507668
199 -2.0217652 0.97903275
115 -1.4095283 3.8372366
201 -2.0775313 0.71573937
163 -2.0613303 0.7398909
198 -3.165703 -1.1364744
206 -3.4283092 -1.4242169
216 -3.640515 -1.6244123
200 -1.4517462 3.8023667
283 -1.353463 3.919896
33 -1.8456581 1.141629
142 -1.3785251 4.127468
254 -3.561475 -1.5362972
75 -3.171993 -1.1092978
225 -1.3955112 3.6996894
144 -1.3239713 3.8549752
171 -2.0586305 0.76807785
207 -1.3236953 3.8908024
258 -1.959228 0.9637913
28 -3.485381 -1.4345138
39 -2.0537565 0.9626585
43 -2.0241728 0.91589844
292 -3.4922671 -1.468008
65 -3.3293557 -1.2993835
167 -1.3964633 3.7045708
118 -1.4235808 4.225143
253 -2.0345473 0.81508446
245 -3.3248007 -1.2801839
262 -2.0735517 0.67528397
266 -2.0885103 0.68074816
145 -3.816285 -1.7628566
74 -3.1370442 -1.0681955
230 -1.3923745 3.5164075
51 -3.5340009 -1.4548377
90 -3.5614443 -1.5022881
235 -1.4009995 3.6438813
182 -3.796437 -1.6970284
239 -1.3763205 3.687325
130 -1.3526977 3.5637608
29 -3.4361522 -1.390202
34 -1.8568592 1.2325819
164 -3.8977547 -1.8656269
79 -3.7627158 -1.6782415
227 -1.3632652 3.5021377
106 -1.4076892 3.396618
217 -1.3935293 3.859815
272 -1.4108788 3.3730438
183 -1.9953105 0.9369823
218 -1.9482875 0.97370255
219 -3.7333684 -1.6834216
221 -3.6789048 -1.6867
223 -3.8765347 -1.7969627
263 -2.0615535 0.7835187
0 -1.3651793 3.742201
1 -3.8008082 -1.829861
181 -3.470505 -1.4660177
11 -2.051786 0.75234306
84 -1.3186101 3.5823755
146 -3.9282298 -1.8430643
132 -1.3295667 3.7844033
69 -1.3955916 3.514372
261 -3.8215587 -1.740854
10 -1.3804609 3.8846266
196 -1.3986541 3.9720104
117 -1.9915094 0.7872453
278 -1.3545254 3.6057343
204 -3.4100478 -1.4499016
133 -3.378486 -1.4637557
173 -2.0218406 1.00628
184 -3.5730639 -1.5268756
277 -1.9472982 0.92328715
286 -1.3493447 3.6581147
26 -1.4073569 3.4309785
185 -3.8361542 -1.8156788
93 -1.3455884 3.8270526
166 -1.3259022 3.775398
123 -1.4062083 3.4885972
59 -3.5808873 -1.5458565
98 -3.2929668 -1.2950697
297 -1.3537797 3.9490361
179 -1.3758905 3.3159637
52 -2.0938115 0.68610805
186 -2.0394752 0.85129213
150 -2.2181501 0.46728897
240 -2.236964 0.4551179
257 -1.2912676 4.0338955
60 -2.128068 0.6278765
66 -1.3441799 4.022699
172 -3.8746989 -1.772649
154 -4.095998 -1.9542881
159 -1.3793275 3.4505467
160 -3.5979543 -1.498633
191 -1.3985702 3.7377827
44 -3.3303936 -1.426054
285 -1.3863647 4.078264
138 -1.3801421 3.3050225
143 -1.4079797 3.2549236
140 -2.1010752 0.531642
264 -3.8278577 -1.7082165
293 -2.0953996 0.7174627
102 -1.9844776 0.8784336
249 -3.6406307 -1.6874508
