300 2
8 -2.101725 0.63424623
108 -2.0145078 0.85023934
56 -1.991127 0.9091057
82 -3.545243 -1.5003082
20 -1.3569381 3.8419707
155 -3.924881 -1.7506118
4 -1.2312834 3.8346841
53 -1.3779328 3.3703272
66 -1.2390997 4.0127406
174 -2.1146245 0.5577119
221 -3.6951318 -1.5317241
187 -3.6601086 -1.439732
233 -2.0338032 0.6753349
247 -1.3447559 3.5855958
189 -1.2520225 3.1519904
114 -2.2043028 0.43264
209 -3.427334 -1.2976608
128 -2.0476012 0.78122705
292 -3.5922363 -1.5346948
35 -2.1001146 0.6466659
111 -3.5458047 -1.3952583
158 -1.3617059 3.7021396
194 -2.0480292 0.8941771
129 -1.8987951 0.9750692
269 -3.2448614 -0.9858541
236 -1.3060653 3.1999314
234 -1.8891795 1.0962697
78 -1.2716215 3.9122155
83 -1.9506328 0.9857586
123 -1.2756741 3.72084
105 -3.147626 -0.92655665
125 -1.2426705 3.6079767
159 -1.259556 3.9830804
11 -1.9166887 1.0233603
17 -1.2780719 4.025463
73 -1.9625765 0.9124373
21 -1.2906543 3.7575321
80 -1.282889 3.895175
237 -1.3086569 3.4752307
38 -1.3036363 3.4012394
252 -2.1753268 0.5764396
115 -1.3199009 3.9768498
104 -1.9432403 0.9127712
289 -3.6100132 -1.4182998
3 -1.2873205 3.8955853
7 -1.2650657 3.749838
274 -1.952562 0.98125064
144 -1.3200015 3.941988
32 -3.6889439 -1.6248085
297 -1.2484602 3.6882014
85 -3.7013185 -1.4853563
293 -1.9621987 0.8924444
273 -3.6632726 -1.4726403
229 -1.7753209 1.2998155
219 -3.591559 -1.3585639
228 -1.9475673 0.9971506
248 -4.182942 -1.9339862
16 -3.62176 -1.4519305
49 -1.9249222 1.0006905
253 -2.0520158 0.8192993
86 -3.4374034 -1.2430464
107 -1.9956951 0.9257801
120 -3.4262202 -1.3032908
6 -1.9673729 0.8961481
242 -1.9654864 0.9028698
286 -1.2640251 3.7079842
262 -1.9880741 0.9067533
160 -3.7496266 -1.5387985
265 -1.2963041 3.6839058
178 -3.347427 -1.2779893
188 -2.0675416 0.76192325
261 -3.5513055 -1.3549651
132 -1.3327786 3.556298
256 -2.0651355 0.67713666
36 -1.2352066 3.906452
145 -3.7434428 -1.6203985
87 -1.9726996 0.9478202
164 -4.0601864 -1.8573477
99 -1.3343441 3.5528216
168 -3.8155315 -1.6223116
163 -2.1469114 0.62456226
212 -1.3461144 4.199305
0 -1.3200977 3.7514946
134 -1.8281691 1.1669759
33 -1.8609202 1.2314672
224 -3.8929007 -1.6378645
60 -2.161813 0.6136995
147 -2.0398688 0.7164016
161 -1.9551948 1.0765505
65 -3.5463433 -1.4604114
284 -3.5152812 -1.3823105
250 -3.733066 -1.6095904
136 -3.9684021 -1.7789875
213 -2.109107 0.5683278
139 -4.0106115 -1.7651631
146 -3.9051628 -1.8020957
290 -1.2486573 3.4115307
218 -1.9269807 0.90596646
9 -1.9550779 0.9105844
225 -1.2991424 3.650325
31 -1.266061 3.724621
37 -3.907332 -1.6484466
42 -1.3403794 3.6722648
200 -1.2755672 4.085224
214 -1.9241312 1.0722312
75 -3.3611135 -1.2271231
255 -1.9789776 1.0336281
241 -2.090469 0.7933689
205 -1.2723075 3.5189376
14 -3.4843576 -1.3098298
182 -3.4707355 -1.3077353
50 -3.2689383 -1.146062
67 -1.257263 3.8356543
299 -1.3260473 3.780906
124 -1.2505403 4.1376705
276 -2.0555394 0.73983526
127 -2.0618172 0.76826286
44 -3.2369561 -1.082277
25 -3.5817761 -1.4636142
47 -1.3113724 3.3608515
93 -1.3254822 3.356738
148 -3.7601397 -1.553586
295 -3.4627323 -1.3209033
126 -1.9466571 0.9075293
166 -1.2819709 3.7837918
208 -3.8308856 -1.5935876
232 -3.6818106 -1.455975
13 -1.9795849 0.91251606
271 -1.2716545 3.672819
185 -3.5647902 -1.5172769
84 -1.2779382 3.7168689
113 -1.9415073 0.95394707
223 -3.986209 -1.74973
277 -1.8862373 0.91728574
10 -1.2858967 4.1959205
92 -1.3399292 4.291477
15 -2.0243661 0.81015426
23 -1.976305 0.98873395
167 -1.3092372 3.7264118
39 -1.9886156 0.8651765
52 -1.9739138 0.92102027
45 -1.2376187 3.6712718
121 -2.1218445 0.6870613
71 -1.909952 1.0558478
77 -1.3170513 3.384602
88 -1.305553 3.716412
97 -2.0198128 0.7583761
109 -3.987573 -1.7735598
133 -3.5680726 -1.4276549
198 -3.1417098 -0.990684
192 -3.591592 -1.5010378
202 -4.3654227 -2.0554786
245 -3.5824108 -1.4372381
5 -1.7565663 1.4657953
12 -1.9333841 0.962542
175 -1.9045486 1.0719887
69 -1.3227086 3.7599525
215 -1.2710469 3.767816
149 -1.892429 1.0723927
157 -3.6964808 -1.4870905
190 -1.8893245 1.1632588
278 -1.2757161 3.7928538
298 -1.9376286 1.0096049
246 -1.3281065 3.9429023
100 -1.2804351 4.252885
19 -1.3213004 3.762022
268 -1.265649 4.158711
216 -3.7115326 -1.6097951
51 -3.50721 -1.3694692
275 -2.0511608 0.8692169
184 -3.9082766 -1.7205366
177 -2.0534642 0.76326567
176 -1.2407143 3.5479088
119 -1.3338338 3.6594932
181 -3.207464 -1.0866605
140 -1.9733738 0.9421196
150 -2.1398604 0.6472434
110 -3.5116818 -1.3602028
18 -1.9421506 1.0361893
122 -1.2691128 4.079814
29 -3.345554 -1.3189852
95 -4.010417 -1.8312459
291 -1.9784076 0.9159385
62 -3.5607424 -1.3245839
220 -3.6509337 -1.5472416
258 -2.0369444 0.73313797
260 -3.9865959 -1.8534861
96 -1.2957908 4.078156
106 -1.3642372 3.48234
141 -3.7845173 -1.6129051
280 -2.0209165 0.7991522
138 -1.2539366 3.6687837
152 -3.7811232 -1.659714
207 -1.2957817 4.054117
281 -1.9935126 0.89678353
173 -2.0598292 0.8030258
63 -2.0016086 0.7783444
131 -3.5834086 -1.4245156
22 -1.2925671 3.731375
272 -1.3586193 2.9669936
266 -1.9672216 1.0131277
170 -2.007861 0.7993741
79 -3.8349793 -1.6043882
211 -2.0049193 0.86167943
117 -2.0936267 0.7027443
267 -3.3360403 -1.1430458
197 -1.2943095 4.078259
165 -3.401933 -1.2612864
195 -1.322911 3.1432729
238 -1.2806469 3.6379244
226 -1.3111256 4.16834
103 -1.2683173 3.9181678
206 -3.3112667 -1.2598234
230 -1.2162881 3.5023923
41 -1.2530662 3.8674517
43 -1.9552206 1.0049751
251 -1.2788898 4.106517
91 -1.8441333 1.329194
130 -1.2954679 3.7517138
180 -2.0311227 0.7494483
244 -2.1726952 0.6081988
48 -3.940962 -1.7516576
191 -1.2922618 3.656828
179 -1.2978228 3.6690803
143 -1.2901218 3.7636116
154 -3.7534814 -1.5691682
169 -1.2597812 3.8814008
2 -3.6286316 -1.44979
196 -1.294832 3.7381394
89 -1.8645476 1.1691215
58 -4.02186 -1.7920685
76 -1.3183484 3.9803436
94 -1.9034538 0.95046103
240 -2.216239 0.45435762
231 -1.8366293 1.0905384
210 -1.2638732 3.7461302
294 -3.8196814 -1.6640867
59 -3.6090825 -1.465945
283 -1.2867836 3.7628565
227 -1.3039036 3.6720557
186 -2.141842 0.63661426
46 -1.3252586 4.35979
57 -2.1228652 0.64359707
61 -2.074017 0.733532
151 -1.9414905 0.93533456
287 -4.0144777 -1.8006577
235 -1.2668797 3.9773877
90 -3.3527832 -1.2537515
98 -3.6046946 -1.5221536
112 -3.6033816 -1.466698
28 -3.5634596 -1.3962888
153 -3.386085 -1.2956831
101 -2.0518818 0.7614192
171 -2.0153658 0.8530568
201 -2.0018842 0.72323495
137 -1.2834464 3.5473638
1 -3.5609386 -1.4042608
243 -1.8975457 1.0743462
288 -4.012499 -1.8472015
55 -2.0817194 0.7101411
193 -3.7556963 -1.4485714
68 -1.2982804 3.3358665
263 -2.0196204 0.7779113
203 -3.8863685 -1.6493183
264 -3.9114313 -1.7734698
135 -3.263865 -1.0686136
259 -3.5042398 -1.4623915
285 -1.3552873 4.0285044
282 -2.079778 0.6476505
239 -1.2860047 3.706372
24 -1.2466446 3.5254548
279 -2.0784862 0.69432896
54 -3.686568 -1.4783782
204 -3.4632714 -1.2788725
249 -4.0411825 -1.8571104
40 -3.6549773 -1.5445954
64 -3.6412814 -1.4462142
74 -3.6522722 -1.4996024
116 -1.3254389 3.571352
102 -1.9740108 0.9277594
142 -1.3283056 3.984957
296 -3.4849885 -1.3586332
183 -1.962553 0.9236323
27 -3.600742 -1.4547535
70 -1.2679328 3.9027102
270 -3.8676088 -1.7369716
222 -3.7050138 -1.5525371
217 -1.2977761 3.8313599
26 -1.3223128 3.2235239
162 -1.9717748 0.9568252
199 -1.966702 1.0047922
257 -1.3098903 4.2699633
34 -1.9661949 1.1508706
254 -4.0266376 -1.6838123
172 -3.82079 -1.6841797
72 -3.3028212 -1.1517365
81 -1.2746029 3.7882254
30 -1.2519389 3.8276937
118 -1.2967192 3.934796
156 -1.2623875 3.5219367
