51 2
32 -2.5209427 -2.2184541
29 -1.9459505 -2.558815
35 -2.6495883 -2.0028138
39 -2.8797908 -1.944364
30 -2.013489 -2.6042264
1 -1.9973274 -2.6007528
31 -1.8304712 -2.8055952
9 -2.0225945 -2.3974512
33 -1.9707626 -2.8168252
26 -2.0741372 -2.7785192
16 -1.8907527 -2.5694017
28 -2.8724005 -1.9413645
13 -2.5317879 -1.9988923
47 -1.8714683 -2.7147453
36 -2.6094606 -1.8675027
37 -2.2761738 -2.576316
27 -2.0425074 -2.554982
23 -2.9317634 -1.9856296
43 -1.7292266 -2.6695492
0 -2.2611575 -2.5559812
50 -2.8164537 -1.9615909
4 -2.768287 -1.7978144
22 -2.0510383 -2.49064
19 -2.8445184 -2.0446742
24 -3.0333765 -1.8846698
11 -2.4096441 -1.9747399
46 -2.0628192 -2.5386765
48 -2.073651 -2.6392398
15 -2.572725 -1.9550372
21 -1.950489 -2.4297569
44 -1.9852828 -2.5952537
45 -2.1004968 -2.308133
12 -2.4826086 -1.8668345
17 -1.9716215 -2.6089582
49 -2.7061505 -1.9244056
20 -1.7783058 -2.6301208
6 -2.5622737 -2.040998
8 -2.0997405 -2.3093922
38 -2.1096592 -2.4278736
3 -2.0404246 -2.4686599
10 -2.555062 -1.7128004
18 -2.0600493 -2.447485
34 -2.0290358 -2.521993
14 -2.5280864 -2.0164313
41 -1.8919982 -2.6107898
5 -2.0540364 -2.3518057
42 -1.9545153 -2.5463343
2 -2.5360951 -1.9263846
25 -2.5389273 -1.9385374
40 -2.2756274 -2.3300676
7 -2.053836 -2.3505464
