30 2
29 4.6047816 3.5379486
7 4.039965 3.506544
20 -1.690818 5.2328024
4 -2.3673918 5.745261
3 1.4723119 4.0560665
10 4.206122 3.5425231
1 5.7139616 3.4389708
6 4.9248476 3.4005353
5 1.4687358 3.907925
25 5.123948 3.507644
24 1.3904339 4.08935
11 1.1310697 4.0729623
23 -2.750629 5.911892
2 -2.2031066 5.689366
14 -2.5633311 5.9188824
12 4.988467 3.4164813
15 5.5951996 3.578854
21 2.412486 3.857355
13 2.374231 3.7823758
16 0.80755067 4.302943
28 -1.5595033 5.175154
26 5.203087 3.3034492
17 -2.0442922 5.537662
18 -1.5164269 5.0309877
0 0.583725 4.254632
22 4.217922 3.4349723
27 1.750811 3.9038398
19 -3.0090425 6.204644
9 0.76059604 4.2836766
8 -1.6324778 5.106
