30 2
7 3.4505796 4.0225234
2 -3.1404617 5.411403
29 3.9351573 4.1317635
1 4.953622 4.2510495
3 0.80243236 4.185953
4 -3.1525471 5.2391863
5 0.9239474 4.1050997
6 4.4639764 4.109109
12 4.7310066 4.220425
20 -2.258987 4.970179
14 -3.348634 5.4118147
0 -0.022839373 4.2358174
23 -3.641051 5.634886
18 -2.2743385 4.813607
11 0.53520674 4.1967764
15 5.00226 4.326095
24 0.9400112 4.194369
22 3.4911988 3.999131
8 -2.4431698 4.9053073
16 0.23969583 4.396159
26 4.5921335 4.108615
21 1.6816658 4.190494
9 0.2045415 4.344983
10 3.7927272 4.097895
19 -3.739327 5.63596
25 4.9212337 4.2663407
17 -2.8795636 5.2242765
13 1.8052024 4.0795135
27 1.1880486 4.168942
28 -2.6277275 5.0387163
