30 2
29 4.338159 3.62804
7 3.9528792 3.5420492
20 -1.8449081 5.299701
4 -2.3973575 5.629124
2 -2.3825545 5.762298
25 5.0497365 3.5018296
0 0.577114 4.252534
14 -2.631488 5.7657046
3 1.4234177 4.0215507
18 -1.7444096 5.1458154
21 2.2738156 3.8770034
10 4.220272 3.5736167
5 1.5268618 3.950903
24 1.4407884 4.056731
15 5.51706 3.6330042
6 4.9095373 3.451286
8 -1.828801 5.198207
12 5.018701 3.6013951
22 4.195762 3.5248342
9 0.63009316 4.29449
1 5.622532 3.6094325
11 1.1682911 4.1872444
23 -2.8654304 5.848243
28 -1.8536994 5.2394223
26 5.231405 3.4492335
16 0.68707824 4.332345
19 -3.1119409 6.169347
27 1.6551087 3.9635956
17 -2.161085 5.473467
13 2.3727915 3.7890868
