30 2
8 6.1102414 -2.4266973
16 3.8907542 1.6865062
7 3.5730782 2.1415374
1 3.4170692 5.229939
10 5.344703 -1.3486648
21 3.4392824 4.8171086
22 3.6485991 1.7343477
11 3.5346627 6.0569425
13 5.4261675 -1.5244191
14 3.7814322 1.9059833
26 3.6216187 2.2709384
27 3.4770706 6.221452
3 3.4010077 4.3746696
4 3.970684 1.009983
18 3.7887228 1.3240675
20 4.0573754 0.8525859
23 6.848004 -3.3080306
15 3.9443164 1.28936
17 3.8931015 1.3638002
28 5.979508 -2.2970247
12 3.6542933 6.429473
24 3.3886826 4.730493
6 6.296919 -2.6640337
19 5.305851 -1.4786018
2 3.7077749 6.530012
0 3.46007 4.7150836
25 6.244925 -2.5616984
9 3.479663 4.7010036
29 6.9435873 -3.208785
5 6.397561 -2.6785502
