30 2
1 2.9025142 5.6633406
19 5.5540395 -1.040096
4 3.8469667 1.3464521
16 3.625591 1.9859136
22 3.6235678 1.9231371
15 3.8637168 1.6060171
8 6.4351134 -1.9638603
21 3.0575888 5.036825
7 3.4192233 2.5094686
11 2.9701393 6.2487125
20 3.9546359 0.98210967
25 6.3235383 -1.8641121
5 6.6463747 -2.19826
18 3.686628 1.5608451
6 6.373092 -2.0913806
10 5.5080166 -0.97374046
3 3.0529518 4.708141
28 6.1818266 -1.7626168
0 2.9409318 4.8497634
14 3.5346587 2.3431096
27 2.975022 6.3921313
17 3.8331902 1.7238134
12 2.9569972 6.6054554
2 3.0283902 6.9147696
26 3.4196572 2.5028663
13 5.3858156 -0.93919736
23 7.1059155 -2.5547652
29 7.13849 -2.5965254
24 2.9645782 4.9457655
9 3.0385597 5.080669
