30 2
14 -3.3278928 5.4311223
29 3.9119387 4.228819
5 0.95821416 4.0654545
20 -2.247994 4.9178596
7 3.370474 4.0028844
2 -3.0547519 5.413547
3 0.75869143 4.1811466
0 -0.0065727187 4.2558494
8 -2.432563 4.8631387
18 -2.257525 4.828787
10 3.780939 4.0278482
25 4.872845 4.2672615
23 -3.6141999 5.627189
4 -3.0892282 5.237087
21 1.7073667 4.216519
11 0.5720359 4.198172
1 5.013701 4.243796
12 4.8044724 4.193559
6 4.4700727 4.071221
16 0.24610068 4.390822
22 3.5296278 3.9946918
17 -2.8629017 5.3053603
26 4.6220193 4.081881
19 -3.7134387 5.5899134
24 0.9049661 4.2164183
28 -2.58354 5.033448
15 4.954751 4.2738504
13 1.8299737 4.0981703
9 0.20671363 4.356059
27 1.1720175 4.1458044
