30 2
15 3.7973747 1.6158662
21 3.150625 4.988874
26 3.42509 2.7127948
17 3.7655027 1.8083118
22 3.7025423 1.7206318
10 5.419784 -1.1548392
7 3.4747663 2.4537075
8 6.3116045 -2.06483
1 3.047076 5.5308986
18 3.6887696 1.5340527
16 3.6699793 1.8054559
25 6.3630934 -2.0737188
28 6.1752453 -1.9743105
19 5.590095 -1.3624331
12 3.060092 6.6237187
23 7.106252 -2.657153
14 3.5669258 2.293399
6 6.354334 -2.090246
11 3.0370104 6.155138
2 3.1532545 6.8345437
4 3.8316143 1.4427117
24 3.11569 4.964441
0 3.1162312 4.7471514
3 3.0475771 4.6152864
27 3.121358 6.2307873
13 5.383719 -1.2380627
20 4.035815 0.944179
9 3.037598 5.0298223
5 6.4292645 -2.1147997
29 7.199454 -2.8039622
