300 2
147 -2.1452198 0.6577932
205 -1.2974105 3.748108
127 -2.0421035 0.8898587
211 -1.9101093 0.9460709
124 -1.3089979 3.8393307
83 -1.9520953 0.92989326
5 -1.9276053 1.0263755
33 -1.8326492 1.240542
174 -2.1211803 0.68536264
135 -3.4774215 -1.3641018
233 -2.0430028 0.759557
97 -2.1077268 0.65995044
246 -1.2587128 3.907913
237 -1.3362755 3.4606366
64 -3.6733193 -1.4793558
149 -1.9810055 0.8379577
198 -3.3370717 -1.2229275
115 -1.3008342 3.703941
94 -1.9862672 1.0019561
105 -3.32478 -1.151175
278 -1.3174487 3.9247851
212 -1.2733055 3.70853
27 -3.613425 -1.4254819
131 -3.382762 -1.3300294
54 -3.713303 -1.6055458
132 -1.330455 3.7940097
22 -1.3287493 3.5451298
258 -2.0307362 0.83893746
225 -1.32733 3.5225089
153 -3.5715463 -1.3441591
108 -1.9787931 0.9495259
118 -1.2729839 4.139476
188 -2.0121822 0.8147504
41 -1.3124751 4.0708213
67 -1.3574402 3.564413
189 -1.2844349 3.4517717
136 -3.9498994 -1.7434899
159 -1.2824563 3.922269
252 -2.202125 0.45554924
276 -2.0471332 0.7593775
4 -1.3019421 3.5725677
9 -1.8549948 1.212002
109 -3.7760596 -1.6911037
144 -1.2576147 3.8779688
161 -2.0478632 0.8512114
294 -3.537654 -1.3838966
275 -2.0713525 0.7049475
72 -3.2704751 -1.2463365
273 -3.5661705 -1.4341295
260 -3.8113902 -1.6856207
239 -1.3690786 4.00251
146 -3.7537587 -1.5762137
227 -1.2781968 3.3351722
280 -2.1425903 0.55123556
129 -1.9303405 1.0095817
110 -3.2325945 -1.0718882
76 -1.3565751 3.7375906
213 -2.0780365 0.775397
238 -1.3016008 4.0033507
282 -2.0459473 0.6499736
56 -2.0873094 0.7012061
215 -1.3270829 3.7963195
196 -1.3417598 3.8160264
130 -1.2545367 3.990722
176 -1.2625495 3.3982234
228 -1.9119933 1.0326025
231 -1.9707117 0.8330434
1 -3.5763772 -1.4727439
16 -3.6902952 -1.6080073
199 -1.965571 1.0588944
23 -2.0065904 0.8331257
32 -3.5038533 -1.38269
55 -2.056336 0.73412514
20 -1.3032188 3.6788757
201 -2.070837 0.73209876
95 -4.074525 -1.8550038
295 -3.4841182 -1.3418212
256 -2.1345603 0.54405445
3 -1.3656384 3.742342
222 -3.6004057 -1.3826648
49 -2.0168586 0.9563056
15 -1.9112189 1.0803869
272 -1.2855539 3.2444282
78 -1.3033328 3.812935
80 -1.3479668 3.9959679
61 -2.0830283 0.7170171
29 -3.697784 -1.501758
255 -2.0575674 0.78024215
184 -4.0488577 -1.8431635
293 -2.0119107 0.8049412
270 -3.6745536 -1.5142895
77 -1.3337407 3.3877466
89 -1.8872749 1.253585
297 -1.2684454 3.696186
114 -2.2990012 0.32589808
119 -1.2754169 3.5391047
194 -2.0299585 0.8593164
0 -1.319862 3.763018
6 -2.0891192 0.6620215
12 -2.0126317 0.9096721
34 -1.8642449 1.1816423
63 -2.0569997 0.9017863
158 -1.3106658 3.6316636
93 -1.2794933 3.5342846
208 -3.6242523 -1.5969846
99 -1.3613378 3.9433272
128 -2.0416744 0.84964263
126 -1.9786731 0.8870615
165 -3.659039 -1.5059564
104 -1.9799626 0.8642069
138 -1.2519336 4.069872
50 -3.0613956 -0.9560548
51 -3.4240725 -1.3109672
269 -3.4249923 -1.2501487
155 -3.9658084 -1.8025076
163 -2.0371115 0.77011216
221 -3.551418 -1.410932
210 -1.3246852 3.6798892
263 -2.0490477 0.7819518
140 -2.0507135 0.7028011
25 -3.7228734 -1.5844033
283 -1.2895557 3.6319144
266 -2.08573 0.7669466
248 -3.7710252 -1.7202865
60 -1.9958162 0.91353196
100 -1.3132308 3.6985168
271 -1.2761697 4.006749
87 -2.024991 0.7188163
98 -3.4807348 -1.3589568
151 -2.0046613 0.82801986
133 -3.4203386 -1.2545121
254 -3.9011557 -1.72112
169 -1.326387 3.4454637
291 -2.051564 0.7492143
170 -2.0179057 0.80957323
8 -1.9749604 0.854857
86 -3.4102268 -1.3054008
28 -3.5408223 -1.3850901
46 -1.3071624 4.5012956
289 -3.7100968 -1.5615155
69 -1.3475252 3.5231078
71 -1.9289733 0.94848514
195 -1.3404331 3.267519
82 -3.5628319 -1.4759343
206 -3.5516446 -1.437199
101 -2.033181 0.7537608
157 -3.7147439 -1.5319302
262 -1.9878371 0.8332518
265 -1.3042744 3.439549
298 -1.9833419 0.9267228
242 -1.9202858 1.0331246
42 -1.3368835 3.8106146
236 -1.2933909 3.2434568
52 -2.0403402 0.8426294
58 -3.9238038 -1.7471033
299 -1.3645563 3.676683
81 -1.3032465 3.7910042
152 -3.484234 -1.3829663
102 -2.0053527 0.8787359
234 -1.9035364 1.0898201
139 -3.932065 -1.7619103
150 -2.2396097 0.4997622
217 -1.3350763 4.151995
292 -3.801508 -1.614025
226 -1.2860765 3.8174584
145 -3.94508 -1.762189
290 -1.351509 3.4008405
44 -3.3252723 -1.2685007
36 -1.3130682 3.8889563
68 -1.3364636 3.3626418
111 -3.4194956 -1.3268484
120 -3.5614712 -1.4729738
30 -1.3109604 3.241988
125 -1.2606015 3.7406163
261 -3.6281965 -1.5224396
113 -1.9989442 0.86523104
53 -1.3460106 3.5471613
250 -3.8578315 -1.649475
218 -1.856576 1.1105602
106 -1.3025209 3.587102
193 -3.5301473 -1.4059198
245 -3.6669505 -1.498638
18 -1.8296576 1.191027
253 -2.0254169 0.8406925
162 -1.8630389 1.211501
66 -1.3095775 4.067527
75 -3.373051 -1.3255554
230 -1.3431159 3.1409142
187 -3.5953429 -1.4201022
103 -1.2962881 3.665097
207 -1.3398877 4.03117
191 -1.2746716 3.9422731
287 -3.8961582 -1.7329351
235 -1.3269957 3.5568943
173 -2.0629435 0.84548086
167 -1.3490454 3.4949477
35 -2.1605284 0.57396364
180 -2.1220045 0.5768409
112 -3.4971645 -1.4370471
200 -1.2822535 4.2137804
279 -2.0025594 0.88446236
154 -4.082902 -1.9374816
166 -1.3657371 3.8564737
274 -1.8232108 1.3193946
2 -3.68641 -1.5090559
13 -2.0537922 0.82990104
14 -3.6083775 -1.5128146
19 -1.3589776 3.5250523
117 -2.1028073 0.6701653
26 -1.3419238 2.9894428
31 -1.3160213 3.6001308
288 -3.7674224 -1.6473277
219 -3.3915095 -1.3074409
259 -3.6637414 -1.590549
267 -3.420663 -1.2145233
79 -3.765408 -1.6097618
57 -2.034116 0.80283576
240 -2.2127514 0.37001202
88 -1.3751507 3.2410219
244 -1.9878742 0.9693021
116 -1.3247105 3.5729015
148 -3.687906 -1.447152
209 -3.3893993 -1.2826223
249 -3.846 -1.6321644
21 -1.3926889 3.5777001
24 -1.2703099 3.8080568
241 -1.9459156 1.0558498
74 -3.5574365 -1.4628788
45 -1.2642026 3.5409489
48 -3.7829454 -1.577624
59 -3.7782326 -1.7101766
202 -4.166824 -1.9520919
91 -1.9001607 1.1667478
121 -2.0396693 0.8838925
224 -3.817912 -1.666833
164 -4.017075 -1.8233925
203 -3.798206 -1.5879543
7 -1.3135756 3.4977229
175 -1.9298512 1.0732471
160 -3.856327 -1.7175473
143 -1.3345494 3.534383
285 -1.2882987 3.7459006
107 -1.9639252 0.93127847
134 -2.0061545 0.89755327
142 -1.3347266 3.971288
178 -3.1954088 -1.1024816
216 -3.6487677 -1.5997193
264 -3.7273197 -1.6305755
296 -3.5828187 -1.4990112
17 -1.2973089 4.1572113
38 -1.2748029 3.7823303
40 -3.8474598 -1.6552027
85 -3.567714 -1.4364326
90 -3.6405852 -1.5473019
183 -1.8542094 1.1444577
190 -2.0294478 0.8273013
47 -1.2787147 3.2227578
181 -3.690819 -1.4942739
229 -1.8992716 1.3186153
284 -3.354671 -1.3490819
214 -1.8901702 1.0436726
168 -3.7509844 -1.5312598
277 -1.7896519 1.1976084
257 -1.2922409 4.3671913
10 -1.3078594 3.936107
186 -2.055933 0.89091396
268 -1.3201913 4.010329
243 -1.9546955 0.88722676
286 -1.3037646 3.6036398
247 -1.3228482 3.4542964
192 -3.2779803 -1.1573505
37 -3.6812482 -1.5852454
43 -1.9938723 0.8610725
65 -3.3079343 -1.2531093
73 -1.9834014 0.9096918
137 -1.3116122 3.5571918
172 -3.777201 -1.582087
141 -3.6316748 -1.4260718
70 -1.226702 3.7579002
39 -2.1646307 0.6266498
96 -1.2762903 4.088295
251 -1.3028224 3.706552
171 -2.0298011 0.9651701
185 -3.9527683 -1.7894391
62 -3.719874 -1.5655569
123 -1.3909394 3.8649895
156 -1.3055263 3.6754706
182 -3.4951246 -1.4028876
223 -4.0551424 -1.9768677
232 -3.682808 -1.5328178
177 -2.0634525 0.7072675
84 -1.25023 3.5495687
122 -1.28379 4.402142
179 -1.339947 3.5614748
197 -1.352118 3.880173
92 -1.3512286 4.4715686
220 -3.7435112 -1.5720949
281 -2.000753 0.9132322
11 -2.0430784 0.7426731
204 -3.6323943 -1.5831989
