30 2
22 3.6160474 1.9021044
4 3.8472505 1.3707886
21 3.0455027 4.981528
16 3.6659772 2.0014033
8 6.4088264 -2.0474305
17 3.8481915 1.6618108
27 2.945983 6.385629
19 5.562395 -1.0745443
23 7.148723 -2.6086009
7 3.3857174 2.510505
15 3.8636892 1.5860475
26 3.372257 2.4963121
28 6.232169 -1.7228812
10 5.448938 -0.92609304
12 2.933583 6.6477814
14 3.5705245 2.3500774
18 3.7237275 1.5069287
6 6.388679 -2.059637
20 3.9798005 1.0442412
25 6.3192105 -1.8169262
13 5.427532 -0.9807551
11 2.9648032 6.2491727
1 2.9382775 5.6058364
2 3.1033034 6.8990583
3 3.0624723 4.6943
9 2.9618518 5.1535034
0 2.9633715 4.8218627
5 6.6034007 -2.1757653
29 7.1205387 -2.5434115
24 2.9715414 4.9476743
