30 2
7 4.0506997 3.4684792
5 1.4951385 3.832524
29 4.583677 3.5749605
14 -2.5600636 5.9235897
6 5.0242558 3.4161053
2 -2.2020829 5.7134876
24 1.3797866 4.0494127
0 0.63530344 4.2524223
3 1.4253793 4.058
20 -1.6253072 5.217698
4 -2.3487778 5.773718
21 2.399856 3.8810136
25 5.1666207 3.498535
1 5.6795106 3.4698913
10 4.2764316 3.5300875
12 4.9959116 3.4164286
22 4.2292175 3.3952415
8 -1.6228707 5.1423736
23 -2.75925 5.912634
26 5.197103 3.3156536
13 2.360203 3.7384741
15 5.566001 3.55662
18 -1.4519093 4.9962187
27 1.7752794 3.9049428
11 1.1310061 4.081218
19 -3.0220053 6.1600614
9 0.77596784 4.284471
17 -2.0288208 5.5697093
16 0.66356546 4.318316
28 -1.5742832 5.2173376
