30 2
7 3.628104 3.868969
29 3.9114184 4.0076075
2 -2.8497531 5.483315
20 -2.186155 5.0463996
10 3.8870902 4.004948
13 2.1725736 4.064379
14 -3.0744314 5.4866295
18 -1.9746494 4.9390664
22 3.6340744 3.8848433
24 1.1749399 4.1886196
1 5.1578307 4.053586
5 1.1026475 4.0633454
4 -2.8958561 5.3756666
25 4.907599 4.0849657
3 0.97482663 4.162732
6 4.7391624 3.917854
16 0.29166046 4.4058037
15 5.0672626 4.010609
23 -3.4447348 5.693583
17 -2.7274685 5.415799
26 4.881715 3.9512274
0 0.16775158 4.2721467
9 0.46651223 4.271377
11 0.7879008 4.1294556
27 1.2832365 4.183752
19 -3.4930043 5.637859
8 -2.270126 4.893455
12 4.7571344 4.03717
21 1.7874323 4.079955
28 -2.4298935 5.094373
