30 2
22 3.8830848 1.2377188
10 5.2862134 -1.869489
21 3.6865008 4.657847
28 5.870605 -2.616879
26 3.6366324 2.2173996
23 6.6133904 -3.4574244
16 3.919761 1.541713
13 5.199782 -1.7904396
1 3.6550908 5.1217427
4 3.9554887 0.90179276
7 3.7835 1.9711665
3 3.700227 4.268605
14 3.8072166 1.9140244
25 6.0050855 -2.8322303
18 3.8668091 1.092158
0 3.6419227 4.4535084
12 3.9137173 6.175567
19 5.3005753 -1.9647917
15 3.958362 1.3062406
27 3.8655744 5.92933
20 4.091686 0.4891308
6 6.00878 -2.9844863
9 3.6785903 4.490071
8 5.9768133 -2.7496433
17 4.036587 1.0817012
2 4.0332685 6.1982145
24 3.795514 4.5410166
29 6.8130245 -3.8065238
5 6.1433396 -3.0616932
11 3.8995779 5.658686
