30 2
1 3.2832232 5.449901
8 6.125175 -2.266529
22 3.6348755 1.6728315
4 4.029764 0.9649308
26 3.5444164 2.30649
25 6.206887 -2.1833513
15 3.8900974 1.407922
16 3.7400494 1.8812981
14 3.6763983 2.0930085
21 3.2970219 4.8808885
20 4.067164 0.95910424
11 3.2560778 5.995401
10 5.390333 -1.3842597
23 6.963829 -3.0906112
0 3.2562642 4.65226
27 3.358604 6.1575856
19 5.5296803 -1.5969583
3 3.2758698 4.61525
9 3.362154 4.9036813
7 3.5260344 2.2227752
17 3.9311166 1.4400991
12 3.3490055 6.6255827
28 6.064817 -2.1376235
29 7.013527 -3.1000705
2 3.486716 6.5296607
18 3.7917626 1.3086025
13 5.507049 -1.5413094
6 6.437238 -2.5206938
5 6.3736715 -2.3834329
24 3.2490795 5.009089
