30 2
15 3.90553 1.424226
13 5.5087233 -1.6253192
21 3.4179513 4.8436055
16 3.8675287 1.5438446
10 5.4097285 -1.4404812
26 3.6249235 2.2567117
1 3.4300284 5.167055
28 6.0037303 -2.3477085
7 3.6077716 2.0936077
20 4.068655 0.8983807
22 3.7601173 1.8584044
4 3.972876 1.1041434
14 3.7878923 1.8089722
19 5.398336 -1.540405
27 3.500103 6.1081004
25 6.213136 -2.4198847
3 3.3461382 4.455869
6 6.2067924 -2.5596268
8 6.1830363 -2.4508576
12 3.564252 6.4787226
17 3.9683821 1.4197706
29 6.90696 -3.160197
11 3.4737303 6.1507344
23 6.8627806 -3.229507
9 3.420776 4.905163
5 6.341844 -2.5305176
0 3.3740003 4.6164207
24 3.4639843 4.7549415
2 3.5975447 6.5569053
18 3.8546898 1.2682109
