300 2
129 -2.0209122 0.8331901
124 -1.5912669 3.417687
37 -3.4944224 -1.5333933
229 -1.9172426 1.0633308
170 -1.9637091 0.87430304
7 -1.574964 3.051045
8 -1.9788105 0.7628752
131 -3.4607763 -1.5802236
231 -1.9454767 0.8986563
23 -1.940694 0.90107745
221 -3.361014 -1.4314544
289 -3.3796396 -1.3880098
141 -3.5147557 -1.5843928
267 -3.2505183 -1.2849528
271 -1.5431554 3.7941241
148 -3.531769 -1.5651637
238 -1.5999266 3.625806
158 -1.5782316 3.6357348
61 -2.0484533 0.7201736
56 -1.9477979 0.8458238
69 -1.5572063 3.265412
114 -2.0336268 0.66032577
220 -3.6002674 -1.6562642
123 -1.5937201 3.5579517
21 -1.534016 3.0573132
256 -2.0997102 0.5632621
81 -1.6385643 3.64244
90 -3.3597066 -1.4288257
96 -1.6799598 4.0647316
127 -2.0010998 0.6304059
274 -1.9643141 0.9354515
180 -2.1124141 0.5809837
78 -1.5605686 3.402593
134 -1.8748933 1.0700396
215 -1.5208023 3.0914073
149 -1.9842207 0.83198994
132 -1.57617 2.9939048
251 -1.5297923 3.4355419
159 -1.5675517 3.1119866
244 -2.1332939 0.54816073
224 -3.3240726 -1.4246905
58 -3.5579705 -1.538211
82 -3.3929148 -1.509051
298 -2.0196495 0.772879
55 -2.016224 0.76187956
62 -3.6655722 -1.7187846
133 -3.3925881 -1.4054326
101 -2.0910835 0.55715966
255 -1.9495811 1.1589371
214 -2.0506976 0.69847304
270 -3.4079878 -1.4289477
54 -3.8043032 -1.9288245
60 -2.0266197 0.78566164
254 -3.5225427 -1.5917348
232 -3.1587508 -1.1757296
97 -2.0207486 0.7083745
86 -3.1537764 -1.1315403
105 -2.9306722 -1.0391085
189 -1.5620517 3.271988
150 -2.175128 0.34528545
67 -1.5920389 3.2536745
225 -1.628027 3.4354255
84 -1.564164 3.4945443
185 -3.5807285 -1.7256119
165 -3.352738 -1.3872418
163 -2.0475419 0.7307508
194 -1.9234493 1.06159
223 -3.7184987 -1.693734
14 -3.2526824 -1.3604164
153 -3.384994 -1.4300492
26 -1.4909286 3.3148837
217 -1.5542883 3.8936658
76 -1.560228 3.4605937
83 -1.9922874 0.8409908
252 -2.006974 0.82836
228 -2.0232933 0.77937955
205 -1.6195219 2.891559
249 -3.622352 -1.7544286
192 -3.4699595 -1.5424517
204 -3.5960255 -1.6664138
268 -1.5821915 3.7026525
4 -1.5449865 3.1560571
64 -3.386691 -1.4775021
73 -1.9581698 0.9434681
184 -3.3639464 -1.3683115
53 -1.6115004 3.4825923
241 -2.0536685 0.7643512
198 -3.2658825 -1.3778124
292 -3.687536 -1.6652309
240 -2.2680876 0.23267369
263 -1.9434975 0.78567106
138 -1.5720193 3.438225
139 -3.4948788 -1.5919284
207 -1.564309 3.4531794
3 -1.6827216 3.3390326
276 -2.0000787 0.78356767
183 -2.0081677 0.86135465
71 -1.9850143 0.92074656
17 -1.6457123 3.6200097
195 -1.5780153 3.260639
25 -3.4305418 -1.4721932
27 -3.3521173 -1.4369943
28 -3.4237978 -1.4036137
50 -3.0570447 -1.0402408
172 -3.536352 -1.6020205
103 -1.5912389 3.3301976
295 -3.2783566 -1.36245
107 -1.9872077 0.77171755
239 -1.5625 3.440418
137 -1.5208584 3.522107
191 -1.5821949 3.2117739
2 -3.4222775 -1.4969146
151 -1.8843281 0.9199122
11 -2.0322988 0.6408167
242 -2.0246074 0.7430642
128 -2.0402641 0.6256165
72 -3.2327852 -1.2389699
208 -3.3836815 -1.3756872
156 -1.5462401 3.0462906
258 -2.0030398 0.80283374
41 -1.5695547 3.6229873
236 -1.5387847 2.8220496
59 -3.536363 -1.5498941
65 -3.394074 -1.3640914
285 -1.5052503 3.4347723
70 -1.6271926 3.7029228
235 -1.571044 3.2532694
95 -3.7009547 -1.8077174
206 -3.3113906 -1.3643569
190 -1.97464 0.90247065
188 -2.1040277 0.594719
155 -3.483401 -1.6678559
181 -3.133356 -1.2033597
275 -1.9963514 0.7768985
219 -3.4788682 -1.5444477
147 -2.0295992 0.74488086
277 -1.9326321 0.87437016
234 -2.0172842 0.7538201
15 -2.0393994 0.61280704
16 -3.578029 -1.6035202
175 -2.0412896 0.81435376
52 -2.0302804 0.8599055
40 -3.4922936 -1.5553784
283 -1.541679 3.7851434
145 -3.3145974 -1.3616608
280 -2.145523 0.5533304
92 -1.5768785 3.617193
108 -2.0081959 0.8568497
75 -3.3235297 -1.394178
187 -3.7174058 -1.7602884
178 -3.3317046 -1.4055382
210 -1.5618635 3.2819517
154 -3.6744187 -1.7725122
125 -1.559991 3.377535
135 -3.427669 -1.4413288
144 -1.6039628 3.7722692
209 -3.2311332 -1.3220191
111 -3.2954192 -1.3437641
6 -2.02123 0.8676591
89 -1.9047062 1.0476968
212 -1.5859927 3.4196513
121 -2.002017 0.8746983
20 -1.5618689 3.1816447
245 -3.26435 -1.3634331
39 -1.9751356 0.90605617
197 -1.5592268 3.2859368
237 -1.5915033 3.3927438
68 -1.5689875 3.4887125
87 -1.9456449 0.99865854
176 -1.5125014 3.0819445
106 -1.5375642 2.9244726
203 -3.5315812 -1.6078354
250 -3.6725938 -1.7524229
130 -1.6063873 3.4065776
169 -1.5126868 3.5255575
136 -3.8481767 -1.8256056
80 -1.5856876 3.254284
45 -1.5276345 2.9129732
85 -3.4457028 -1.4079585
157 -3.3714058 -1.4454085
266 -2.017824 0.87696034
182 -3.6040187 -1.6337861
120 -3.2185106 -1.3391992
199 -1.9899133 0.9822332
279 -2.0015674 0.85177785
230 -1.553815 3.098981
293 -2.0749254 0.5710134
13 -2.0111942 0.93014574
35 -2.0552886 0.64569354
77 -1.5468826 2.9240048
265 -1.5286794 3.3941958
115 -1.5798734 3.7464795
213 -2.0296829 0.6326157
287 -3.688146 -1.6702583
226 -1.5523833 3.5183377
24 -1.5287584 3.418906
281 -2.0300817 0.7298652
47 -1.5695833 2.8692727
63 -2.0708497 0.63773584
211 -1.9800638 0.8392997
218 -1.9662739 0.95031947
104 -1.9875559 0.8245859
174 -2.0478117 0.58491695
91 -1.951221 1.0498756
19 -1.5721757 3.4359615
262 -2.0819664 0.6333521
29 -3.4835358 -1.5599267
33 -1.938542 0.9054457
43 -2.0610726 0.62391776
66 -1.5739052 3.512039
257 -1.619367 3.7071738
109 -3.6517286 -1.7587935
196 -1.5750514 3.4680116
171 -2.0511901 0.7981601
291 -2.0604882 0.61546606
243 -1.9585065 0.90169317
297 -1.5893947 3.2287998
164 -3.7012267 -1.7170713
113 -2.0316112 0.6200008
12 -2.0881891 0.6784656
259 -3.3086808 -1.3548064
22 -1.6019027 3.357688
122 -1.5679058 3.5348616
34 -1.9849759 0.9584014
42 -1.5854528 3.5832977
278 -1.4765859 3.4494352
117 -2.0240831 0.7047589
272 -1.563601 2.9866042
161 -2.024137 0.82013327
5 -1.8980888 0.9019866
32 -3.3132696 -1.3760546
44 -3.1906042 -1.1592566
233 -2.098756 0.50327307
94 -2.0185878 0.7331932
99 -1.5570034 3.4502943
31 -1.5277516 3.4831493
57 -2.17149 0.46530488
116 -1.5967667 3.5682216
88 -1.5838491 3.2495239
100 -1.6437931 3.6172454
284 -3.3566108 -1.415753
118 -1.6542726 3.9204895
126 -1.968724 0.97282296
260 -3.746777 -1.8846074
1 -3.3708346 -1.4674028
9 -2.0142853 0.90224224
18 -2.0189514 0.7178605
102 -1.94538 1.0541339
36 -1.5807365 3.3685915
162 -1.9414872 1.0133581
98 -3.2303195 -1.3059491
269 -3.3137183 -1.3744358
143 -1.4962053 3.392125
222 -3.3084033 -1.2821468
173 -2.0429785 0.73780954
140 -2.0456529 0.81659216
142 -1.568106 3.5534308
202 -3.9464781 -2.0123518
264 -3.6942403 -1.7475035
46 -1.6362997 3.8112698
119 -1.549299 3.304074
166 -1.5949234 3.5645866
261 -3.2395914 -1.3920785
227 -1.6457598 3.3885975
273 -3.4802322 -1.5078417
79 -3.8670778 -1.9644351
110 -2.8642802 -0.9508259
49 -2.0177653 0.847877
51 -3.2632535 -1.3309655
282 -2.0270445 0.6701841
193 -3.446374 -1.5125605
179 -1.5906357 3.498482
146 -3.385598 -1.4784912
186 -2.1181555 0.6908112
246 -1.5037433 3.5635707
0 -1.511725 3.298214
286 -1.4958761 3.3390923
167 -1.6170453 3.1703596
177 -2.072095 0.64481795
247 -1.5527177 3.1064198
290 -1.5915467 3.4541903
74 -3.2288973 -1.2345853
216 -3.6586921 -1.6039561
10 -1.6101862 3.8383498
48 -3.6165507 -1.6114215
248 -3.4467273 -1.4580699
152 -3.4537196 -1.6075006
112 -3.5566697 -1.6380948
168 -3.7057307 -1.6579942
294 -3.7015872 -1.7016006
201 -2.0639453 0.7116025
160 -3.512533 -1.5672138
253 -2.0323803 0.77355
299 -1.5918542 3.2392452
30 -1.5750214 3.2928166
38 -1.5573831 3.0222652
200 -1.6188053 3.690653
288 -3.4448254 -1.5027323
93 -1.5120599 2.9832742
296 -3.5799186 -1.5316598
