30 2
4 3.9642007 1.2120186
1 3.2216063 5.426063
10 5.4368052 -1.2535465
21 3.2816668 5.06609
25 6.1712914 -2.1340594
15 3.940085 1.3815268
12 3.355513 6.5974336
7 3.519625 2.2410982
16 3.7621248 1.9400308
22 3.7182865 1.8231491
14 3.7330377 1.9469391
6 6.2926774 -2.3602548
19 5.592209 -1.5454572
26 3.5063791 2.2842026
13 5.4285707 -1.3788627
17 3.9146311 1.3699173
20 4.085859 0.84484583
27 3.1847248 6.235151
5 6.5151415 -2.5366886
9 3.2305682 4.816558
18 3.8300524 1.3675246
3 3.301999 4.465684
2 3.350711 6.5405903
23 6.900597 -2.9468305
28 6.0701203 -1.9841523
0 3.1568341 4.917107
8 6.1791697 -2.133147
29 7.0492463 -3.038122
11 3.2699726 5.968151
24 3.225924 5.03655
