30 2
17 3.8057885 1.7160487
16 3.7073338 1.8070418
15 3.8495173 1.5504253
14 3.5345163 2.254753
25 6.2860193 -2.0313966
22 3.6912768 1.7209991
4 3.841359 1.4666543
7 3.5526755 2.3718092
8 6.2429338 -2.0443192
10 5.4181166 -1.076314
1 3.084579 5.419527
19 5.6819277 -1.5818154
20 4.0073037 1.0113424
28 6.0678535 -1.9070793
26 3.377012 2.733053
21 3.1614814 4.919615
13 5.3440537 -1.1749637
5 6.492026 -2.2333088
11 3.0901399 6.1188464
29 7.229371 -2.8586645
2 3.2825444 6.862973
6 6.387651 -2.2076054
23 7.004895 -2.7122848
27 3.1872132 6.1976895
18 3.7664552 1.5796359
12 3.1022103 6.647468
24 3.1339746 4.90481
0 3.0069852 4.7757854
3 3.105173 4.656926
9 3.051226 4.928736
