30 2
21 3.224484 4.960225
14 3.6713302 2.0153968
7 3.4357038 2.394771
10 5.413668 -1.198613
4 3.8495238 1.3384563
1 3.1155887 5.4348845
2 3.4013138 6.738646
22 3.6781883 1.7161262
0 3.1922832 4.7234926
16 3.6879914 1.9058721
13 5.4410405 -1.2017009
17 3.889089 1.5212986
8 6.1637554 -2.0307052
11 3.179448 6.016884
23 6.9714637 -2.9426496
15 3.8280604 1.5975897
25 6.2030873 -2.111403
6 6.362973 -2.475246
27 3.2859375 6.2566233
28 6.006848 -2.0642686
26 3.4431572 2.3963256
19 5.6101847 -1.4117413
3 3.2373414 4.574865
20 3.9686282 0.97753394
29 7.030557 -2.9693353
18 3.7716506 1.4531676
9 3.2458656 4.770592
24 3.1999252 4.913137
12 3.3378258 6.5464373
5 6.4774146 -2.3753352
