30 2
16 3.7247193 1.8070649
22 3.6823337 1.9227716
8 6.273517 -2.037668
4 3.8692527 1.3959309
10 5.3748126 -1.064841
14 3.548557 2.1904454
1 3.121172 5.497785
17 3.7998476 1.672965
19 5.682521 -1.4949281
15 3.811136 1.5977595
21 3.1385043 4.996659
27 3.1758716 6.259282
7 3.5176713 2.437308
25 6.2793903 -2.0487473
0 3.0910358 4.7061048
23 7.040969 -2.7686481
20 3.9778273 0.9704858
26 3.354185 2.713945
24 3.185822 4.9600897
3 3.1270275 4.515411
28 5.914909 -1.9333862
6 6.4217834 -2.2673914
13 5.4444733 -1.0978457
2 3.2960854 6.7379894
29 7.1646166 -2.8732746
11 3.1493177 6.0999956
9 3.1231756 4.846036
12 3.1426566 6.537963
18 3.7814105 1.5274516
5 6.4348845 -2.3755336
