30 2
7 4.03048 3.4453082
2 -2.184144 5.7509885
14 -2.6227698 5.952052
4 -2.2997403 5.754067
5 1.4719151 3.9156992
29 4.5692964 3.5534363
3 1.4219894 4.041786
21 2.3737519 3.853468
24 1.3660272 4.0540576
11 1.0709069 4.0277214
6 4.9956193 3.3573158
23 -2.7507894 5.935704
1 5.6678953 3.4739327
20 -1.5612744 5.215968
27 1.8171833 3.938986
22 4.260814 3.3521414
18 -1.3918992 5.0431914
13 2.3694665 3.7245414
25 5.240736 3.4831297
12 5.0358043 3.4408448
15 5.6072116 3.5255454
19 -2.9803188 6.171566
8 -1.5467224 5.1595793
0 0.63530976 4.228715
16 0.72083753 4.2936287
9 0.7585129 4.2835755
26 5.172857 3.3213692
10 4.2937493 3.5808868
17 -2.0103738 5.5718303
28 -1.5967956 5.180101
