30 2
16 3.6575048 1.9127905
1 3.1966171 5.491335
21 3.2541392 4.91444
8 6.192563 -2.2185721
10 5.4506607 -1.3430936
25 6.2130365 -2.2536554
26 3.5544314 2.3451643
15 3.8907712 1.5346193
12 3.3994787 6.535505
19 5.5900817 -1.5726919
0 3.2114165 4.726572
22 3.6205354 1.8133879
5 6.3748307 -2.4603515
17 3.8732283 1.4529573
13 5.455129 -1.4164947
28 6.0724263 -2.2151554
14 3.6103983 2.1073787
11 3.294122 6.0108986
20 3.99443 1.0361756
2 3.407144 6.578739
7 3.550348 2.3123848
3 3.3213227 4.597231
23 6.9810376 -3.0116863
27 3.3553064 6.1613836
4 4.0072794 1.0449677
24 3.273671 4.877957
6 6.3680325 -2.389477
18 3.8105757 1.2616489
9 3.3350997 4.827212
29 7.112356 -3.1446307
