30 2
4 3.981237 0.9759239
1 3.3888392 5.2172503
16 3.8574033 1.6437671
15 3.9456248 1.3041449
8 6.1205378 -2.4754527
21 3.3613758 4.7200527
19 5.3092027 -1.5719866
10 5.2905455 -1.4639658
22 3.7490745 1.6542101
28 5.8753204 -2.3340654
6 6.275382 -2.6209762
18 3.8340597 1.2543707
14 3.7944245 1.956104
24 3.4529755 4.677776
26 3.6032472 2.208627
12 3.5679512 6.4131403
7 3.6112962 2.1324933
13 5.324029 -1.5313967
17 4.0090895 1.3272055
25 6.2150865 -2.4667468
23 6.8741093 -3.3133345
0 3.4942598 4.695093
27 3.483524 6.1619735
29 6.9833407 -3.269437
11 3.5631738 6.0943747
3 3.37743 4.4282894
2 3.683426 6.5556197
20 4.0853586 0.8067534
5 6.3723764 -2.7102273
9 3.471865 4.6566553
