30 2
22 3.6335697 1.8815541
18 3.6593423 1.5403963
13 5.4902067 -1.0054103
1 2.8882825 5.636533
7 3.396303 2.5095158
10 5.444492 -0.9106252
16 3.67072 2.0087252
28 6.3308597 -1.6847289
4 3.833565 1.4540719
25 6.3528914 -1.8820661
26 3.3605654 2.5263605
19 5.6568418 -1.1142133
8 6.377042 -1.8904793
12 2.9920564 6.6911607
21 2.9743962 4.966535
15 3.7581964 1.7730006
20 4.017557 1.0409877
5 6.643478 -2.154806
17 3.7596126 1.8093182
9 2.9284244 5.086236
0 2.891348 4.9461684
3 2.9738858 4.6405277
23 6.98237 -2.489297
2 3.0327792 6.8427186
11 2.8471673 6.2897124
6 6.3124657 -1.9547837
29 7.2468405 -2.4668493
14 3.502941 2.4580653
24 2.9888842 4.9469995
27 2.9270647 6.459903
