300 2
6 -2.0536938 0.716239
149 -1.9300616 0.92638934
72 -3.1653254 -0.9434035
211 -1.993629 0.772347
238 -1.2474817 3.8231091
170 -1.9790647 0.8493944
129 -1.9923445 0.97179097
22 -1.1805619 4.062114
284 -3.4019527 -1.2456095
147 -2.0207667 0.8093365
263 -2.1064575 0.6812945
33 -1.8401951 1.1058655
19 -1.2340404 3.341206
135 -3.4568992 -1.2392218
75 -3.5567775 -1.3781008
293 -2.1029003 0.6925627
141 -3.6957643 -1.4044956
213 -1.9647366 0.9577191
269 -3.1745489 -1.0001901
192 -3.4544797 -1.2509593
105 -3.1711435 -0.9394409
197 -1.2199667 4.007202
236 -1.2679921 3.3526037
62 -3.3915842 -1.1518177
233 -2.0136802 0.8274733
205 -1.2045649 3.4565902
15 -1.8363202 1.1417571
298 -1.9950498 0.86399937
181 -3.6772597 -1.3675821
151 -1.98109 0.87330323
292 -3.6990607 -1.3894488
198 -3.3135977 -1.0860152
224 -3.9485724 -1.6328833
237 -1.2280326 3.8193336
9 -2.0836215 0.7585708
12 -1.7716446 1.3012642
262 -1.9437145 0.9934736
53 -1.1849358 3.612546
117 -1.9551978 0.896594
67 -1.1773311 3.6194668
61 -2.063276 0.68820834
73 -2.022348 0.83088326
253 -1.969513 0.98725027
155 -3.9867508 -1.6363428
202 -4.163211 -1.9412422
235 -1.263602 3.721803
102 -2.0099494 0.85275054
30 -1.299903 3.586088
189 -1.2316326 3.7181323
130 -1.1819305 3.7179039
56 -1.9127415 0.98440367
64 -3.6957543 -1.5266199
248 -3.8631687 -1.589808
234 -1.8926058 1.077428
218 -1.8542389 1.0562282
131 -3.755921 -1.43234
38 -1.1488404 3.7399254
166 -1.2548724 3.8522167
83 -1.8904899 1.0350884
156 -1.2029647 3.49332
134 -1.8879807 1.0892224
209 -3.440657 -1.1941171
185 -3.757701 -1.5426623
118 -1.2442113 4.220782
259 -3.6268065 -1.4086964
127 -1.9397258 0.9846343
287 -3.8664205 -1.6058713
252 -2.023426 0.6917688
25 -3.7575245 -1.5761992
112 -3.8598115 -1.700444
280 -2.085026 0.753881
239 -1.2358688 3.533993
195 -1.2888968 3.074232
146 -3.8659987 -1.6713707
204 -3.6791675 -1.4570925
101 -1.9488971 0.92565876
179 -1.2578108 3.5839424
283 -1.2375762 3.6005416
187 -3.5826342 -1.4391097
272 -1.2490793 3.0247955
282 -2.0582714 0.7543273
2 -3.6154156 -1.3604388
11 -2.0283256 0.7118047
60 -2.0478396 0.82043916
277 -1.8717209 1.1356993
232 -3.8300734 -1.5843471
82 -3.7538524 -1.5928601
107 -1.98985 0.895849
243 -1.9693929 0.9225922
227 -1.1994288 3.5783498
174 -2.102398 0.682657
159 -1.2450062 3.7950954
100 -1.2268572 4.036344
176 -1.2368504 3.6223848
66 -1.1995307 3.9271305
165 -3.7459707 -1.5533317
119 -1.2065732 3.3395255
114 -2.203842 0.47344756
163 -2.0552707 0.790616
104 -1.9276123 1.0373683
247 -1.2175975 3.7635524
23 -1.8759927 1.1147292
36 -1.2212933 3.653947
139 -3.9911013 -1.7563722
111 -3.4979968 -1.2784513
116 -1.2051674 3.7080886
219 -3.8027225 -1.5019517
215 -1.2171099 3.6674166
136 -3.8767598 -1.5772032
291 -1.9366114 0.88916993
271 -1.2194619 4.205912
288 -3.5753264 -1.4423764
18 -1.9512514 0.9470761
16 -3.6526194 -1.4509941
124 -1.1860206 3.923437
231 -1.8762709 1.0362308
175 -1.9943653 0.8383244
52 -1.9360461 0.9727404
132 -1.277578 3.2840264
63 -2.0155284 0.8740481
70 -1.2008142 3.5268795
245 -3.6165435 -1.3446186
285 -1.2416832 4.112206
133 -3.70853 -1.569355
254 -3.751097 -1.586345
157 -3.4956748 -1.2742018
265 -1.2230272 3.980057
29 -3.5603065 -1.3197157
210 -1.2246625 3.8326612
46 -1.2383492 4.511404
203 -3.653403 -1.4621872
228 -1.9352255 1.0729326
140 -1.9670662 0.8485503
251 -1.2439905 3.9704213
128 -1.9167736 1.0290275
188 -2.125278 0.584445
299 -1.1883206 4.016022
244 -1.9804277 0.8880313
1 -3.664779 -1.4175214
182 -3.6905017 -1.5358096
194 -2.023287 0.8363422
191 -1.2669508 3.2480052
242 -1.9845567 0.88034254
97 -2.0361285 0.8095318
55 -1.9990246 0.86448956
261 -3.8162498 -1.541543
154 -4.130526 -1.9489236
115 -1.1472726 4.0376673
168 -3.7168539 -1.4855893
162 -1.9381129 1.0137492
158 -1.2947656 3.74614
221 -3.7448518 -1.4942867
249 -4.1256194 -1.9070076
138 -1.2219449 3.5313659
214 -1.9251777 0.89330876
164 -4.123175 -1.7679998
54 -3.7318838 -1.4739761
94 -2.0334947 0.6916142
274 -1.8210635 1.114029
89 -1.8717055 1.1843449
286 -1.1787196 3.6897442
113 -2.0014203 0.79452837
290 -1.1750356 3.6457984
160 -3.504693 -1.2846714
177 -1.9279574 1.0743023
13 -2.0029635 0.8571753
20 -1.1845841 3.402289
21 -1.2603892 3.5901928
92 -1.224772 4.3770876
161 -2.067298 0.8432326
178 -3.4182549 -1.2290438
42 -1.2323328 4.0938787
65 -3.3876233 -1.1998899
153 -3.5064185 -1.3250672
180 -2.1637468 0.6307844
184 -4.11145 -1.7604966
190 -1.9434366 1.0254277
199 -1.9198931 1.0480129
5 -1.7883826 1.3872845
71 -1.9809207 0.90239626
7 -1.2338413 3.2955718
24 -1.2161993 3.4318945
31 -1.1587605 3.9096017
41 -1.2014177 3.7873988
44 -3.047059 -0.8570957
186 -2.1466177 0.67201203
255 -2.073981 0.7342183
95 -3.9564621 -1.7558635
223 -3.763577 -1.508942
289 -3.7057424 -1.4965587
273 -3.403648 -1.2393147
3 -1.195111 3.7949622
35 -2.02927 0.7976621
110 -3.1518621 -0.9579064
57 -1.9643964 1.005543
208 -3.749512 -1.4859084
58 -3.757195 -1.5383562
80 -1.1352862 4.159625
84 -1.326391 3.5284994
98 -3.7011724 -1.430272
281 -2.0305226 0.8519581
295 -3.4583902 -1.2669429
183 -1.9474987 1.0674485
196 -1.218768 3.7649937
264 -3.5369515 -1.2973992
4 -1.1962279 3.6017723
229 -1.7971952 1.3698131
143 -1.1527264 3.4287739
39 -1.9668297 1.0166626
51 -3.6485467 -1.3826667
68 -1.2081096 3.8680937
90 -3.618826 -1.2990171
96 -1.1529212 3.7473516
120 -3.4312713 -1.2176148
206 -3.4481761 -1.2031779
123 -1.2584251 4.153664
275 -2.0176256 0.9013761
258 -2.0244274 0.7472882
256 -2.0213387 0.7544733
225 -1.2735436 3.5908432
270 -3.750077 -1.4653682
48 -3.9530973 -1.7273135
78 -1.2105992 3.815297
28 -3.7122622 -1.4983578
47 -1.2619518 3.3320026
93 -1.1994301 3.6291492
103 -1.2213775 3.5762002
121 -2.0264213 0.87080777
201 -2.0907338 0.6375469
173 -1.9249897 1.2007958
266 -1.9196341 1.0770953
294 -3.6096365 -1.371595
10 -1.2572654 3.9623103
8 -2.0618215 0.6802934
226 -1.1918797 3.8870807
43 -1.8412689 1.1787157
76 -1.188146 4.11556
152 -3.7997878 -1.5441613
150 -2.0932736 0.6788755
267 -3.3119483 -1.1527919
171 -1.9141064 1.0546759
260 -3.9763188 -1.6971496
246 -1.2428772 4.1291833
0 -1.1754043 3.546596
14 -3.7956421 -1.5333201
200 -1.2909178 3.9130573
81 -1.2268631 3.6937895
34 -1.9103947 1.036486
108 -1.9112443 1.0109811
69 -1.2611696 4.0457463
99 -1.2421519 4.066383
85 -3.7761776 -1.5849693
212 -1.1688198 3.6961453
216 -3.6299984 -1.4479675
279 -2.02856 0.8443109
49 -2.0027535 0.99518305
26 -1.2386544 3.1797025
222 -3.5854313 -1.3788649
27 -3.762035 -1.5279337
37 -3.6636264 -1.4332597
193 -3.8150432 -1.5506529
91 -1.859605 1.2311082
169 -1.220949 4.0452805
207 -1.2526308 4.401588
276 -1.9414734 0.9900597
17 -1.2486745 3.8202515
59 -3.765856 -1.491954
45 -1.1897477 3.8729315
109 -3.9217465 -1.7564617
86 -3.6959572 -1.4099829
87 -1.9616313 1.0124317
241 -1.9577668 1.0392538
126 -1.9614804 0.9762424
148 -3.7487674 -1.5685793
106 -1.1575007 3.8399737
77 -1.2658348 3.302972
32 -3.5718179 -1.3317136
79 -3.770462 -1.5876409
144 -1.2972548 3.5632086
145 -3.4972417 -1.356102
297 -1.2442273 3.5778394
40 -3.7442527 -1.4543531
88 -1.3057266 3.4779773
142 -1.2794933 4.227106
167 -1.3012081 3.8492708
137 -1.1889772 3.5756695
296 -3.607798 -1.3363854
230 -1.212221 3.5513575
220 -3.8274233 -1.5103885
122 -1.2178379 3.9275138
217 -1.1940292 4.1489162
172 -3.4801126 -1.2788575
257 -1.3516363 4.2877226
268 -1.2235717 4.071886
74 -3.706863 -1.5617788
125 -1.1533848 3.8053224
50 -3.1721494 -1.0237912
250 -3.7390244 -1.5029798
278 -1.2409655 3.6739519
240 -2.0856974 0.6538645
