30 2
22 3.7641726 1.6085687
25 6.1789503 -2.2675598
8 6.1234736 -2.2454276
15 3.9279823 1.4898541
28 6.050483 -2.3089983
16 3.7704854 1.8514638
13 5.557032 -1.5054799
1 3.3229759 5.404549
7 3.5121362 2.331503
10 5.3293858 -1.356268
26 3.5095766 2.3788018
14 3.69975 2.0877936
11 3.402585 5.9507647
23 6.963479 -3.129139
4 3.9531436 1.0940372
21 3.3053792 4.7455826
2 3.4488711 6.6010585
6 6.400078 -2.6154647
19 5.428012 -1.5266373
0 3.2706552 4.6183167
17 3.950529 1.4500569
20 4.0278997 0.9483937
5 6.4323826 -2.5810897
9 3.3138754 4.991259
27 3.378003 6.177111
18 3.768065 1.370083
12 3.462711 6.529254
29 7.037596 -3.0592225
24 3.3042688 4.8350863
3 3.3112411 4.59562
