30 2
29 4.5783176 3.5418546
7 4.047597 3.4478753
2 -2.1875317 5.734384
5 1.4784261 3.8515131
0 0.68303317 4.247178
20 -1.6281999 5.211258
1 5.654364 3.4341328
4 -2.3176212 5.7610784
26 5.1857557 3.3269913
14 -2.5662615 5.921936
3 1.4290248 4.050522
24 1.3615686 4.0613008
10 4.280119 3.5772204
22 4.220799 3.3950205
18 -1.4498868 5.029451
23 -2.747664 5.911217
6 5.0287743 3.3848855
21 2.3968444 3.9020922
25 5.211108 3.4857116
8 -1.6041229 5.1311994
12 4.9859924 3.4371495
11 1.1349199 4.0842338
17 -2.0431693 5.559321
28 -1.5579915 5.201247
9 0.7638778 4.2910805
27 1.785218 3.9272969
19 -3.0451188 6.1654243
16 0.7164239 4.3332033
15 5.6044097 3.5440395
13 2.3515873 3.7472608
