30 2
29 4.841956 3.2268667
7 4.215715 3.1650236
5 1.7903972 3.8274064
14 -2.1479576 6.021991
21 2.6417415 3.6534748
18 -1.0208501 5.118296
2 -1.799507 5.8897295
3 1.6412181 3.955952
24 1.890854 3.9039347
8 -1.1998639 5.2664647
20 -1.1943454 5.365964
10 4.3991184 3.1873286
23 -2.3877294 6.305304
0 1.0187491 4.1412997
1 5.7192473 3.0340025
6 5.250445 2.9952154
22 4.3495665 3.2139373
4 -1.947365 5.792921
15 5.9485083 3.0408697
26 5.403812 2.8641589
17 -1.5654818 5.5825386
25 5.348476 3.0539765
16 1.2418429 4.1569915
12 5.4006433 3.1382637
11 1.463199 4.0555477
9 1.1378827 4.1222935
13 2.5512679 3.6122057
19 -2.48525 6.4303293
28 -1.5467697 5.48185
27 2.184928 3.7501578
