30 2
7 3.6673448 3.8101254
3 0.9823837 4.18146
29 3.9065268 4.100093
25 4.844797 4.0086975
2 -2.807112 5.481319
20 -2.188377 5.064586
5 1.1185747 4.0497637
22 3.731223 3.8194056
0 0.15551025 4.31588
12 4.747715 3.978423
4 -2.8630304 5.3448515
11 0.73047554 4.1664615
26 4.926233 3.9101634
8 -2.2758267 4.954736
14 -3.0125377 5.480775
23 -3.4245257 5.710996
1 5.2360015 4.043897
10 3.8993573 3.922058
6 4.8109426 3.9184616
18 -1.9123522 4.8694005
21 1.8651668 4.1260715
15 5.0605974 3.9824734
17 -2.6205237 5.342886
24 1.2059563 4.2398753
27 1.2409809 4.172166
16 0.23922098 4.430894
19 -3.4671557 5.6662946
28 -2.4153366 5.117186
9 0.4673923 4.3422513
13 2.1642876 4.0974355
