30 2
7 4.464066 2.8216748
29 4.9342017 2.8026805
3 2.0282347 3.8114262
14 -1.747879 6.1955914
5 2.161948 3.673137
2 -1.2328123 5.99583
20 -0.938883 5.471077
6 5.439417 2.5999868
4 -1.4266295 5.9159026
11 1.747434 3.8128445
24 2.2199757 3.6704438
1 5.90871 2.6137514
23 -1.8025522 6.4015718
10 4.8901124 2.8173788
18 -0.6173883 5.2892957
25 5.814515 2.6039762
22 4.6855817 2.7847044
21 2.9476442 3.4501653
15 6.2150073 2.5744061
12 5.4470177 2.7246015
8 -0.9692318 5.4605365
28 -1.2219936 5.7065773
27 2.3796744 3.5716655
26 5.627861 2.628111
0 1.1893697 4.111169
16 1.6009605 4.1240187
17 -1.1778152 5.728925
9 1.5231634 4.0440373
19 -1.8874888 6.517498
13 3.0681527 3.334238
