30 2
22 3.8844833 1.2735466
4 4.014303 0.76542455
21 3.8273327 4.4270153
10 5.266161 -1.7191975
16 3.9433646 1.4186442
1 3.7690587 5.0724807
25 6.0203037 -2.9232569
19 5.329801 -2.0808687
7 3.7164586 1.8902615
28 5.8663425 -2.822438
20 4.0465603 0.5698213
27 3.8644235 5.8662863
26 3.7773705 1.9631541
23 6.5864773 -3.7203503
8 6.0004687 -2.8648615
6 6.0039744 -3.075515
9 3.7790735 4.5118136
3 3.744215 4.2426367
29 6.6066246 -3.650768
15 4.0569415 1.070934
11 3.9907062 5.7414575
14 3.805801 1.7023147
17 4.0572715 1.087837
12 4.018047 6.149527
2 4.0885053 6.1489224
0 3.717333 4.26648
18 3.8590844 1.1608413
13 5.168189 -1.9600799
5 6.170214 -3.1728542
24 3.7135932 4.496978
