30 2
1 3.4165428 5.172231
21 3.4154742 4.8686633
25 6.2297826 -2.4277663
22 3.758069 1.8523905
19 5.398387 -1.550525
10 5.3980136 -1.4325694
16 3.8702652 1.5562841
15 3.8892276 1.3861006
20 4.0573845 0.8897344
4 3.9827409 1.0907708
13 5.4945016 -1.6355972
23 6.871807 -3.2207305
28 5.982996 -2.3599265
14 3.804955 1.8080189
2 3.606736 6.5751925
8 6.1790214 -2.4253976
0 3.3899817 4.618495
12 3.571049 6.4706907
26 3.6235695 2.2555199
27 3.4912848 6.1110044
17 3.9700434 1.4053122
9 3.420051 4.9016585
7 3.6207175 2.0933163
3 3.3531299 4.4441557
6 6.2001405 -2.5665357
18 3.8484519 1.2798809
29 6.932067 -3.1791866
5 6.3600903 -2.5200737
24 3.4546826 4.7686906
11 3.483361 6.139455
