30 2
21 2.8643103 5.11457
26 3.3935392 2.582211
15 3.7489967 1.8986926
16 3.5390728 2.1203592
4 3.7902534 1.5180727
19 5.7232747 -1.1315279
18 3.622974 1.6765915
10 5.4361854 -0.80231774
7 3.3707974 2.5334194
28 6.111295 -1.6570617
1 2.7981892 5.626543
13 5.542884 -0.9698785
25 6.4049683 -1.72109
14 3.5456624 2.1719086
22 3.5996625 1.9430714
12 2.9010403 6.773174
9 2.8554943 5.0791016
8 6.40507 -1.7000539
23 7.0418997 -2.3934033
11 2.8585675 6.1872554
20 4.027468 1.1534259
17 3.7163956 1.8210655
27 2.8089857 6.4625115
3 2.8897278 4.6082726
24 2.908881 5.0097365
0 2.8957257 5.089418
6 6.4608545 -1.9501604
5 6.6419296 -2.0610423
2 3.0473053 6.912246
29 7.2766294 -2.513674
