30 2
7 4.1594124 3.3251932
29 4.7119274 3.2988625
2 -1.8479508 5.7745943
0 0.66751236 4.251704
4 -2.1118486 5.875199
14 -2.2643194 5.960097
18 -1.1060528 5.1584277
25 5.4996195 3.1917315
1 5.684955 3.1765232
3 1.581808 3.9307313
5 1.4757999 3.933109
24 1.6826082 3.9609373
10 4.3853874 3.3334637
22 4.3837566 3.2431092
23 -2.54629 6.1920958
11 1.2281567 4.0488324
21 2.4463723 3.8515494
6 5.1241283 3.181056
8 -1.4455932 5.204494
20 -1.3068987 5.3157578
16 1.0335592 4.2600303
15 6.0085526 3.2300234
19 -2.6645896 6.2102532
27 1.8461199 3.8873398
26 5.4142556 3.1729274
17 -1.7115515 5.6068006
28 -1.6631049 5.4095993
12 5.283336 3.2480254
13 2.4738739 3.7085738
9 0.9586475 4.3075204
