30 2
21 2.9942749 5.0417457
4 3.862236 1.3939981
10 5.4599075 -1.010227
22 3.5793042 1.9001809
1 2.9598525 5.5958257
25 6.305674 -1.8455105
19 5.5648813 -1.118017
15 3.8314056 1.6010001
8 6.380915 -2.0122898
18 3.7025654 1.5760609
16 3.6340353 2.0154724
3 3.039553 4.6082325
23 7.0997386 -2.7402694
28 6.102043 -1.7393192
11 3.0652092 6.106138
13 5.4961343 -1.1797198
26 3.4045603 2.5453155
17 3.773878 1.6746769
7 3.4102259 2.4473493
2 3.1385813 6.9055247
12 3.0360107 6.5656037
0 3.0139918 4.7350383
20 4.03458 1.0172377
29 7.1396084 -2.730164
27 3.0462751 6.379204
5 6.4993634 -2.177556
24 3.0333595 4.983291
14 3.4744825 2.3193836
9 3.0678737 5.040968
6 6.4393625 -2.1229794
