30 2
10 5.2327385 -1.9572692
28 5.8088274 -2.9222174
22 3.886978 1.320974
15 4.004678 1.150794
13 5.2648964 -2.1274054
4 3.9764235 0.74124706
14 3.871983 1.7744874
0 3.7441304 4.224518
16 3.929911 1.3120098
21 3.9362602 4.4031324
1 3.8222563 4.878557
17 3.9712121 1.1294672
19 5.3152156 -2.0416858
20 4.039157 0.455035
24 3.78125 4.380663
3 3.774762 4.1140027
26 3.7833292 1.8037459
5 6.0705786 -3.2417843
23 6.4888005 -3.7575295
8 5.8846035 -2.885226
7 3.7509177 1.885914
2 4.1044703 6.052255
6 5.864186 -3.0203786
18 3.8849227 1.1082
11 4.039756 5.4686184
25 6.016062 -3.1096714
9 3.8295152 4.5352845
27 4.041425 5.7821627
12 4.1763554 6.1646914
29 6.5959682 -3.6862688
