30 2
7 3.9545853 3.5577383
14 -2.5245101 5.7338243
3 1.3756738 4.0099993
2 -2.3942213 5.738087
24 1.281323 4.039505
29 4.3134694 3.6477768
20 -1.9075181 5.1965766
0 0.6066131 4.2275434
10 4.271752 3.608103
1 5.5304728 3.633502
5 1.4922844 3.933714
18 -1.6328095 5.077161
11 1.0954444 4.1522236
4 -2.3687239 5.598464
15 5.51451 3.6409369
23 -2.8743296 5.8866625
21 2.256753 3.9236944
12 4.9768677 3.627428
6 4.8521748 3.4869184
25 4.9907713 3.5541217
17 -2.1846106 5.4524164
13 2.2244592 3.801846
22 4.1391487 3.5441527
26 5.253546 3.4234343
9 0.592759 4.344651
8 -1.9275312 5.132053
16 0.58136994 4.3414993
19 -3.1426075 6.0881844
28 -1.9275492 5.247485
27 1.6463952 4.0227976
