30 2
4 3.9709356 0.9927312
22 3.7504036 1.5243826
21 3.5613241 4.525375
1 3.5597303 5.0403314
15 3.9172657 1.2969013
13 5.363892 -1.7565874
23 6.658962 -3.4063294
16 3.8451746 1.828084
28 6.0755024 -2.6635647
20 4.024334 0.81724966
26 3.6362808 2.3373482
25 6.0323443 -2.73477
19 5.4838743 -1.8195611
0 3.6100178 4.480722
7 3.709391 2.1070204
17 3.977849 1.2914188
12 3.772543 6.2440486
3 3.5464165 4.230856
8 6.1082153 -2.727043
29 6.8311143 -3.5875478
11 3.703129 5.8705277
14 3.7627685 1.9547821
10 5.247443 -1.7076037
24 3.636341 4.7457232
18 3.872394 1.2650379
5 6.3556623 -2.924217
6 6.1825137 -2.82715
2 3.9542959 6.1940155
27 3.7926717 6.0132365
9 3.5551624 4.628545
