30 2
16 3.779289 1.8616589
22 3.7442992 1.6919396
15 3.8719928 1.5876133
21 3.3617146 4.725818
1 3.4101174 5.334726
12 3.4362934 6.4473376
26 3.5676873 2.3022869
13 5.5408854 -1.5578816
19 5.489336 -1.4814185
25 6.1448636 -2.2977312
7 3.5203843 2.2851846
10 5.3790264 -1.4081599
8 6.0802765 -2.236327
23 6.941219 -3.204099
18 3.8215542 1.3559295
4 3.9862618 1.2014459
2 3.5050468 6.6029468
14 3.7205734 2.0858872
3 3.352021 4.5754027
5 6.4579506 -2.640754
9 3.1965604 4.9897246
11 3.4154108 5.9434004
20 4.0365176 0.96160746
17 3.9552896 1.4648988
6 6.359196 -2.564649
29 6.9873047 -3.1058998
0 3.2513263 4.7043715
28 6.00895 -2.306629
27 3.3327856 6.257734
24 3.3310392 4.791532
