30 2
10 5.4080787 -1.2614497
21 3.223335 5.007689
26 3.5721276 2.1797826
4 3.943178 1.1477365
16 3.7087827 1.8693604
25 6.2532406 -2.122203
1 3.2345037 5.4958324
28 6.0637975 -1.9399039
15 3.8826828 1.4423126
7 3.511678 2.2559915
11 3.19662 5.9209704
8 6.1373153 -2.0695863
23 6.9764285 -3.0134873
3 3.1965992 4.633363
20 4.0713253 0.81643724
22 3.7124217 1.7023178
13 5.417628 -1.3392575
14 3.7611315 1.9093378
18 3.837367 1.4075328
6 6.286803 -2.3756227
17 3.894942 1.3978125
29 7.014799 -2.9123862
19 5.626093 -1.5353973
0 3.1902876 4.874943
27 3.2237322 6.3001227
12 3.3978882 6.5289083
5 6.5013657 -2.4901822
2 3.343873 6.625425
24 3.1719153 5.045911
9 3.2193217 4.859545
