300 2
68 -1.4977951 3.2120142
252 -2.0781348 0.69045484
147 -2.084628 0.75984824
43 -2.0052848 0.98978597
133 -3.5563657 -1.6957241
234 -1.9197172 1.009376
22 -1.5055486 3.996018
230 -1.4546837 3.229932
242 -2.0500534 0.72877645
9 -2.060435 0.7478889
131 -3.3886678 -1.5272198
241 -2.0176718 0.8721539
231 -1.9173024 1.100051
31 -1.4908236 3.7303343
19 -1.4943002 3.524581
128 -1.8771145 1.0520042
135 -3.405402 -1.4580102
166 -1.529674 3.490367
150 -2.1762128 0.5176857
224 -3.683499 -1.8639457
274 -1.9419683 0.9318948
268 -1.54801 4.1446
33 -2.007932 0.8031782
282 -2.1305692 0.53290075
277 -2.020777 0.8737849
8 -2.1737275 0.49107227
272 -1.4843198 3.1229038
154 -3.8989704 -1.9454361
7 -1.4593189 3.7513976
14 -3.3282351 -1.4919344
16 -3.7642841 -1.8629739
151 -2.0694492 0.7104585
56 -2.0702343 0.74234617
41 -1.5202243 4.128746
294 -3.4923306 -1.6418629
149 -1.9416261 1.0614964
130 -1.5573192 4.177553
157 -3.3489897 -1.4068166
187 -3.5653265 -1.7253038
295 -3.2665746 -1.4077488
18 -2.0214684 0.93667406
116 -1.5183073 3.3306115
38 -1.4798051 3.761644
175 -2.059757 0.8022235
243 -1.9757277 0.99937236
144 -1.552059 3.50866
225 -1.5527544 3.1697729
290 -1.4424212 3.3883343
67 -1.4743829 3.4466307
123 -1.5806335 3.7701678
64 -3.332254 -1.3617712
97 -2.206451 0.4164575
193 -3.6385508 -1.8474411
62 -3.5564947 -1.6637834
223 -4.0761733 -2.2533877
98 -3.2299495 -1.2284834
101 -2.1271133 0.5953948
117 -2.0796185 0.7059986
195 -1.510254 3.3245683
257 -1.4954991 4.0944896
190 -2.0004106 0.95985985
127 -1.9800051 0.7721721
139 -3.784114 -1.9473004
115 -1.5268145 4.0031896
44 -3.1570601 -1.2883656
46 -1.430105 3.9873846
61 -2.153737 0.52776515
90 -3.2725456 -1.4473401
299 -1.5221297 3.8743894
203 -3.725834 -1.9239502
239 -1.57748 3.6154943
162 -1.9839691 0.8279229
176 -1.4470681 3.476243
228 -2.0133452 0.86915076
255 -2.0084896 0.8655962
15 -1.9960946 0.9058639
240 -2.1895626 0.49678388
202 -4.1420426 -2.2141218
12 -1.9077294 0.96283716
17 -1.4952537 3.731906
20 -1.5141597 3.3235521
174 -2.111014 0.61155623
65 -3.6419601 -1.73724
69 -1.4651225 3.4918337
194 -2.0523546 0.82748103
85 -3.5744286 -1.7321005
170 -2.039966 0.7323037
106 -1.4990423 3.5789123
109 -3.7962086 -1.9411161
83 -2.0844114 0.6741748
11 -2.0369112 0.76740897
260 -3.9320068 -2.1969376
288 -3.416635 -1.5860022
50 -3.1322675 -1.2099708
122 -1.4866327 4.2889247
53 -1.495563 3.334999
298 -2.0513904 0.8244256
247 -1.5041047 3.813976
86 -3.5807953 -1.7435446
99 -1.4793732 3.5267656
266 -2.1275752 0.60750073
108 -2.0119221 0.9712445
233 -2.1878986 0.5596532
189 -1.5319597 3.4129617
267 -3.4714758 -1.576009
286 -1.5655053 3.6967516
148 -3.3588846 -1.5591042
5 -1.947953 1.0709941
126 -1.9764354 0.9560056
220 -3.6216598 -1.7962729
34 -2.071476 0.8078929
93 -1.479715 3.5075352
94 -2.0699494 0.7222749
52 -2.1095526 0.73454386
265 -1.4455719 3.5265486
113 -2.0556498 0.693098
227 -1.5140579 3.4109075
168 -3.6676235 -1.8513389
253 -2.028392 0.79554063
3 -1.552586 3.710734
6 -2.1101918 0.555726
219 -3.712961 -1.9167991
167 -1.4593854 3.8160412
35 -2.0444856 0.72349393
251 -1.451317 3.9925716
142 -1.5374202 3.9828644
84 -1.523469 3.6503036
254 -3.6861274 -1.8438934
55 -2.1231425 0.59943223
75 -3.5073874 -1.6683687
72 -3.1976855 -1.3533627
289 -3.7879124 -1.9152496
192 -3.4598725 -1.6374931
160 -3.624724 -1.7229396
185 -3.7412255 -1.8761283
161 -2.0073333 0.8569901
204 -3.713403 -1.7371445
29 -3.4199498 -1.6324127
66 -1.4631927 3.7015676
87 -2.0944533 0.628898
95 -4.018136 -2.1838634
262 -2.0969715 0.6591758
124 -1.5314224 3.916098
216 -3.9135847 -2.0033698
159 -1.4360124 3.463736
218 -2.0215955 0.8863833
258 -2.1257966 0.5648639
196 -1.5263906 3.792536
211 -2.0869696 0.65856993
96 -1.4835758 3.7389727
173 -2.0424287 0.76599264
201 -2.0004208 0.8800737
137 -1.539305 3.8448048
250 -3.6991727 -1.8301231
210 -1.516625 3.7132351
287 -3.9116876 -1.9798018
177 -2.0529945 0.78709584
246 -1.449502 3.7255676
263 -2.0848334 0.69952106
25 -3.6081786 -1.7575613
209 -3.139249 -1.2660786
26 -1.5127616 3.0074008
48 -3.7869868 -1.9577293
214 -1.9487438 1.0044764
58 -3.549508 -1.6792468
140 -2.1278727 0.56610066
89 -2.0827754 0.85011905
180 -2.1090925 0.713698
212 -1.5295247 3.7074242
158 -1.5337776 3.8424203
188 -2.100669 0.6736891
276 -2.0468495 0.81346965
284 -3.3708565 -1.4820157
244 -2.0876086 0.6809726
2 -3.4230516 -1.4573914
23 -1.996004 0.8660489
36 -1.546693 3.6999686
51 -3.5206609 -1.5751117
60 -2.0784652 0.74873346
283 -1.5315433 3.6744153
278 -1.4748443 3.7748084
273 -3.3848982 -1.4624653
163 -2.2218254 0.43179905
28 -3.4943805 -1.7087928
39 -2.125793 0.6936808
271 -1.6495621 4.0336947
47 -1.4988699 3.3340735
49 -2.0124338 0.80865353
155 -3.7395623 -1.8150241
54 -3.6822596 -1.8625143
104 -2.0033734 0.90241075
236 -1.4184226 3.3215115
129 -2.0378563 0.8861665
143 -1.4487976 3.184728
221 -3.586908 -1.6516063
237 -1.4677945 3.0426788
199 -1.993922 1.0071172
275 -2.0840697 0.856817
63 -2.0266826 0.82042676
100 -1.5591155 3.7664351
21 -1.5168004 3.316367
226 -1.501306 3.6615381
74 -3.2608862 -1.3854712
88 -1.5487229 3.455432
102 -1.9019465 1.1642741
171 -1.9717602 0.9636959
281 -2.0240998 0.8269198
114 -2.0794404 0.56575096
120 -3.31482 -1.4611912
249 -3.8271332 -1.9283003
256 -2.1957572 0.48323274
198 -3.1751828 -1.2192976
279 -2.1263394 0.65553254
296 -3.8520415 -1.9194182
297 -1.4612856 3.8738232
0 -1.4515728 3.6798127
10 -1.546301 3.8061838
37 -3.5582395 -1.7368888
141 -3.6363423 -1.7973474
182 -3.3162677 -1.4766475
80 -1.4280282 3.7313943
111 -3.3328333 -1.5236068
181 -3.2766833 -1.4045284
132 -1.4603113 3.0738387
261 -3.288277 -1.4888766
24 -1.4998455 3.5839772
208 -3.3953156 -1.4396609
200 -1.5283698 4.0028186
42 -1.5101349 3.7508545
248 -4.0248046 -2.2095823
112 -3.4926226 -1.5785017
213 -2.048303 0.805554
145 -3.7233553 -1.835425
165 -3.5707014 -1.7052714
179 -1.5128607 3.4699798
259 -3.4621994 -1.5589646
264 -3.8738568 -2.014825
77 -1.500131 3.1019928
110 -3.1918564 -1.2710277
197 -1.4953748 3.443674
222 -3.8106017 -1.9116604
78 -1.4708478 3.5222158
138 -1.4717861 3.3965628
153 -3.2227285 -1.3822656
232 -3.7817104 -1.8223196
4 -1.491454 3.3379648
238 -1.4675018 3.754576
191 -1.4929571 3.9727054
156 -1.5048537 3.466262
79 -3.7016609 -1.7524325
136 -4.008056 -2.108865
269 -3.1746805 -1.3994647
172 -3.423867 -1.5732044
76 -1.4941384 3.565118
81 -1.4564849 4.0786295
82 -3.4303784 -1.635361
91 -1.9381237 1.2079365
121 -2.1075375 0.70261794
229 -1.8895047 1.2509625
205 -1.5265969 3.8669534
215 -1.4544222 3.6381238
291 -1.9327437 1.002526
217 -1.4750671 3.9027486
13 -2.0477288 0.7315562
107 -2.080727 0.66165304
30 -1.5056496 3.4112484
45 -1.5270323 3.4307976
186 -2.035369 0.8468526
59 -3.8578122 -2.0351589
169 -1.5153524 3.822144
280 -2.0306957 0.8764425
27 -3.6811967 -1.6854236
152 -3.4580936 -1.6405258
40 -3.7033503 -1.8485265
178 -3.463244 -1.5654812
134 -1.9338158 1.1106269
92 -1.6129211 4.4327526
105 -3.052749 -1.2276169
293 -2.0321171 0.84477973
184 -3.7649786 -1.8840758
73 -2.0887017 0.7849365
103 -1.4951223 3.7020013
235 -1.4969732 3.5661974
207 -1.4789279 3.8779616
32 -3.1686013 -1.2797685
245 -3.6332173 -1.7656882
146 -3.8760264 -1.9487041
292 -3.4988568 -1.6491823
119 -1.4598488 3.3097098
71 -2.0786707 0.7591911
118 -1.5715265 4.0435486
285 -1.5052454 3.6797376
164 -3.8896244 -2.0337098
270 -3.6034603 -1.7125885
57 -2.0578122 0.7797304
1 -3.7022634 -1.8179799
70 -1.5392599 3.4218228
183 -1.9615562 1.0212128
125 -1.5222367 3.7117412
206 -3.2297797 -1.3870229
