30 2
22 3.803634 1.6175351
16 3.931993 1.7014092
10 5.277218 -1.8155332
4 3.9665287 0.903854
7 3.7373872 2.1108406
21 3.7304769 4.366981
28 5.8976264 -2.75163
8 6.0087 -2.6117244
15 3.96636 1.3461317
6 6.1098313 -2.9851668
19 5.460269 -2.0773098
14 3.7059994 1.9934915
27 3.8336868 5.986595
17 3.9563606 1.3351634
25 6.051877 -2.8258119
1 3.6420627 5.123199
23 6.6427894 -3.427582
18 3.8109999 1.2390139
20 4.056853 0.5922219
0 3.6445448 4.4306483
26 3.6374905 2.157835
24 3.6694725 4.614234
3 3.6155596 4.3175507
12 3.928112 6.174459
29 6.931648 -3.6702235
2 3.8989706 6.2645836
13 5.3184624 -1.8202382
9 3.7533529 4.6186576
11 3.7124307 5.694163
5 6.1891413 -3.0601497
