30 2
7 3.4182606 4.031357
3 0.7841056 4.1934667
2 -3.041614 5.4026732
5 0.94969887 4.063125
14 -3.3060794 5.425742
21 1.6848793 4.1857657
23 -3.6183975 5.657272
18 -2.2997653 4.8167367
4 -3.1354926 5.2202187
1 5.007227 4.22868
10 3.7812493 4.095163
29 3.9294853 4.1649933
24 0.9611366 4.228932
12 4.749074 4.1972322
6 4.4437904 4.077756
11 0.5386078 4.1825447
25 4.8758755 4.272108
15 4.983097 4.3147736
26 4.6268334 4.0937815
16 0.25698826 4.3872924
17 -2.9078152 5.263649
20 -2.2656586 4.956789
28 -2.5867147 5.0212483
9 0.2219685 4.317978
8 -2.4569836 4.868303
27 1.1536725 4.1474433
19 -3.7437897 5.607174
22 3.5191026 4.000745
0 -0.028613554 4.241379
13 1.7959195 4.094699
