30 2
4 3.8793902 1.4650024
8 6.258679 -2.0479033
16 3.746621 1.768714
22 3.6741767 1.8362366
14 3.5232835 2.3101745
15 3.8024359 1.5996338
7 3.5246599 2.3912058
21 3.2098193 4.962633
13 5.3815165 -1.1557983
25 6.34154 -2.1001947
17 3.79569 1.7233227
1 3.1426365 5.4336762
12 3.1118195 6.5972104
0 3.0620618 4.6879253
10 5.428971 -1.1023686
26 3.3765874 2.7236555
11 3.1230965 6.141317
18 3.748377 1.5757337
23 7.0298457 -2.757019
28 6.015098 -1.8968859
3 3.0685203 4.528469
27 3.1447368 6.2533445
9 3.0659926 4.884104
19 5.655506 -1.5118645
6 6.4056096 -2.180395
29 7.213282 -2.8601778
20 3.997905 0.9682866
24 3.1501615 4.9207454
5 6.49315 -2.3131523
2 3.2534237 6.8107243
