30 2
7 4.33463 3.054443
1 5.7905855 2.8238971
5 2.1245291 3.6742754
29 4.777417 3.122137
18 -0.80882764 5.1408896
10 4.593113 3.0470965
20 -1.0142012 5.3213487
0 1.2139814 4.009737
3 1.8451562 3.9429135
8 -1.1409243 5.344998
4 -1.7214129 5.8077297
14 -2.0309415 6.1440387
25 5.615206 2.859371
22 4.393729 2.9074469
6 5.311347 2.7987182
23 -2.2730832 6.483402
2 -1.4985944 5.861899
21 2.8204992 3.5824456
19 -2.207027 6.383019
28 -1.2364517 5.5493717
16 1.3834337 4.1610403
26 5.538827 2.7992086
24 2.0637565 3.8679028
27 2.317764 3.5525024
11 1.3918395 4.019634
12 5.321024 2.9732084
9 1.3808079 4.186871
15 6.040397 2.892243
13 2.7763846 3.5885315
17 -1.4788561 5.7139244
