300 2
64 -3.5894186 -1.5229399
11 -2.1132658 0.6377103
267 -3.2531915 -1.114598
234 -1.9429889 1.0651228
55 -1.9463176 0.9209015
174 -2.0080557 0.87128574
273 -3.7135623 -1.6469095
221 -3.710241 -1.6325451
181 -3.4606652 -1.2829633
56 -2.012465 0.8554415
126 -1.9093642 0.91935587
225 -1.2770156 3.7864745
257 -1.3315557 4.1102448
29 -3.749151 -1.6207246
271 -1.2815804 3.8947113
105 -3.1909537 -0.9442515
246 -1.2849132 4.1310325
293 -2.0539842 0.8364826
77 -1.2035023 3.5786743
157 -3.8376114 -1.7451011
148 -3.5524914 -1.3938177
236 -1.3370486 3.32536
220 -3.709466 -1.4732721
114 -2.2170272 0.48539278
158 -1.3273891 3.915304
170 -2.0046418 0.77067506
104 -2.0767903 0.73365086
93 -1.3109754 3.5628455
279 -2.093145 0.79337186
124 -1.3108882 4.121207
242 -2.0061107 0.94157887
298 -2.0905614 0.7883909
175 -1.9858425 0.81121063
40 -3.709433 -1.6085473
58 -3.7971354 -1.6358103
96 -1.2682049 4.0203443
98 -3.298468 -1.2007388
131 -3.5994556 -1.5423875
252 -2.0981908 0.6026006
36 -1.3188618 3.842312
42 -1.2592491 4.1290226
49 -2.0147452 0.8032424
62 -3.6185415 -1.4794679
205 -1.2778114 3.809659
0 -1.3209373 3.7141995
209 -3.3081255 -1.204757
291 -1.9594607 1.0133744
129 -1.9438125 0.92800057
178 -3.6929271 -1.5628052
5 -1.9084649 1.111721
163 -2.0923412 0.7753652
23 -1.9998393 0.90453523
130 -1.3314366 3.6838832
275 -2.178246 0.72753495
159 -1.2710978 3.588013
187 -3.499425 -1.3300256
100 -1.3402145 4.193466
238 -1.3059713 3.5681772
2 -3.369086 -1.273732
197 -1.269542 4.0070014
190 -1.98558 0.8470128
149 -1.8927993 1.0935572
45 -1.3503202 3.1954525
260 -4.0934362 -1.8793616
150 -2.1576316 0.519564
280 -2.1604629 0.615867
107 -1.9648947 0.93823904
233 -2.0089269 0.92434686
128 -2.0493958 0.80308867
206 -3.3457737 -1.2232304
258 -2.1522167 0.5306581
80 -1.2968967 3.8132973
240 -2.1378973 0.5663714
299 -1.2345945 3.8814735
97 -2.0909717 0.80292964
116 -1.30567 3.6278698
254 -4.0200176 -1.7926522
224 -3.7502077 -1.7023234
285 -1.3082242 4.173515
15 -1.9514456 0.96928394
20 -1.3238242 3.423723
70 -1.3289958 3.9116538
41 -1.3198729 3.8678968
67 -1.2491429 3.8729403
90 -3.2744365 -1.1585217
79 -3.6217432 -1.4057195
269 -3.4372354 -1.314796
125 -1.2666856 3.8279402
194 -2.1224933 0.6200182
12 -2.0140598 0.8389755
31 -1.2570857 3.760385
72 -3.4272072 -1.3720895
256 -2.0415006 0.77416044
135 -3.3934364 -1.2374055
169 -1.2583222 3.442234
296 -3.9641685 -1.770479
101 -1.9153872 0.9819699
121 -2.1130757 0.7657874
208 -3.6534145 -1.5049536
161 -2.0302927 0.88038284
244 -2.0793617 0.7910061
248 -4.0430336 -1.8554292
30 -1.2290589 3.6658185
122 -1.2345022 3.8465927
123 -1.2999455 4.0437427
276 -1.972593 1.0074257
166 -1.261607 3.9905488
63 -1.9651814 0.94727355
75 -3.3854766 -1.3670719
213 -2.109988 0.69767594
265 -1.2561674 3.4028554
198 -3.346422 -1.2981513
277 -1.8722486 1.1585792
4 -1.3209469 3.6285436
8 -2.031565 0.80521154
16 -3.603985 -1.5302536
84 -1.3740824 3.3401024
106 -1.3308405 3.4642532
288 -3.6527336 -1.5199156
153 -3.4060097 -1.2426918
87 -2.1150606 0.78523743
152 -3.750379 -1.6220639
191 -1.271248 4.0292993
210 -1.3328334 3.6638424
151 -2.0839045 0.73758847
259 -3.3444593 -1.2532985
182 -3.2936108 -1.1893216
289 -3.6588411 -1.4175442
223 -4.05581 -1.9724797
231 -2.028471 0.8077955
22 -1.3589917 3.5418043
33 -1.9304905 0.98008597
230 -1.3819017 3.3065307
60 -2.070149 0.8066041
82 -3.4746466 -1.3419089
83 -2.0397162 0.8501963
235 -1.2700547 3.8373287
186 -2.051141 0.8735706
207 -1.2775093 4.364112
141 -3.6238787 -1.4847082
145 -3.677572 -1.537949
173 -1.8792973 1.2269737
24 -1.3175184 3.662366
19 -1.3132646 3.4700172
228 -1.9961206 0.9165357
38 -1.2689282 3.9873905
180 -2.1556122 0.6197417
66 -1.2694734 4.14542
115 -1.2837058 3.9050686
253 -1.9362996 0.9305269
91 -1.8808897 1.1494844
94 -1.9591135 0.89447457
167 -1.2580951 3.231124
264 -3.788237 -1.6538988
132 -1.3459046 3.5592818
137 -1.2962822 3.989326
155 -3.7784696 -1.6412559
201 -2.0540276 0.7961503
266 -2.0211632 0.82659817
243 -1.9932098 0.83985674
215 -1.2836406 3.9262588
21 -1.3371884 3.6012554
27 -3.7263064 -1.6486869
251 -1.2679694 3.8692653
35 -2.239167 0.51217955
189 -1.3592831 3.3863826
50 -3.0850863 -0.9745947
164 -3.9968407 -1.9342542
147 -1.9790301 1.0611304
71 -1.97969 0.9086445
76 -1.2823931 4.1753974
89 -1.891088 1.1285944
214 -1.9306407 1.0501119
95 -4.016672 -1.9701827
192 -3.38076 -1.3816273
204 -3.7169862 -1.6115729
295 -3.500955 -1.4126157
136 -3.7414134 -1.6600809
268 -1.2523977 4.2300477
140 -2.0574436 0.70646524
184 -4.0643263 -1.9958751
9 -2.0530987 0.8295086
7 -1.344204 3.7648854
177 -2.0066328 0.93529147
10 -1.2848095 4.1980395
290 -1.3435262 3.333195
78 -1.3283309 3.67132
241 -1.9411916 0.9270723
134 -1.9257997 1.1996915
54 -3.835332 -1.621153
117 -2.1308165 0.64420086
69 -1.2619691 3.3772388
283 -1.2522416 3.4364336
102 -1.9980767 0.94369084
111 -3.4457686 -1.3056911
118 -1.3600534 4.046111
188 -2.0945756 0.8355951
219 -3.2873402 -1.2128383
249 -3.8702838 -1.77515
274 -1.9005922 0.9869961
212 -1.286415 3.8960364
108 -2.0175767 0.9140134
17 -1.2372885 4.1624928
103 -1.3742713 3.42552
239 -1.3535612 3.866865
183 -1.896016 1.1263583
203 -3.722547 -1.5615578
195 -1.3579985 3.2970643
81 -1.3298197 3.793992
282 -2.044305 0.6926091
133 -3.2759576 -1.2521031
143 -1.2874717 3.7131565
229 -1.8913898 1.1176671
262 -2.050999 0.8859279
53 -1.3279947 3.1837368
6 -2.0369089 0.7792289
13 -2.005618 0.9627581
74 -3.250551 -1.1842355
227 -1.3050884 3.2823431
28 -3.5200458 -1.3819302
43 -1.9406229 1.0183121
52 -2.0700967 0.75308555
127 -2.0391634 0.809228
119 -1.3256239 3.3392694
146 -3.8200638 -1.642658
162 -1.9999892 0.96427256
286 -1.2807097 3.990058
3 -1.265389 3.8909903
14 -3.453271 -1.3831836
34 -2.0110006 0.87305456
200 -1.3509929 3.9371169
47 -1.2710894 3.3549736
272 -1.3290783 3.2858107
287 -3.807072 -1.7364777
144 -1.257725 3.498752
176 -1.334186 3.480195
196 -1.3384912 3.754857
263 -2.1134706 0.6489478
1 -3.856956 -1.752698
61 -2.0720856 0.7350619
44 -3.242338 -1.1560594
237 -1.3825587 3.4617248
37 -3.530195 -1.4261658
46 -1.2716837 4.678809
270 -4.024918 -1.9266491
51 -3.646089 -1.5547712
59 -3.7030103 -1.5141284
284 -3.5306654 -1.4403483
112 -3.8394015 -1.6280763
171 -2.0132892 0.85091376
278 -1.2782829 3.2661855
297 -1.2704256 3.7757182
218 -1.976681 1.1098127
18 -1.9311306 1.0114446
25 -3.4676318 -1.3677311
294 -3.8158607 -1.7814659
48 -3.921615 -1.7875874
65 -3.4768293 -1.3777913
160 -3.6595597 -1.5607984
86 -3.410294 -1.3429531
247 -1.2607682 3.6153216
165 -3.424137 -1.2775482
216 -3.6202176 -1.5598335
245 -3.9291863 -1.73576
250 -3.9059558 -1.7778485
68 -1.3765099 3.6910236
39 -1.9726487 0.8139076
85 -3.7766542 -1.7484045
138 -1.3372347 3.4652288
139 -3.730835 -1.6121074
255 -1.9081321 1.1712668
142 -1.305386 3.9237897
32 -3.5873635 -1.4706069
179 -1.3386037 3.492996
120 -3.4516132 -1.4670185
185 -3.590229 -1.4816194
113 -2.0934055 0.69216865
57 -2.0363045 0.7613814
73 -1.9654089 0.8893213
99 -1.2421601 3.824672
109 -4.0105705 -1.8463134
156 -1.3550433 3.3621297
222 -3.8559961 -1.6940613
292 -3.8497634 -1.7839547
199 -1.9711026 0.92661935
154 -3.7977188 -1.7521502
217 -1.3388531 3.645568
281 -1.992153 0.9087785
226 -1.2863002 3.7534986
92 -1.283323 4.130013
172 -3.4291692 -1.4191211
232 -3.6483524 -1.5694002
26 -1.3056784 3.4054396
88 -1.3787386 3.1595013
168 -3.797655 -1.673361
110 -3.1844103 -1.069626
193 -3.7186463 -1.5933764
202 -4.149666 -1.8839056
211 -1.9716116 0.87655944
261 -3.4901567 -1.3988471
