30 2
5 2.0008693 3.7401762
7 4.247848 3.072056
11 1.3616475 4.043878
14 -2.0358257 6.1469417
24 2.0286608 3.917646
4 -1.7100266 5.801469
18 -0.87411034 5.117023
3 1.7597904 3.8916957
29 4.874922 3.0777194
2 -1.5525849 5.9245133
0 1.1432701 4.0872803
20 -1.0916965 5.383456
26 5.377798 2.853415
25 5.616949 2.9068534
21 2.7820196 3.6340966
1 5.8390274 2.8814442
8 -1.0500739 5.3192706
12 5.4018106 2.9335263
9 1.3755931 4.234797
17 -1.4690585 5.726319
10 4.5992494 3.09302
23 -2.3446083 6.4076114
6 5.2646394 2.8254073
22 4.449767 2.9920764
15 5.998595 2.8967776
16 1.3260322 4.203861
13 2.7074733 3.5765228
27 2.2985241 3.6460927
28 -1.3271037 5.4506416
19 -2.2354157 6.3821683
