30 2
22 3.706328 1.7931328
23 6.8636436 -3.2671807
16 3.8840158 1.6245029
21 3.3580904 4.8161635
4 4.0070934 1.0010817
11 3.480519 6.053923
10 5.4331374 -1.4237614
0 3.409374 4.651426
7 3.510919 2.223493
15 3.899784 1.3243486
26 3.6436043 2.3090684
28 5.92674 -2.4033363
1 3.3655114 5.2039824
8 6.124552 -2.4505057
14 3.7411413 1.9148326
25 6.2860184 -2.40621
27 3.4909174 6.167201
18 3.854534 1.3377028
13 5.370356 -1.5703684
6 6.2882743 -2.659666
24 3.4089432 4.757979
17 3.9417102 1.3985374
9 3.4314685 4.726697
20 4.087743 0.96616346
12 3.6648889 6.4713664
19 5.3109717 -1.4531604
5 6.3826494 -2.6131234
29 6.9577174 -3.1874006
2 3.7147245 6.4544735
3 3.3671043 4.430465
