300 2
231 -1.8885424 1.0657365
116 -1.4171017 3.7579136
3 -1.4768127 3.8968544
209 -3.4381301 -1.4933243
233 -2.1126244 0.62469214
49 -1.9378321 1.1198696
192 -3.3970525 -1.5764261
16 -3.7645774 -1.843052
113 -1.9678003 0.8963857
127 -2.0621016 0.7130906
56 -2.1081574 0.55673003
259 -3.286626 -1.350751
33 -1.9309634 0.9812017
114 -2.1133242 0.58119094
175 -1.9820194 0.8188625
288 -3.6235528 -1.7028227
174 -2.1294315 0.4786627
262 -2.1035614 0.6390797
22 -1.5381464 3.5244682
168 -3.6845477 -1.8629779
117 -2.0638893 0.6936722
170 -2.0325832 0.6569792
184 -3.7078965 -1.8032641
207 -1.500896 4.023931
158 -1.4820172 3.9721098
242 -2.1273792 0.53123796
14 -3.4810672 -1.4941065
232 -3.5199738 -1.5894238
53 -1.4970555 3.7746644
144 -1.3990133 3.6824086
295 -3.318827 -1.3542455
62 -3.7102926 -1.8280605
81 -1.5321462 3.451083
223 -3.8527884 -2.0336702
160 -3.4510963 -1.6045814
133 -3.2775345 -1.416988
299 -1.4526926 3.4315395
203 -3.6220624 -1.7302636
275 -2.0850327 0.6874927
190 -2.0158932 0.9107697
189 -1.4399263 3.3436239
282 -2.0535364 0.69207263
247 -1.4316415 3.551809
274 -1.9329721 1.0172572
7 -1.4953256 3.3031087
77 -1.4192408 3.0900266
251 -1.4618622 3.7780492
71 -2.0837476 0.8226745
55 -2.0944529 0.7836002
237 -1.4660296 4.024447
236 -1.4612061 2.8515923
291 -2.0124345 0.7445595
238 -1.4245471 4.0061116
240 -2.0593174 0.71662664
205 -1.4267089 3.1489947
27 -3.4732451 -1.5799466
277 -2.0273602 0.84894395
219 -3.6384006 -1.7637815
143 -1.4515938 3.5604234
120 -3.4925985 -1.5797806
152 -3.712991 -1.7114257
100 -1.5239267 3.9698
258 -2.1926494 0.47555622
105 -3.2515914 -1.3055223
229 -1.9154433 1.1642184
187 -3.6956668 -1.8483018
169 -1.5206816 3.7785785
28 -3.6249113 -1.8288382
29 -3.468764 -1.6256979
36 -1.5605696 3.810875
72 -3.192051 -1.1977357
82 -3.4484606 -1.4815862
104 -2.1746743 0.5155092
252 -2.1422052 0.61154556
135 -3.3297231 -1.4472332
263 -2.02736 0.7242121
230 -1.4752425 3.2472448
154 -3.8347657 -1.8573337
191 -1.4388676 3.730845
212 -1.4479936 3.5534663
260 -3.9393115 -2.0062895
273 -3.2932444 -1.3455689
6 -2.1389632 0.6562937
96 -1.441871 3.7932951
38 -1.4640797 3.6915963
254 -3.6659992 -1.7505821
44 -3.0160217 -1.0296004
235 -1.4881222 3.7455616
83 -1.9990461 0.77370995
241 -1.9590857 0.97591746
283 -1.4194788 3.7255204
128 -2.056347 0.62764364
12 -2.0273015 0.7970506
248 -3.6887982 -1.7956424
234 -2.0361083 0.7182245
47 -1.3948325 3.2832155
103 -1.4779683 3.4760387
129 -2.0341804 0.76860404
97 -2.1177258 0.53255904
141 -3.812052 -1.9224608
115 -1.4596883 3.9551086
294 -3.64847 -1.8331007
140 -2.166948 0.53067046
153 -3.521858 -1.6354659
76 -1.476735 3.6760502
4 -1.4712782 3.4305656
9 -2.1032345 0.6388369
26 -1.4360193 3.5404954
23 -2.0630968 0.7589506
198 -3.1562147 -1.3364705
31 -1.4716614 3.6794531
124 -1.4993236 3.9974222
206 -3.3873627 -1.5232226
50 -2.927485 -0.9641863
74 -3.5738587 -1.6803077
278 -1.507224 3.61305
86 -3.3502939 -1.4159755
165 -3.64633 -1.7287543
151 -2.0859115 0.71895945
271 -1.494431 3.9149528
108 -1.9296331 0.9508722
195 -1.4953792 3.5814934
293 -2.096835 0.679626
276 -2.06681 0.7568481
194 -1.9731727 0.9007526
224 -3.6741724 -1.8177007
2 -3.2979388 -1.4053056
280 -1.992625 0.7853839
180 -2.130667 0.50212497
199 -2.0428233 0.8393115
196 -1.5185984 3.5542247
284 -3.5462809 -1.7403535
216 -3.865906 -1.8795135
225 -1.4966168 3.640858
61 -2.0975633 0.6299615
66 -1.4935387 3.8996756
78 -1.3812463 3.6229155
243 -1.9809319 0.941481
111 -3.495694 -1.5899408
176 -1.4356894 3.6102738
125 -1.423158 3.4497283
256 -2.059619 0.6351188
45 -1.4279916 3.6519341
37 -3.8008516 -1.8672075
48 -3.775142 -1.8454453
54 -3.6514766 -1.8252425
65 -3.466285 -1.559547
107 -1.9796343 0.95128834
142 -1.5228492 3.9220052
150 -2.1156378 0.53234863
290 -1.421642 3.4050958
211 -2.0182695 0.7877889
253 -2.0735662 0.7163233
18 -1.8668562 1.1229498
64 -3.5255716 -1.6387414
25 -3.7479787 -1.8503247
57 -2.193948 0.41183668
112 -3.6592185 -1.7405618
214 -1.970449 0.93419087
155 -3.9905736 -2.105861
166 -1.535923 3.752258
119 -1.5254217 3.5333648
75 -3.6472259 -1.6481494
87 -1.9905901 0.794969
94 -2.0240116 0.7687518
292 -3.656442 -1.7630484
188 -2.1022308 0.6952224
118 -1.4729106 4.036839
122 -1.4640276 3.8529189
136 -3.911385 -2.0287678
138 -1.5206915 3.8233302
250 -3.423039 -1.514282
285 -1.47018 3.8392153
244 -2.0423229 0.80345714
17 -1.511084 4.038133
227 -1.4284416 3.4614966
32 -3.57522 -1.6506599
201 -2.0864036 0.6468334
132 -1.5052116 3.276659
91 -1.9693358 1.1246874
43 -2.0374415 0.9307809
80 -1.4513121 3.8112104
88 -1.4583426 3.5281851
202 -4.050729 -2.135504
95 -3.8860338 -1.9149029
172 -3.4047956 -1.4653004
5 -2.0050035 0.8935245
11 -2.068787 0.7717844
269 -3.2934983 -1.3867204
222 -3.8093667 -1.91391
70 -1.5011823 3.7941692
35 -2.017589 0.6473369
167 -1.4872365 3.4629767
42 -1.4644537 3.646216
67 -1.5068681 3.7941258
162 -1.9621427 0.9114718
59 -3.5344207 -1.6926597
249 -3.695192 -1.7028272
63 -2.0604537 0.73274183
109 -3.7586823 -1.8296138
110 -3.3329048 -1.3620926
126 -2.0675106 0.68490684
145 -3.6589494 -1.6680343
255 -1.995844 0.87325776
173 -2.1084096 0.7273612
171 -1.9530878 0.9806542
39 -2.0857542 0.76237667
46 -1.5775867 4.2585998
137 -1.4850061 3.3166428
215 -1.4309663 3.584538
134 -1.9075844 1.0093637
261 -3.5512142 -1.7974818
208 -3.5215645 -1.6513917
210 -1.5078611 3.5350554
8 -1.9721628 0.9156956
1 -3.7768471 -1.8637327
10 -1.5340015 3.8675091
281 -2.1478155 0.5920768
139 -3.738127 -1.8891817
79 -3.5818357 -1.7210789
149 -1.9536241 0.8608093
156 -1.4501549 3.3255527
287 -3.995609 -2.0728507
289 -3.5909235 -1.7829065
186 -2.0223691 0.8528987
296 -3.6109705 -1.7567296
24 -1.499069 3.7404866
30 -1.4413795 3.865193
40 -3.50837 -1.69804
52 -2.022656 0.90725464
90 -3.4927666 -1.5815032
298 -2.0019026 0.85838914
157 -3.5136533 -1.6611122
130 -1.5063652 3.90431
131 -3.500404 -1.6466013
147 -2.050368 0.8334628
183 -1.9454004 1.0991322
0 -1.4540931 3.5656521
178 -3.34667 -1.4688503
21 -1.4552392 3.5514538
257 -1.4557437 4.059701
217 -1.5237393 3.7107716
34 -1.9956 0.9453935
51 -3.5650055 -1.6184725
181 -3.3207731 -1.3648603
164 -4.050086 -2.0575747
146 -3.760038 -1.7985395
221 -3.7203336 -1.7905189
265 -1.4575318 3.363134
204 -3.5538454 -1.6557448
220 -3.5208077 -1.6518179
228 -2.003227 0.90453964
13 -2.0567932 0.7146905
245 -3.5115159 -1.6571205
84 -1.5095251 3.4764643
246 -1.5002098 4.2125254
239 -1.5512774 3.642482
272 -1.4437562 3.2856774
213 -2.114723 0.72617555
218 -2.019814 0.9790412
123 -1.4941527 3.7994676
185 -3.7601786 -1.8195329
41 -1.5127696 3.9588437
60 -2.0305688 0.8400327
89 -2.0017428 0.8668266
69 -1.4708251 3.663822
93 -1.5097783 3.6977615
121 -2.1898344 0.65495414
177 -2.1223912 0.56394607
159 -1.5258821 3.7302892
200 -1.4770539 3.7386234
267 -3.4878051 -1.5055526
270 -3.3868194 -1.4628749
15 -2.0420673 0.7561474
193 -3.7251897 -1.831139
101 -1.976794 0.96863794
279 -2.0094705 0.69041514
19 -1.4178591 3.3975499
68 -1.537338 3.5449414
73 -1.9974655 0.9234642
85 -3.7013865 -1.8011694
106 -1.4796801 3.3871171
226 -1.431244 3.7732892
161 -2.0530813 0.8504807
163 -2.1567738 0.49316445
264 -3.9008746 -2.038086
20 -1.4617585 3.6063447
58 -3.7153912 -1.7981715
179 -1.4211402 3.6698253
297 -1.4584327 4.078875
92 -1.5563272 4.25406
197 -1.5038198 3.7987845
286 -1.4938871 3.9865537
98 -3.4074037 -1.4784032
148 -3.551149 -1.6834226
182 -3.3019109 -1.5364351
266 -2.0746896 0.7550414
102 -2.0705798 0.74842846
99 -1.383878 3.1940215
268 -1.4409845 4.0033107
