30 2
16 3.833137 1.664774
15 3.9596136 1.2170799
7 3.6113815 2.0853617
8 6.1138473 -2.4034648
26 3.5608144 2.256962
13 5.414498 -1.5210676
22 3.6802285 1.698611
28 5.9967265 -2.300598
14 3.7479677 1.9300482
19 5.343962 -1.4865497
1 3.4164753 5.23752
6 6.296369 -2.6427467
25 6.1675467 -2.583437
21 3.468377 4.8015656
12 3.6637154 6.4819484
2 3.697568 6.5500374
10 5.362275 -1.3371536
0 3.4567478 4.72757
3 3.4271994 4.395681
5 6.3856807 -2.7342439
18 3.7932847 1.278929
29 6.9852476 -3.195271
4 3.9035134 1.0322528
20 4.0797763 0.8395565
11 3.5270953 6.0769625
23 6.834744 -3.336391
17 3.9441423 1.320898
27 3.4605772 6.1557837
9 3.4271278 4.737788
24 3.4155636 4.730827
