30 2
16 3.7936184 1.8229532
10 5.369216 -1.38904
25 6.147505 -2.2935438
22 3.781693 1.621852
8 6.0416093 -2.2223291
7 3.5606008 2.2889397
15 3.9062626 1.5236549
23 6.9190807 -3.1989477
20 4.045061 0.9512121
4 4.004863 1.1472816
26 3.5715106 2.2781851
21 3.375666 4.7324457
28 6.01808 -2.286323
1 3.395005 5.339144
19 5.4800935 -1.4606944
14 3.7024446 2.1068058
3 3.3450973 4.5799913
18 3.8288486 1.3461727
9 3.2707236 5.0030766
29 6.988699 -3.206385
12 3.4330444 6.4702153
17 3.9713595 1.4177365
6 6.3390026 -2.549209
13 5.597561 -1.6335751
0 3.22785 4.748635
2 3.5106628 6.603993
27 3.3827496 6.2174
11 3.425388 5.9719605
24 3.2908444 4.7676916
5 6.4455895 -2.5878863
