300 2
9 -2.005176 0.7895291
242 -1.8967928 1.1829753
8 -2.0471532 0.6972265
243 -1.9635253 0.89607155
147 -1.8978357 1.0546929
194 -1.9230032 1.0320082
16 -3.6510582 -1.4650022
205 -1.3233306 3.1736822
113 -1.9812435 0.8522654
289 -3.7284143 -1.5040689
276 -1.8519301 1.2052577
127 -2.0582352 0.783002
167 -1.2053031 3.556842
212 -1.3101887 3.962061
219 -3.5445654 -1.472423
21 -1.2851077 3.4121652
36 -1.3361542 3.6173124
117 -1.9719113 0.86249673
65 -3.4652956 -1.2384435
12 -1.8673657 1.1312078
87 -2.0821395 0.7120556
96 -1.3038592 3.6150799
116 -1.2621949 3.6217432
169 -1.2912986 3.751085
291 -1.9134563 1.0537286
183 -1.8998084 1.1059785
55 -2.1012356 0.62265867
27 -3.8197286 -1.6641575
221 -3.6316144 -1.5274793
82 -3.4648626 -1.2967445
93 -1.2827067 3.6855686
7 -1.3172299 3.584279
292 -3.7116172 -1.4623519
144 -1.2832673 3.4466093
271 -1.2973267 4.0847983
80 -1.2761592 3.6796696
282 -2.0557528 0.7291125
26 -1.320974 2.9594646
11 -1.938704 1.0710975
287 -3.9850266 -1.8115258
233 -2.0582407 0.8007447
187 -3.6294959 -1.4958093
262 -2.03725 0.72676355
190 -1.9822049 0.9367318
213 -2.0258133 0.8387827
232 -3.6222224 -1.533156
244 -2.0554414 0.74926853
3 -1.2304697 3.7584612
6 -1.9870371 0.8734795
108 -1.9655589 1.047166
238 -1.3050855 3.469867
268 -1.2904947 4.1110783
61 -2.036315 0.77757543
43 -1.90685 1.1162258
172 -3.7131248 -1.5352314
74 -3.3564405 -1.2592418
131 -3.6399088 -1.3564442
165 -3.6145368 -1.5149459
75 -3.6768274 -1.4546623
293 -2.0633998 0.7763805
79 -3.826977 -1.7566445
247 -1.295689 3.5943248
104 -1.9753648 0.93237805
288 -3.902214 -1.6332473
171 -1.9924475 0.9547555
198 -3.0653567 -0.9944636
77 -1.3191235 3.0787048
47 -1.309207 3.2644784
15 -1.9879193 1.0173341
228 -1.9577295 0.9012864
297 -1.295759 3.9317727
78 -1.2722554 3.6444101
56 -2.002672 0.9763531
295 -3.3989103 -1.3099915
294 -3.8162205 -1.7027607
274 -1.9171011 1.0022404
149 -1.9343635 0.9906666
277 -1.8824869 1.2317461
246 -1.2553197 4.3618293
252 -2.0162227 0.8596616
201 -2.0079925 0.875917
267 -3.4564867 -1.3628721
4 -1.3491741 3.611141
100 -1.3041517 4.1754427
189 -1.3272035 3.3614259
40 -3.8637316 -1.6029028
89 -1.8898283 1.1274993
54 -3.8635638 -1.6724963
278 -1.3078458 3.3663504
220 -3.8588881 -1.688762
170 -2.0554252 0.81194067
227 -1.2871138 3.5098464
275 -1.9851414 0.82680655
159 -1.2859634 3.8184276
49 -1.8967832 1.1803432
192 -3.6287642 -1.4215595
33 -1.8912206 1.1006194
57 -2.0806189 0.7334218
58 -4.0274763 -1.8203615
120 -3.8124933 -1.6106422
128 -2.0071878 0.84528244
196 -1.2500336 3.5258384
256 -2.0370572 0.77527833
140 -2.2396474 0.5063646
225 -1.2259568 3.8033605
234 -1.8310629 1.2107586
20 -1.2793773 3.3290687
23 -1.9490575 0.9641574
24 -1.2697189 3.5104573
202 -4.0442686 -1.8034943
129 -1.8966018 1.0111799
138 -1.267558 3.6205347
236 -1.3501489 3.04229
121 -1.9884336 0.82268286
136 -4.006322 -1.7578014
199 -1.958297 1.008418
241 -1.9544097 1.0577121
290 -1.314307 3.5764227
163 -2.1162357 0.7284308
14 -3.451069 -1.2852504
203 -3.7513516 -1.5391482
18 -1.9598618 0.93803924
110 -3.457852 -1.2195314
259 -3.424033 -1.2450511
45 -1.2602931 3.200586
46 -1.304897 4.200506
50 -3.0667086 -0.9226754
69 -1.2905874 3.5128148
71 -1.9974055 0.8476185
255 -1.8970358 1.1123772
273 -3.390817 -1.1938547
81 -1.2784404 3.6390693
103 -1.3103954 3.5170875
174 -2.0567696 0.79538935
263 -2.0022912 0.9417636
142 -1.2836137 4.0619903
222 -3.4565086 -1.3117083
84 -1.2745876 3.9667275
94 -1.9816924 0.8412061
251 -1.2842146 3.7325058
152 -3.8144364 -1.582554
157 -3.652568 -1.6162924
283 -1.2843974 3.9075844
17 -1.2578359 4.0991263
197 -1.2775674 4.046623
28 -3.694992 -1.5615318
105 -3.3409255 -1.2627724
51 -3.6087146 -1.5203192
115 -1.2974675 3.739338
208 -3.5306177 -1.4590678
139 -3.8385828 -1.6071197
207 -1.2040712 4.0969777
211 -2.091485 0.72465485
264 -3.907455 -1.7380432
101 -2.1002407 0.7476119
13 -1.9433259 0.9907124
19 -1.2981279 3.8205824
156 -1.2731676 3.4878457
60 -1.9542298 0.96554375
67 -1.2544272 3.9173548
98 -3.5008533 -1.3476156
168 -3.7602768 -1.5802695
38 -1.2376318 3.7965825
215 -1.2375886 3.846978
35 -2.2288957 0.4068639
299 -1.2976445 3.83791
280 -2.0281668 0.7969738
63 -1.959824 0.8659014
254 -3.7494814 -1.4928455
86 -3.3037128 -1.1614379
270 -3.5588758 -1.4366065
111 -3.424059 -1.2248361
178 -3.5672033 -1.4236814
186 -2.0177321 0.84303945
134 -1.9178022 1.0986253
10 -1.3726522 3.866158
180 -2.0394437 0.817329
269 -3.2421598 -1.0936251
248 -3.6347277 -1.5387313
195 -1.2914281 3.4128995
281 -2.0169735 0.879727
83 -1.9751077 0.7738674
216 -3.6421108 -1.4663365
53 -1.2999889 3.6654322
59 -3.7038138 -1.5576109
160 -3.8482215 -1.6015415
76 -1.2386599 3.9347396
85 -3.7823493 -1.6210098
146 -3.8258648 -1.6084386
249 -4.0165815 -1.829024
210 -1.2759123 3.539
125 -1.2688675 3.5559168
162 -1.8296002 1.2685494
217 -1.3382652 3.8023083
258 -1.9598012 0.9092241
166 -1.2589366 3.9003122
25 -3.8290243 -1.6587337
31 -1.2799945 3.3535075
126 -1.9832493 0.90455353
229 -1.8431621 1.3536851
150 -2.1416488 0.6442857
106 -1.2659303 3.5463338
130 -1.2747991 4.078382
148 -3.763542 -1.6376268
260 -3.7361472 -1.6258335
240 -2.0556784 0.75048107
0 -1.3282778 3.6615515
2 -3.4688933 -1.3085293
22 -1.3425257 3.761979
226 -1.3013333 3.8345044
41 -1.2891328 4.182136
44 -3.3761883 -1.2047573
209 -3.4901118 -1.3156749
109 -4.0997405 -1.888692
224 -3.9685473 -1.8258412
155 -3.7928877 -1.5310131
122 -1.2675256 4.2660027
154 -3.8263726 -1.6226757
285 -1.2336562 4.066279
253 -1.9113561 1.0673916
272 -1.2816015 2.9563959
5 -1.9474663 1.1174603
88 -1.2875828 3.7047234
97 -1.9251429 0.9217991
39 -2.145956 0.6647552
64 -3.7027512 -1.5734986
206 -3.4503362 -1.2649118
62 -3.6747527 -1.4657512
66 -1.2334802 3.9139552
193 -3.7318919 -1.4975206
95 -3.9681127 -1.7795221
141 -3.6111355 -1.5011547
177 -1.8292848 1.2764004
231 -1.8397343 1.0870287
237 -1.3095762 3.3157613
296 -3.8133745 -1.5602808
175 -1.9955881 0.9419938
29 -3.5625575 -1.4687802
30 -1.2649409 3.8979702
37 -3.8368118 -1.6591569
107 -1.9477049 0.9391279
99 -1.3041853 3.8938649
68 -1.2803822 3.7828043
298 -1.8896734 1.084186
182 -3.4500196 -1.2361234
158 -1.2522457 3.659525
173 -1.9833848 1.0406933
265 -1.3238117 3.4411485
191 -1.1911457 4.1807423
48 -4.142468 -1.9419677
42 -1.2705146 3.737527
70 -1.261472 3.8966208
137 -1.3165306 3.657849
279 -2.043605 0.7895391
257 -1.2918177 3.9880898
188 -2.09639 0.7047664
214 -1.8676283 1.1738324
261 -3.645493 -1.4801043
266 -2.070784 0.8166177
250 -3.7787654 -1.6801454
135 -3.6571631 -1.4080981
32 -3.7853653 -1.6183654
91 -1.8876678 1.2467042
235 -1.2812814 3.7550418
143 -1.2647715 3.49931
161 -2.1053 0.66420466
164 -3.9245908 -1.7271649
218 -1.8697155 1.1810478
92 -1.232171 4.3577237
286 -1.2996566 4.0836697
153 -3.360382 -1.1495234
34 -1.9175836 1.1046928
90 -3.6058564 -1.4333634
245 -3.8229182 -1.7305284
230 -1.2717876 3.8198135
145 -3.7139227 -1.5581602
284 -3.4050615 -1.3307984
72 -3.4058313 -1.2200469
200 -1.2330813 3.8540106
112 -3.4444 -1.3140846
119 -1.285873 3.5530763
124 -1.3293244 3.8822906
184 -3.830849 -1.6268629
1 -3.4686809 -1.3619615
118 -1.2072482 4.1818533
123 -1.3026055 3.8523214
151 -1.9638376 0.79740244
181 -3.400908 -1.2519355
176 -1.3165363 3.34996
73 -1.9617932 1.1721991
204 -3.6881146 -1.4656792
179 -1.2852769 3.5109425
102 -1.8676677 1.1706376
133 -3.6512387 -1.4669933
52 -2.0345778 0.81515086
114 -2.036811 0.7931419
185 -3.5287695 -1.4697305
223 -4.0270786 -1.7836825
239 -1.2529886 3.6523309
132 -1.3332537 3.3214395
