30 2
10 5.285055 -1.8763123
17 3.9980485 1.2053452
13 5.2607718 -1.8284581
1 3.8268888 4.9646716
21 3.866674 4.4788365
16 3.965692 1.433352
22 3.8876903 1.2346629
7 3.802272 1.8580991
3 3.7250156 4.27916
4 3.9785488 0.8159756
28 5.82207 -2.8020327
5 6.101734 -3.283657
23 6.5316195 -3.8071876
15 4.0215945 1.0150044
19 5.3041644 -2.0555708
6 6.074602 -3.068808
9 3.8466787 4.426406
25 5.92236 -2.92529
11 3.926145 5.593161
27 3.9549565 5.797295
14 3.9048738 1.7586256
26 3.7407408 2.0096476
18 3.872459 0.95409286
8 5.8945637 -2.8606052
12 4.052705 6.103553
24 3.7521958 4.4880333
29 6.523012 -3.6913118
20 4.0820045 0.54653436
2 4.1344695 6.0573187
0 3.706566 4.144486
