300 2
114 -1.9846052 0.8696182
35 -2.0991676 0.7736101
6 -2.0413957 0.77475315
246 -1.2794192 3.8389747
265 -1.3596423 3.4482677
102 -2.0710418 0.771579
63 -2.0099273 0.77119815
131 -3.4534621 -1.3677871
12 -1.9689263 0.9636281
54 -3.8758526 -1.7382042
22 -1.3018664 3.5397823
130 -1.2755774 3.7751029
234 -1.9822063 0.8926336
298 -1.8964444 1.0253447
11 -2.0365434 0.8257249
144 -1.3459386 3.7644482
27 -3.6832938 -1.641453
96 -1.3108759 3.937747
213 -2.1749766 0.5521946
136 -4.0924697 -1.9699287
105 -3.1941156 -1.1703252
113 -2.0231621 0.7849341
295 -3.296801 -1.2110289
132 -1.3147373 3.1770132
13 -2.0310051 0.79533297
235 -1.2982575 3.7130737
129 -1.9104749 1.0395703
87 -1.9725872 0.9852909
103 -1.3230768 3.6658676
3 -1.3331726 3.8339043
23 -1.9598831 0.9201114
34 -1.8728201 1.0840096
284 -3.5839462 -1.4505427
83 -2.0317664 0.83242375
93 -1.3626293 3.8362558
140 -2.1056726 0.69440305
242 -1.9732985 0.9009648
62 -3.580191 -1.5365508
170 -1.9556267 0.9528697
75 -3.577247 -1.4083219
176 -1.3438932 3.4577267
117 -1.9954498 0.84418464
134 -1.9186273 1.0036925
188 -2.1028514 0.71364135
225 -1.3042998 3.376485
233 -1.9676216 0.8967575
0 -1.3246375 3.7941632
5 -1.8907199 1.0161994
228 -1.9608543 1.0073628
94 -1.9633623 0.97683716
127 -1.9035515 1.0825102
31 -1.2982804 3.7960384
124 -1.3389249 3.9324071
282 -2.0468607 0.7305984
164 -3.9524357 -1.8588259
211 -2.111539 0.6578196
257 -1.3498877 4.0733485
241 -2.0391295 0.7810153
198 -3.3933957 -1.2350763
30 -1.3972663 3.9480162
43 -1.9023384 1.0617541
64 -3.6464548 -1.5459898
270 -3.6226883 -1.5255522
86 -3.245239 -1.1516387
101 -2.075416 0.6597201
148 -3.4423003 -1.277047
189 -1.3801821 3.3430152
205 -1.3396326 3.1591837
90 -3.668157 -1.541227
196 -1.242139 3.671146
260 -4.0319495 -1.9166133
206 -3.3884563 -1.2664855
89 -2.0286486 0.89470834
190 -1.9433491 1.0133145
199 -1.9103438 1.0280209
109 -3.8809993 -1.8366107
154 -3.6867495 -1.5423725
133 -3.5817077 -1.5776417
252 -2.0904853 0.6856441
256 -2.0932517 0.6791419
291 -1.8324474 1.2770157
276 -2.042875 0.8079893
210 -1.3479942 3.8315384
36 -1.3115858 3.6571658
69 -1.3271594 3.6236362
182 -3.5674045 -1.5107114
178 -3.2595205 -1.2132732
88 -1.3303857 3.6622596
267 -3.4524477 -1.3909963
274 -1.8706666 1.199396
255 -1.8892074 1.0681505
8 -1.9679258 0.7876475
15 -1.8769488 1.1026993
18 -1.9820771 0.93907857
273 -3.580019 -1.5033668
52 -1.989177 0.99189556
184 -3.5935297 -1.5361321
280 -1.9583486 0.9411316
71 -1.9098694 1.0004667
153 -3.4729402 -1.4001694
263 -1.9257207 0.9537727
240 -2.1859815 0.4485464
186 -1.9843357 1.0283308
214 -1.9555875 0.95422816
293 -2.0373993 0.73942167
104 -1.9647198 0.8728156
33 -1.9304874 1.0133533
55 -2.0877018 0.71394205
107 -1.8640659 1.2004709
203 -3.7665439 -1.713141
159 -1.3520445 3.8929753
70 -1.333951 3.3352885
77 -1.3634368 3.2569327
125 -1.2763621 3.5644681
237 -1.3651397 3.4824185
99 -1.313722 3.8743637
268 -1.3633149 3.9623926
289 -3.6702352 -1.4881722
57 -2.0918279 0.6769654
160 -3.541392 -1.3823177
49 -1.996289 0.9478069
201 -2.012904 0.8231919
56 -1.8757082 0.9473686
147 -1.9397013 0.98095584
187 -3.6132965 -1.5202585
155 -4.0159955 -1.9521935
269 -3.3980422 -1.3312286
165 -3.4588408 -1.3486394
169 -1.3638484 4.019072
175 -2.0373828 0.7585858
275 -1.9597853 0.9776749
209 -3.1998105 -1.1869552
47 -1.3427521 3.09242
230 -1.3665252 3.3227272
7 -1.3688349 3.261902
39 -2.019012 0.9193002
156 -1.325748 3.5597217
244 -2.0030057 0.8415729
283 -1.3299264 3.6498306
157 -3.5050051 -1.3113273
218 -1.861473 1.2770276
285 -1.3259109 3.972875
122 -1.3205084 3.7317457
116 -1.3336476 3.3856895
123 -1.3154901 3.8165781
126 -1.9561888 0.9773803
28 -3.7063544 -1.5844091
42 -1.396538 3.5872154
174 -2.1036222 0.61262
65 -3.3790221 -1.2567177
84 -1.322697 3.7052789
1 -3.6474352 -1.5333738
292 -3.575138 -1.4964516
221 -3.6484199 -1.4706658
78 -1.3353503 3.6567378
76 -1.3697734 3.7192402
251 -1.3459388 3.8026195
60 -1.9776096 0.97590345
249 -3.9404435 -1.8051745
79 -3.8080344 -1.67402
92 -1.3011501 4.365819
111 -3.2712708 -1.1657629
115 -1.3472054 3.966258
259 -3.4666874 -1.3653651
128 -2.0019271 0.8844494
138 -1.3690658 3.5327861
162 -2.024222 0.894557
207 -1.3525078 3.804724
224 -3.9697053 -1.7652313
2 -3.4308949 -1.2559998
48 -3.860578 -1.7009894
9 -2.0240066 0.83795977
97 -2.0024304 0.8191645
243 -1.8941735 0.97082865
17 -1.2956946 4.385672
20 -1.2948741 3.3651412
21 -1.3081167 3.826414
106 -1.3436853 3.6997561
53 -1.3905777 3.8040729
180 -2.1401672 0.5810593
151 -1.918153 1.0249296
91 -1.8105099 1.4138271
226 -1.3459544 3.9060733
163 -2.1084044 0.6734443
112 -3.5717387 -1.4320564
152 -3.7170913 -1.6118948
231 -1.8658792 1.0985959
290 -1.3337703 3.58326
32 -3.7934463 -1.6317376
250 -3.7127118 -1.6357955
10 -1.369459 4.0887637
229 -1.8399906 1.2712988
26 -1.2763301 3.29817
72 -3.651512 -1.5559546
167 -1.3731035 3.681235
194 -1.9720892 0.9184136
46 -1.2795886 4.2109184
51 -3.6978114 -1.4608598
66 -1.3489395 3.547849
120 -3.4551353 -1.4217635
254 -3.6475246 -1.511682
185 -3.8000464 -1.6101347
16 -3.6172478 -1.4211621
297 -1.3292809 3.7962759
41 -1.368685 4.0025
44 -3.4072804 -1.3329202
288 -3.8271759 -1.6548156
74 -3.598605 -1.3750526
204 -3.46311 -1.3763281
80 -1.3213927 3.495417
258 -1.9386269 0.8778082
296 -3.8486793 -1.7278674
141 -3.8584836 -1.7291714
277 -1.9694225 0.92495066
208 -3.8070512 -1.5843903
59 -3.8273544 -1.669304
24 -1.3441277 3.7723625
25 -3.6283169 -1.5056368
118 -1.3142724 3.9673367
121 -2.1085377 0.69741344
181 -3.5946116 -1.5327631
197 -1.3237066 3.6784434
166 -1.2869968 4.079817
150 -2.124015 0.5411866
19 -1.2770334 3.8481765
253 -2.0442765 0.7789536
98 -3.4760609 -1.3675841
236 -1.3740219 3.3987517
139 -3.8929713 -1.7629142
266 -2.0301304 0.89224625
232 -3.9124682 -1.6832302
262 -2.025239 0.96210974
137 -1.2977372 3.7113378
143 -1.3756363 3.9298038
45 -1.335778 3.3454058
238 -1.2711759 3.9738832
58 -3.7407737 -1.7089357
299 -1.3097667 3.5494075
279 -1.9733098 0.9655426
108 -1.9579232 0.98156106
227 -1.3693666 3.9205115
168 -3.6642025 -1.5102985
158 -1.3181838 3.8588152
193 -3.9027088 -1.6792228
216 -3.903336 -1.7108501
239 -1.311323 3.4584801
183 -1.9443933 0.93025166
29 -3.1920917 -1.0320716
81 -1.2951796 3.8961585
271 -1.3076727 4.159806
14 -3.6283472 -1.5219778
294 -3.6813686 -1.5918019
145 -3.7995403 -1.6815246
37 -3.5582733 -1.4838502
73 -1.9115804 1.0783069
110 -3.011203 -0.9175716
177 -1.9547886 1.023478
217 -1.3182307 3.779317
192 -3.4352007 -1.3619819
248 -3.8940516 -1.7758162
95 -4.0299406 -1.9282331
149 -2.0618289 0.70851463
38 -1.3181621 3.6666157
61 -2.120015 0.6548999
161 -1.9524713 0.98515695
195 -1.3441261 3.312157
219 -3.704536 -1.5439011
4 -1.3460553 3.5879056
135 -3.4607835 -1.4168519
50 -3.1661878 -1.0349112
67 -1.3445733 3.765724
68 -1.3068918 3.5672
247 -1.2702148 3.5758917
272 -1.3514742 3.1744096
173 -1.9749999 1.0000732
179 -1.3449183 3.6650581
215 -1.3178672 3.6559086
278 -1.3334752 3.4183054
82 -3.757058 -1.6042256
40 -3.793864 -1.6957601
85 -3.499269 -1.38161
171 -2.0620508 0.9218907
287 -3.509356 -1.4169898
100 -1.2852602 4.087415
261 -3.6215107 -1.4961118
146 -3.7081358 -1.5507662
200 -1.2698108 3.9613883
245 -3.6070662 -1.5352709
281 -2.0801299 0.7237916
286 -1.2635417 3.8744602
212 -1.3912764 4.0503726
142 -1.3175397 4.019195
220 -3.7133565 -1.6242304
264 -3.8706188 -1.7132646
172 -3.7417712 -1.5945605
222 -3.7122662 -1.5966309
202 -4.1020994 -2.0449896
191 -1.2644418 3.7191336
119 -1.3417848 3.4328003
223 -3.7466931 -1.6710225
