30 2
7 4.505083 2.8934724
2 -1.475006 5.9449186
4 -1.5040263 5.860064
14 -1.8137325 6.126513
11 1.5900329 3.9884093
5 2.186213 3.6292498
25 5.6836505 2.8099198
20 -0.90063864 5.317299
23 -2.030652 6.376832
0 1.0938988 4.113637
10 4.628929 3.0021155
1 5.818907 2.7514863
29 4.9282637 3.0337925
3 1.7672651 3.921998
18 -0.73015296 5.2390637
22 4.4337964 2.9101853
24 1.9866077 3.792212
6 5.385993 2.7714674
26 5.5445857 2.6808488
12 5.573102 2.8216405
17 -1.2928258 5.7335863
21 2.8061113 3.5055256
8 -1.0114844 5.4268785
9 1.2899126 4.1600814
15 6.1089287 2.779118
13 2.9661868 3.4436457
27 2.322785 3.6388576
16 1.3850385 4.137888
19 -2.1746216 6.4514565
28 -1.1851096 5.481605
