300 2
89 -1.852025 1.1560389
176 -1.3304423 3.4930975
11 -1.8408574 1.1974748
282 -2.0164938 0.7735963
33 -1.8076807 1.225594
9 -2.0238674 0.8127921
234 -1.951482 1.0622816
37 -3.8262377 -1.6859698
163 -2.2011063 0.5644399
187 -3.626211 -1.4792582
211 -2.0376294 0.76111805
277 -1.8966192 1.0596945
90 -3.413131 -1.3011769
126 -2.004961 0.7736817
75 -3.4502118 -1.3472376
130 -1.3166832 3.794402
135 -3.4461153 -1.2495426
88 -1.2879593 3.5193977
169 -1.3001926 3.7479577
198 -3.2833216 -1.1143613
105 -3.322328 -1.2504977
153 -3.4808009 -1.3621022
289 -3.8342524 -1.6432331
158 -1.309524 3.7232945
29 -3.7275362 -1.5544844
151 -2.007089 0.88691163
152 -3.6144028 -1.536331
242 -1.9391478 1.0515683
27 -3.5353343 -1.3532898
8 -2.0161154 0.7710233
209 -3.4693487 -1.3146696
59 -3.9871101 -1.7663187
147 -2.0597167 0.7967611
30 -1.2405765 3.6413388
297 -1.2902728 3.8775797
284 -3.6116254 -1.4122176
110 -3.197732 -1.0845981
269 -3.3317833 -1.1469283
6 -2.1023946 0.5912561
192 -3.6250565 -1.3776373
13 -2.0981808 0.7194862
35 -2.1173534 0.5903572
148 -3.7012556 -1.4627035
156 -1.2918559 3.8000305
70 -1.2602574 3.7536817
195 -1.2594439 3.5444283
127 -2.0053418 0.7457263
7 -1.2417655 3.5794673
286 -1.28716 3.7260208
243 -2.0059764 0.82546294
174 -2.1093416 0.62913847
249 -3.9475865 -1.76343
280 -2.0207963 0.91974163
63 -2.033493 0.66190463
73 -2.0545092 0.78099984
295 -3.569367 -1.3728375
69 -1.2160068 3.744778
157 -3.4907465 -1.2410364
50 -3.2336338 -1.1317624
60 -2.013671 0.88548464
77 -1.3072215 3.537941
115 -1.2451078 3.7499874
97 -2.1779153 0.50723374
214 -1.8640924 1.1217706
65 -3.4712176 -1.4353316
231 -1.8098776 1.1841608
275 -2.1095 0.68610615
66 -1.2072304 3.807255
31 -1.3223803 3.8020928
170 -1.8838872 0.9659075
42 -1.2521358 3.7711167
258 -1.9595803 0.9566419
274 -1.91056 1.1719664
67 -1.2341123 3.774226
290 -1.2799445 3.5111568
206 -3.584676 -1.4604418
298 -1.9288721 0.98903686
267 -3.447016 -1.3472724
241 -1.9817696 0.9456414
262 -1.900366 0.9822746
18 -1.8470553 1.2334763
131 -3.60107 -1.3705775
111 -3.4080985 -1.2814298
43 -1.9975681 0.9122119
276 -1.9741461 0.74420637
84 -1.2685363 3.6445014
117 -2.0015757 0.85613877
133 -3.5421197 -1.4242569
134 -1.8931469 1.059657
144 -1.3702557 3.7106013
260 -3.7760463 -1.6346648
278 -1.2979157 3.8192601
239 -1.2846498 3.852728
217 -1.2165056 3.949035
240 -2.1841516 0.5689769
149 -1.9859167 0.8859343
132 -1.3116618 3.2523303
28 -3.7303972 -1.5325199
39 -1.9691448 0.89174193
56 -2.0147629 0.86626804
294 -3.6709216 -1.5197588
189 -1.3017249 3.6232653
167 -1.3514901 3.6918893
123 -1.2294637 3.6895142
128 -1.9991293 0.82804346
216 -3.734923 -1.536137
12 -1.972518 0.9638031
160 -3.8979564 -1.685847
104 -1.9611592 0.8772533
251 -1.2842784 3.6373084
87 -1.9299992 0.9924758
212 -1.2118556 3.759525
238 -1.2587366 3.48133
51 -3.706953 -1.5498548
136 -3.914814 -1.6142029
64 -3.365719 -1.2096934
177 -2.0595686 0.77723044
100 -1.3387072 4.1332664
154 -3.603845 -1.4045976
296 -3.591633 -1.3992399
265 -1.3047879 3.389015
3 -1.2714292 3.9284642
140 -2.0734107 0.7199929
15 -2.0530915 0.89527607
16 -3.5711157 -1.3526831
48 -3.85895 -1.6476583
255 -1.9320797 1.1145215
74 -3.5185127 -1.3968353
291 -2.0770807 0.88080096
96 -1.2898757 4.0032625
232 -3.7762597 -1.5799143
114 -2.1274097 0.5548396
125 -1.2415303 3.7095666
248 -3.962353 -1.7389696
165 -3.7584827 -1.5107884
191 -1.2207417 3.901404
207 -1.2062494 3.7349362
245 -3.859581 -1.7809002
182 -3.4636323 -1.289852
2 -3.439668 -1.2843424
263 -2.0004375 0.81697005
21 -1.2581196 3.6577408
235 -1.3313537 3.6276004
62 -3.8001728 -1.5808133
197 -1.2643043 3.9332807
213 -2.0320616 0.8139996
180 -2.0152528 0.7094956
76 -1.2958734 4.2758617
82 -3.7910144 -1.5177419
159 -1.2778621 3.7182202
190 -1.9064193 1.2068428
113 -2.0004623 0.91698843
254 -3.7806892 -1.557856
222 -3.8594294 -1.7131858
22 -1.2778676 3.809463
102 -1.987762 0.9738968
93 -1.3185865 3.2149749
112 -3.5474038 -1.4449742
188 -2.0575726 0.85064316
116 -1.2884598 3.2519033
244 -2.0069096 0.86235374
194 -1.9369552 0.9911448
196 -1.2820936 4.163704
268 -1.2366433 4.2393403
259 -3.6459365 -1.3975863
5 -1.885456 1.2004899
129 -1.9712929 0.91862404
19 -1.2706505 3.580206
20 -1.3099831 3.549101
24 -1.2493509 3.713305
181 -3.4293132 -1.258016
230 -1.3509133 2.9153152
107 -1.8903823 0.9568437
47 -1.3020533 3.229062
53 -1.2917084 3.7110176
71 -1.9906946 0.8665355
118 -1.2928492 4.1733084
293 -2.1043732 0.702303
183 -1.996449 0.90519255
227 -1.2890111 3.515791
257 -1.2898711 4.268202
23 -1.9311727 0.9211349
40 -3.6805353 -1.4949934
247 -1.2293684 3.6480644
68 -1.2942924 3.639955
79 -3.5646577 -1.4901443
72 -3.4897602 -1.3050277
80 -1.2810165 3.6734898
142 -1.3140016 3.9082575
109 -4.0355425 -1.8764133
139 -3.8296564 -1.6154058
172 -3.6339958 -1.4183464
179 -1.2818474 3.6690805
201 -2.0125625 0.82248485
205 -1.3270881 3.8178096
233 -2.0289805 0.8134513
292 -3.8736687 -1.6706719
101 -1.9232701 0.9784313
281 -2.073515 0.84675
226 -1.2284099 3.9398313
164 -3.9062412 -1.7846706
36 -1.2728639 3.789162
46 -1.2569381 4.19866
58 -3.9327295 -1.737542
85 -3.487108 -1.4199599
162 -1.9684048 0.9246544
161 -1.9930247 0.8018668
252 -2.0539567 0.72383356
208 -3.4944556 -1.3547038
168 -3.8368762 -1.6463795
229 -1.9479462 1.0424892
10 -1.3127002 3.9375665
121 -1.8459681 1.156352
273 -3.5631216 -1.3915873
98 -3.4309525 -1.2514515
145 -3.6021366 -1.3888533
218 -1.9267297 1.004657
49 -2.0396087 0.8673161
54 -3.8109283 -1.6230264
186 -2.022471 0.89632744
246 -1.2265168 3.9021304
261 -3.6313229 -1.3870927
272 -1.3254905 3.191574
228 -1.9658953 0.9753041
155 -3.6688316 -1.3867924
178 -3.4834905 -1.2764753
225 -1.2394305 3.9489634
253 -1.9074769 1.0185182
166 -1.276024 4.130529
52 -1.8756477 1.091379
185 -3.737226 -1.6488907
108 -2.0415244 0.8431565
45 -1.2940947 3.4873798
83 -2.0705974 0.7415688
106 -1.2217475 3.293323
138 -1.26109 3.5329978
119 -1.3528863 3.2177727
122 -1.290361 4.409999
200 -1.3559101 4.00522
173 -1.9379103 1.1019832
221 -3.789536 -1.5677347
237 -1.2016627 3.9224005
210 -1.2592641 3.6301298
4 -1.2617987 3.6490476
17 -1.2465446 3.8332655
99 -1.2937293 3.6193092
271 -1.3018769 4.2536836
285 -1.2772548 4.311504
264 -3.6835835 -1.4937706
203 -3.754854 -1.5581841
34 -1.9867709 0.93266463
141 -3.741205 -1.5108002
236 -1.3104949 3.3608332
44 -3.1420176 -0.9892211
250 -3.7970345 -1.6540674
81 -1.313742 3.6417453
143 -1.3169231 3.3084764
270 -3.6959865 -1.4879318
26 -1.2151396 3.275807
204 -3.7086713 -1.5722845
78 -1.3156352 3.6173434
94 -2.0395267 0.7083991
150 -2.0518177 0.71681774
215 -1.2958295 3.8898313
219 -3.498908 -1.4225545
1 -3.5412686 -1.4892173
175 -2.0363798 0.8231759
171 -2.0208342 0.9105319
199 -2.0303044 0.916309
124 -1.2899128 4.061177
299 -1.2445562 3.8465266
224 -3.8202636 -1.566549
279 -1.9692353 0.8819868
92 -1.2480162 4.4501004
86 -3.2983396 -1.0890758
223 -3.9263387 -1.6674569
137 -1.2671957 3.886167
287 -3.7859797 -1.6224844
25 -3.5652604 -1.3827611
32 -3.6891572 -1.5136033
55 -2.081864 0.7242103
57 -2.0551636 0.63843954
61 -2.1111126 0.70387596
288 -3.8360162 -1.6007086
95 -4.050241 -1.7657434
91 -1.8958008 1.2193555
103 -1.2808156 3.5374627
256 -2.0122476 0.7511046
14 -3.5187113 -1.3285856
184 -3.717023 -1.5886713
202 -4.2203 -1.984145
41 -1.2979697 3.9766917
283 -1.2301114 3.8842962
266 -2.0240777 0.9236784
193 -3.8053908 -1.6227823
120 -3.647271 -1.4659172
0 -1.2187741 3.4920902
146 -3.8595183 -1.7143428
220 -3.661391 -1.4896274
38 -1.2444743 3.9138596
