30 2
10 5.368389 -1.8444605
8 5.994181 -2.7091467
21 3.7060673 4.4647493
17 4.020047 1.2417184
22 3.7931788 1.5819594
14 3.7916267 1.9588724
25 6.0462704 -2.7757542
28 5.9075575 -2.6398368
15 3.9647384 1.3287982
12 3.9090672 6.188022
1 3.6534836 5.0157204
6 6.103142 -2.9639788
27 3.8024414 6.0063176
16 3.901705 1.561553
26 3.7173126 2.0959218
4 4.053437 0.84080464
20 4.0808744 0.543488
7 3.7664464 2.0027444
23 6.5879707 -3.5837424
19 5.31831 -1.9670347
9 3.685848 4.6792827
18 3.9717135 1.079295
3 3.6969943 4.2394705
24 3.7413008 4.5355253
0 3.627032 4.4464765
2 3.9699898 6.2348824
13 5.1883287 -1.8170682
11 3.8487282 5.6771355
5 6.124455 -3.0492215
29 6.8843374 -3.7363348
