30 2
16 3.872742 1.5980154
10 5.399677 -1.8755007
22 3.8213568 1.6349654
4 4.030018 0.864773
1 3.6617262 5.0463743
15 3.9477806 1.3141358
8 5.991143 -2.6996815
21 3.7495131 4.5366325
25 6.0441403 -2.757203
19 5.3242216 -1.9659172
28 5.919211 -2.6442833
14 3.774992 1.980793
23 6.6128936 -3.5939674
20 4.1020722 0.44676793
7 3.771951 2.014044
0 3.5914447 4.4284635
2 3.9671168 6.187035
13 5.198882 -1.7610997
6 6.1172667 -2.961375
17 4.010782 1.2806166
18 3.960761 1.1012993
26 3.696783 2.1495216
29 6.880643 -3.7132602
11 3.8234303 5.6681867
12 3.893722 6.176652
5 6.121626 -3.058961
27 3.788429 6.0030847
3 3.6745417 4.250398
24 3.7016973 4.5606155
9 3.6931896 4.6772017
