300 2
242 -1.9786011 1.008474
170 -2.114005 0.5542507
64 -3.6755319 -1.6517617
5 -1.965828 0.9742556
23 -1.988224 0.9380606
263 -2.0830193 0.6961873
41 -1.4468896 3.9570756
169 -1.4395659 3.5349884
54 -3.8504322 -1.8884691
247 -1.3707756 3.567334
100 -1.4680862 3.9091687
216 -3.6057029 -1.7353994
107 -1.9863299 0.9797768
6 -2.0853024 0.70182544
165 -3.4986787 -1.6398802
56 -2.0848286 0.73666626
73 -2.00269 0.779438
183 -1.9833028 0.8952891
182 -3.4237628 -1.4601448
233 -2.0777764 0.5731613
66 -1.4173081 4.055095
90 -3.468249 -1.504694
238 -1.4816587 4.046678
141 -3.5654962 -1.6843902
194 -2.1188643 0.6348658
213 -2.0892467 0.72059613
128 -1.9737585 0.8737004
234 -1.9996154 0.88276196
136 -4.1236 -2.2176223
284 -3.4570956 -1.5351387
47 -1.3679986 3.3949122
270 -3.4959648 -1.5187432
224 -4.116504 -2.0537856
27 -3.5318375 -1.6333146
116 -1.3574594 3.666569
161 -2.101004 0.64113283
7 -1.4043428 3.3471515
150 -2.1273918 0.5543515
291 -2.0476205 0.7554263
62 -3.6756363 -1.6309898
108 -1.9757183 0.939698
71 -1.9751347 1.0311438
254 -3.7398322 -1.7340463
292 -3.5238392 -1.6245137
298 -1.9622635 0.9473007
160 -3.6438997 -1.6795063
225 -1.4206707 3.5977607
11 -2.040862 0.7362846
273 -3.334562 -1.4522284
124 -1.471953 4.036073
119 -1.4257067 3.675889
88 -1.4564823 3.5822406
164 -3.958152 -2.061098
198 -3.3186584 -1.3826339
175 -2.032446 0.8361428
257 -1.418175 3.8950133
69 -1.4112586 3.396989
229 -1.8798488 1.2151173
117 -2.145322 0.62954247
122 -1.4337445 4.4120216
123 -1.4129039 3.836603
228 -1.971413 0.89703053
258 -2.0372026 0.8185241
217 -1.4165515 3.8445804
120 -3.4510005 -1.4668304
43 -1.9807587 0.98972017
111 -3.6331608 -1.6608512
236 -1.408684 3.162733
2 -3.6220872 -1.6007103
25 -3.8113418 -1.8361946
146 -3.8527942 -1.8837672
131 -3.4458518 -1.4561683
148 -3.713545 -1.8653497
288 -3.640964 -1.819036
159 -1.4329816 3.7353456
145 -3.7928379 -1.8222009
222 -3.7586184 -1.8020799
277 -1.9342784 1.0389808
256 -2.0651891 0.822036
205 -1.4241802 3.1844516
78 -1.4040158 3.4656093
101 -1.9872339 0.9473988
137 -1.414376 3.465532
72 -3.2716136 -1.2809634
227 -1.3992342 3.566934
33 -2.024008 0.93452847
152 -3.569804 -1.6884567
52 -2.0341501 0.8308343
113 -2.0025415 0.7357985
53 -1.403121 3.2333014
83 -2.033592 0.710002
112 -3.5969734 -1.6297191
149 -2.0370696 0.77986395
121 -2.1264813 0.5808024
204 -3.63909 -1.6636804
189 -1.430471 3.3455315
46 -1.4666501 4.1898875
132 -1.3914795 3.7764053
290 -1.3626944 3.5194602
232 -3.5969791 -1.6370044
271 -1.3834807 3.8526506
129 -2.0237598 0.8488063
166 -1.3870542 3.872674
115 -1.4952143 3.7122207
157 -3.6372745 -1.7423037
174 -1.9820527 0.9372943
127 -2.0676475 0.6658794
133 -3.1606512 -1.2315439
211 -2.0174675 0.74974
181 -3.4004412 -1.5263618
186 -2.0352194 0.9092844
269 -3.2692688 -1.4049563
8 -2.0396981 0.77514553
30 -1.3974357 3.6061625
26 -1.4028338 3.2890153
260 -3.856364 -1.9463997
45 -1.4119124 3.244262
176 -1.383149 3.160264
114 -2.0832584 0.64823556
76 -1.4640982 3.8213468
283 -1.3587592 3.514308
210 -1.4535652 3.5462153
202 -3.9632325 -1.9866103
282 -2.1724167 0.52270174
0 -1.3877764 3.8034368
287 -3.6585095 -1.7236607
12 -1.9750105 0.92025954
38 -1.4028741 3.563204
156 -1.4253715 3.0529997
40 -3.441133 -1.4922434
201 -1.9957045 0.7597739
276 -1.9241595 0.96152526
94 -1.9849888 0.78330076
97 -1.9660145 0.91623014
110 -3.1594174 -1.1356821
272 -1.4365517 3.126712
138 -1.44728 3.6075895
265 -1.4027954 3.9134116
144 -1.4107177 3.4525833
14 -3.5165458 -1.5724441
4 -1.4679084 3.4781427
153 -3.5389805 -1.6189158
106 -1.3771169 3.3759382
297 -1.3591555 3.8412802
280 -2.134709 0.6519688
135 -3.317229 -1.339389
142 -1.3417548 4.006956
168 -3.6142974 -1.8247831
180 -2.0901773 0.68049884
230 -1.448288 3.3149884
240 -2.148579 0.59804636
268 -1.4179473 3.8513865
3 -1.3964919 3.638458
35 -2.0889993 0.64698005
91 -1.876725 1.190563
18 -2.0112796 0.8911354
63 -1.9247601 1.029194
37 -3.8683727 -1.9481214
193 -3.7979412 -1.8721099
50 -3.1805809 -1.2924718
61 -2.205013 0.49025705
80 -1.5186265 3.8175282
85 -3.4299457 -1.4849705
279 -2.1229758 0.6661041
154 -3.9683816 -1.9833721
134 -1.9450539 1.0754728
267 -3.3192763 -1.3993512
167 -1.4238904 3.5738132
92 -1.4857463 4.4666624
77 -1.382969 2.9416533
203 -3.4461277 -1.4689898
42 -1.4135534 3.7573645
235 -1.46518 3.7524035
163 -2.2083137 0.46380535
60 -2.055265 0.85960644
68 -1.3658046 3.548709
98 -3.328714 -1.3365475
99 -1.3977022 3.6134522
281 -2.0276742 0.8737378
249 -3.800933 -1.7911556
274 -1.9722465 0.9818608
190 -1.9742674 0.99526924
294 -3.5422542 -1.617292
215 -1.4564158 3.6632597
67 -1.3984046 3.56636
9 -1.9666969 0.9062041
10 -1.5180649 4.201452
15 -2.0187848 0.8326557
126 -2.0222645 0.8257015
16 -3.4498825 -1.5227665
130 -1.3969911 3.8365872
32 -3.4307406 -1.3760126
36 -1.4545954 3.8117194
196 -1.4008293 3.3319883
82 -3.7102127 -1.7473983
199 -1.9749981 1.0201263
231 -1.8705178 1.2069415
237 -1.4346216 3.763915
252 -2.094379 0.6646013
104 -2.0292642 0.8553649
75 -3.5116067 -1.5338513
289 -3.5721915 -1.62653
192 -3.5310898 -1.6565305
103 -1.4427651 3.49235
191 -1.4272927 4.0486813
118 -1.4145923 4.2308245
262 -2.0338666 0.8558175
253 -1.9535334 1.074966
87 -2.0347176 0.9366118
173 -2.1334965 0.69466686
13 -2.027743 0.83103245
28 -3.5001352 -1.5818442
44 -3.3312387 -1.3616835
259 -3.4577432 -1.5729042
147 -2.0371797 0.7949015
248 -3.9530778 -2.0486825
139 -3.816466 -1.8544345
20 -1.3443953 3.423226
49 -2.0743487 0.79901165
251 -1.4789184 3.5925055
31 -1.3903884 3.535148
223 -4.2034326 -2.1483305
239 -1.4406425 3.5907724
58 -3.6715028 -1.7091317
188 -2.1099002 0.7206221
81 -1.4868519 3.9130642
96 -1.4386026 3.6728673
286 -1.3821362 3.897345
293 -1.9920057 0.82212585
261 -3.4151592 -1.5246097
158 -1.4220906 3.7740693
221 -3.5587773 -1.6069086
295 -3.3989851 -1.3968326
245 -3.4978979 -1.5156277
140 -1.9961623 0.84559524
125 -1.4164512 3.479523
34 -1.9776244 0.97067416
285 -1.4258258 3.5851583
79 -3.7135754 -1.7799722
84 -1.4421779 3.4686918
275 -2.0643408 0.86371773
95 -3.742611 -1.884893
171 -2.0615087 0.81780434
151 -2.0040967 0.76884234
266 -2.0556126 0.86580694
59 -3.461754 -1.4342302
65 -3.4193459 -1.513236
264 -3.7596197 -1.7663091
200 -1.4065012 4.0896473
219 -3.47836 -1.5532433
185 -3.659398 -1.7861083
255 -2.0643673 0.7588219
22 -1.463833 3.5746808
39 -2.1630797 0.6136573
55 -2.0140495 0.8158804
89 -2.0108602 0.9403144
178 -3.4916265 -1.5490749
244 -2.0636344 0.8019377
209 -3.5664673 -1.5137299
218 -1.9801692 0.98618096
70 -1.3986984 3.7559702
21 -1.4115288 3.4517844
48 -3.576931 -1.7453648
212 -1.3639311 3.9709256
177 -2.0727248 0.7242411
241 -2.057635 0.9523687
214 -2.0051172 0.8238994
250 -3.6355994 -1.6282116
299 -1.405757 3.6493087
1 -3.598145 -1.7357649
184 -3.7277236 -1.8394481
51 -3.4152021 -1.487952
155 -4.039931 -2.077059
197 -1.476038 3.9412389
109 -3.8085282 -1.8139195
102 -1.9691705 0.9175274
143 -1.3361291 3.4082713
172 -3.2690878 -1.3168105
195 -1.4088539 3.3027487
162 -1.9548138 1.0430424
17 -1.454054 4.0795703
57 -2.0401304 0.81596535
246 -1.4435585 3.9136145
19 -1.417263 3.4808598
220 -3.7040956 -1.7296313
29 -3.584107 -1.5805771
74 -3.450068 -1.5321507
86 -3.2568743 -1.3008257
93 -1.3715074 3.837693
208 -3.6964605 -1.7990655
187 -3.646099 -1.714357
278 -1.4669353 3.5793862
179 -1.428245 3.933467
24 -1.4026496 3.5251021
207 -1.4741873 3.808423
243 -2.0193439 0.9227513
105 -3.3518457 -1.456821
296 -3.7354922 -1.7309047
226 -1.4386368 3.7403228
206 -3.2755044 -1.3297477
