30 2
7 3.5278246 4.0089927
29 3.8497086 4.1006603
3 0.85331315 4.1517835
5 0.98429793 4.0525403
20 -2.405141 4.9426007
14 -3.2002013 5.475435
9 0.4207663 4.2632027
4 -3.1261837 5.3316755
2 -3.0156713 5.4187603
6 4.4931507 3.9823654
25 4.751777 4.1974297
23 -3.5341806 5.629299
24 1.0037742 4.1299677
10 3.8023343 4.0630293
18 -2.2158198 4.8635817
0 0.16439381 4.2345386
19 -3.6162848 5.6425323
1 5.152351 4.197472
26 4.761074 3.9823732
11 0.57337314 4.1553774
21 1.7167984 4.0893173
16 0.19849718 4.396053
8 -2.3708045 4.9987497
12 4.852261 4.170496
27 1.2416831 4.1674848
28 -2.3873818 4.9241834
22 3.7374306 3.9669976
13 1.879205 4.073412
15 5.006289 4.254897
17 -2.8845985 5.2996163
