30 2
20 -2.2958167 4.9377756
7 3.4940996 3.9253433
3 0.83960116 4.2069383
14 -3.2553039 5.462056
1 5.112997 4.229988
2 -3.0179482 5.4152393
29 3.8418677 4.1755047
18 -2.1647315 4.843102
4 -3.1440217 5.3262005
10 3.744207 4.011121
0 0.059764557 4.266089
5 0.93320584 4.0748925
25 4.796981 4.210983
23 -3.559919 5.5810013
22 3.655896 3.9117413
6 4.451848 3.984085
19 -3.6568267 5.6499443
24 0.9873513 4.2014494
11 0.59122074 4.241985
27 1.2032034 4.099999
21 1.7548617 4.1437187
8 -2.428484 4.946677
26 4.6886177 4.017329
28 -2.550282 4.929669
16 0.18727647 4.4005494
15 4.969984 4.2403493
12 4.7960987 4.2063627
17 -2.8970277 5.301492
13 1.814306 4.1082206
9 0.3321335 4.3744698
