30 2
2 -1.6210225 5.948878
29 4.8427186 3.090914
7 4.2503533 3.0296378
3 1.6849679 3.9157507
18 -0.8326691 5.0638537
0 1.1691796 4.067399
14 -2.0177147 6.1797147
23 -2.2764251 6.458461
4 -1.7435083 5.808903
21 2.7036858 3.5995755
5 1.9558918 3.7341332
25 5.639114 2.9394774
20 -1.1047903 5.347308
16 1.3136882 4.169719
19 -2.264555 6.3613906
1 5.8478394 2.919447
12 5.4523993 2.943721
10 4.60218 3.058306
11 1.3750302 4.0820713
22 4.4926467 3.0287344
6 5.2771344 2.8595178
24 1.9920866 3.899677
26 5.4294496 2.8270762
15 5.9572735 2.939679
27 2.2494662 3.6936142
17 -1.4366775 5.7413745
13 2.70017 3.529083
9 1.334272 4.246548
28 -1.3569989 5.41507
8 -1.1413604 5.3257923
