30 2
8 6.419962 -1.9985927
21 3.007395 4.99091
1 2.9382997 5.641606
22 3.5887668 1.9910785
4 3.9309795 1.3553895
28 6.133763 -1.7126935
15 3.8191152 1.6306088
6 6.405151 -2.0890307
7 3.4194252 2.50118
16 3.6346223 2.0878708
26 3.4362044 2.5082018
24 3.0448854 4.9003263
14 3.4995553 2.331489
27 2.9811816 6.420514
20 3.9788177 1.1029743
25 6.358505 -1.9121411
29 7.0913434 -2.6549902
12 2.9584591 6.676976
0 2.9854643 4.7928205
18 3.7005565 1.5415548
23 7.0735598 -2.5947356
10 5.507205 -0.96269745
17 3.8006392 1.7782289
13 5.407899 -0.8646704
3 3.076721 4.646277
19 5.5505843 -1.0605435
11 2.939678 6.2641907
2 3.0322971 6.943621
5 6.6742463 -2.1805034
9 3.0746076 5.038869
