30 2
29 4.339176 3.8142543
18 -1.8774585 5.036419
7 3.735704 3.7440343
2 -2.5161135 5.6507683
3 1.241358 4.0457625
10 4.0329123 3.7663534
0 0.5362817 4.206628
24 1.276907 4.129064
25 4.9684315 3.857634
14 -2.9914744 5.6576967
5 1.2468499 3.9409091
23 -2.9954119 5.769492
22 3.9757128 3.6321943
1 5.2697 3.7307262
20 -1.8779374 5.18631
28 -2.1562016 5.2176456
17 -2.4250746 5.464965
4 -2.5441923 5.509706
6 5.053383 3.684308
11 0.8116019 4.136505
8 -1.9573724 5.0356793
12 4.7126822 3.676522
16 0.5545031 4.3098307
15 5.418581 3.881062
19 -3.3416672 5.884151
26 5.0764856 3.6909025
9 0.55638653 4.344239
13 2.1672661 3.9206226
21 2.1634955 4.061964
27 1.4861275 4.015061
