30 2
1 3.2172387 5.497402
22 3.6238778 1.7595524
4 3.9949386 1.0415478
16 3.7040687 1.9138527
17 3.9222145 1.3725694
15 3.8811882 1.4021558
21 3.296221 4.892293
7 3.5122452 2.2662199
28 6.09017 -2.1532085
14 3.646343 2.0416036
10 5.4184036 -1.3257091
25 6.198796 -2.2185826
13 5.5141025 -1.519747
23 7.0145845 -3.0035906
26 3.5482051 2.3124013
6 6.4318423 -2.488582
19 5.471527 -1.4971702
11 3.2724493 6.0061855
5 6.4141784 -2.4075758
8 6.1839447 -2.22025
20 3.9965224 1.0481051
2 3.4837706 6.572365
29 7.019285 -3.1758058
27 3.405095 6.124614
12 3.40442 6.5744166
18 3.7948055 1.2977266
0 3.2076468 4.7169085
24 3.2197912 4.973116
9 3.3552039 4.810991
3 3.3127449 4.609742
