30 2
21 2.8667333 5.1981287
10 5.400731 -0.84634703
13 5.6081367 -1.0935787
22 3.5056145 2.0926754
1 2.8075085 5.6526
25 6.426907 -1.6793553
16 3.5724106 2.123924
4 3.808585 1.4807589
15 3.7460344 1.8553941
14 3.514824 2.213616
17 3.6824684 1.9741558
8 6.378891 -1.7047745
19 5.6880293 -1.123894
7 3.3361678 2.6387157
26 3.3641646 2.6465318
2 2.9330142 6.987877
20 3.9681437 1.2184108
6 6.4166117 -1.9299291
11 2.7730086 6.1853156
27 2.841078 6.414644
23 7.037943 -2.3763764
28 6.1366906 -1.6611747
3 2.8509629 4.6762233
0 2.8624003 5.1217585
18 3.6346033 1.6812394
12 2.8557582 6.7592273
24 2.9236069 5.0508676
29 7.233793 -2.3729653
9 2.8823261 5.0699835
5 6.699033 -1.8782504
