300 2
190 -1.9108473 1.1675057
233 -2.1305313 0.68856436
243 -1.9101888 1.0073521
298 -2.0088544 0.90953493
265 -1.2771268 3.510998
12 -1.898757 0.9817355
246 -1.3244494 3.751541
277 -1.8970953 0.95509934
236 -1.2972893 3.2650456
18 -1.9476933 1.0086766
255 -1.8717096 1.1971246
73 -1.917549 0.9991802
205 -1.2828425 3.5655653
83 -2.042611 0.78091526
256 -2.0628567 0.71248734
281 -2.0322924 0.7594996
9 -2.1305366 0.5670361
107 -1.948128 0.856584
64 -3.571167 -1.4230275
292 -3.625691 -1.5262699
147 -1.9277779 1.0640155
89 -1.9355319 1.0240945
125 -1.2611799 3.6330254
30 -1.3442122 3.8141599
32 -3.4742272 -1.2555623
131 -3.5274217 -1.3614734
11 -2.0659347 0.5846491
100 -1.3221443 3.8982155
117 -1.9677974 0.93247575
129 -1.8822669 1.0562083
234 -1.8829646 1.0934207
259 -3.572503 -1.5255163
231 -1.825027 1.2120029
3 -1.3462254 3.857562
15 -2.0426283 0.7850762
105 -3.3526292 -1.1030289
27 -3.6974547 -1.563563
86 -3.5440094 -1.3990487
166 -1.2867043 3.746789
238 -1.3395299 4.1652217
225 -1.2567874 4.039412
291 -1.9412543 0.924965
114 -2.0991411 0.5657752
235 -1.336211 4.0078344
210 -1.3025346 3.630465
272 -1.3125253 3.480253
81 -1.219694 4.0580864
218 -2.0145555 0.728689
159 -1.3204148 3.811285
93 -1.3310949 3.7733114
195 -1.2569494 3.2416484
274 -1.9381952 1.0397291
263 -2.1529996 0.52310795
219 -3.7060528 -1.5736715
180 -2.0412362 0.69583803
22 -1.3617524 3.9468045
52 -1.9667403 0.8900069
67 -1.2680329 3.7690732
35 -2.1141238 0.545998
115 -1.265501 4.031975
108 -1.9778945 0.87456274
149 -1.9346397 0.98681325
80 -1.3594514 3.6173027
221 -3.611373 -1.5087404
253 -1.9336667 0.96350676
33 -1.9634475 0.97006387
45 -1.3523387 3.2863083
41 -1.327136 3.974836
43 -2.1103537 0.6862562
47 -1.2619864 3.3779097
84 -1.3037704 3.5696907
158 -1.3670962 3.8232307
199 -1.9234039 1.0942168
23 -2.0253434 0.9101363
209 -3.45753 -1.3526007
194 -1.9524317 0.91640866
72 -3.4968803 -1.4100678
79 -3.7532892 -1.6452543
252 -2.029902 0.72725147
171 -1.9747435 0.91770697
223 -4.2269773 -1.9760896
71 -1.9829103 1.0097414
104 -2.0089173 0.85933423
29 -3.5467238 -1.4914595
77 -1.2858919 3.3121703
211 -2.012258 0.91425544
59 -3.7060146 -1.5460942
97 -2.101149 0.71176416
266 -1.9446051 1.0122226
124 -1.2838576 3.9956796
120 -3.7531323 -1.5860885
139 -3.761746 -1.5495356
168 -3.5916579 -1.4705137
239 -1.2981912 3.6503766
1 -3.5316157 -1.4278936
222 -3.722481 -1.6127541
88 -1.3403823 3.6382105
5 -1.8906363 1.1377898
6 -2.007124 0.82430005
16 -3.6321077 -1.6662501
19 -1.2385688 3.771742
273 -3.6241145 -1.5042998
288 -3.6722627 -1.5460767
56 -1.9579833 0.95332855
162 -1.9144788 0.9875145
191 -1.2627388 3.9402966
113 -1.9776791 0.86837393
132 -1.3129032 3.4853992
174 -2.0515711 0.7510113
232 -3.682892 -1.5095042
176 -1.2584978 3.1068265
237 -1.3632107 3.4502413
240 -2.1590304 0.47477967
179 -1.2607181 3.5705614
63 -1.9565216 0.8709118
98 -3.2458403 -1.216264
103 -1.3017219 3.7445853
146 -3.711502 -1.649818
160 -3.4853761 -1.4007739
294 -3.685154 -1.6140015
242 -1.9800342 0.8690227
226 -1.285361 3.5747418
7 -1.327216 3.3702538
289 -3.4433715 -1.3387101
127 -2.0731432 0.6802028
215 -1.2811286 3.420444
37 -3.9609702 -1.8519374
148 -3.9906228 -1.876491
58 -3.7155333 -1.6645613
70 -1.316683 4.0623374
270 -3.866964 -1.7536533
101 -1.9743913 0.813455
110 -3.2132468 -1.1517596
214 -1.9871114 0.7778481
196 -1.2577372 4.039238
206 -3.4638536 -1.4314914
247 -1.3183565 3.6404886
21 -1.2986606 3.5261743
297 -1.3477672 3.8108127
42 -1.2583686 3.8509433
283 -1.3177805 3.5753224
50 -3.3040392 -1.1817992
119 -1.2874683 3.5651052
284 -3.6013272 -1.5028793
213 -2.0343547 0.72254276
230 -1.2830734 3.1789603
161 -2.1392348 0.52654475
118 -1.3112983 4.3636312
122 -1.1784327 4.2273507
293 -2.0572643 0.755703
130 -1.354987 3.5127492
254 -3.7813509 -1.6255943
269 -3.3514116 -1.2763423
201 -2.034634 0.79308313
276 -1.9210672 0.8993802
123 -1.281833 3.4968212
68 -1.288618 3.4390786
28 -3.728569 -1.6335433
267 -3.2465217 -1.1216322
51 -3.7037523 -1.5810698
198 -3.3483937 -1.3330455
62 -3.7835624 -1.6585723
153 -3.3459616 -1.2161465
152 -3.4922624 -1.350572
99 -1.284999 3.5586305
260 -3.9460645 -1.7903197
154 -3.9671428 -1.823083
173 -2.0009258 0.92725915
187 -3.645635 -1.5084699
57 -2.1225524 0.78304857
8 -2.1436355 0.57103854
299 -1.2864422 3.6628432
25 -3.554778 -1.5021363
172 -3.632615 -1.5308115
55 -2.0356185 0.7588626
202 -4.232607 -2.194496
69 -1.251307 3.3314703
275 -2.0037467 0.9648456
183 -1.9991708 0.87433213
249 -4.06482 -1.8599561
189 -1.2940162 3.549329
203 -3.9999216 -1.8664619
13 -1.9928722 0.87039214
151 -1.9450864 0.92309684
54 -3.6723979 -1.5147964
181 -3.3334837 -1.2094754
75 -3.538443 -1.4131864
87 -2.009409 0.85226554
140 -2.0630627 0.68728256
182 -3.1327572 -1.087539
227 -1.2598768 3.4953265
268 -1.3217819 4.3675637
290 -1.3083264 3.2168145
96 -1.286834 3.7494233
170 -1.9375939 0.8951895
244 -1.9884067 0.82196605
39 -1.9729233 0.9104025
74 -3.3207502 -1.2723553
112 -3.668842 -1.5418209
134 -1.8888752 1.0849804
258 -2.0818276 0.68671906
48 -3.848941 -1.7289088
167 -1.2842754 3.8172712
76 -1.2464246 4.0644937
94 -2.0470219 0.7839037
95 -3.8221502 -1.8245999
217 -1.3136126 3.9324129
150 -2.0828385 0.6536408
197 -1.2845352 3.9025514
192 -3.489634 -1.418369
212 -1.2637002 4.0906863
61 -1.9291134 0.77887017
229 -1.9246129 1.1052245
165 -3.6623414 -1.5651841
175 -2.0814636 0.76878494
143 -1.2860374 3.6203313
111 -3.5211112 -1.4148133
228 -1.9534286 1.034473
128 -2.0452774 0.728726
186 -1.9847633 0.99347615
169 -1.339005 3.701132
251 -1.3034229 3.70326
207 -1.3646715 3.9420414
208 -3.7649639 -1.5803839
280 -2.0429134 0.844676
156 -1.3004798 3.2143822
14 -3.614891 -1.4311602
286 -1.2618018 3.871427
145 -3.479005 -1.3593681
287 -3.7067094 -1.6284839
178 -3.4456468 -1.3306513
262 -1.9800254 0.9033295
141 -3.3311841 -1.2344644
164 -3.679563 -1.507082
295 -3.439304 -1.2482529
285 -1.3153607 3.9329567
278 -1.2512581 3.5111434
245 -3.4225562 -1.168133
248 -3.8094268 -1.6766552
2 -3.639509 -1.4377385
20 -1.3235704 3.68482
17 -1.222667 4.1269126
36 -1.2923394 3.589952
90 -3.3539712 -1.298836
40 -3.7061412 -1.5561296
257 -1.3215389 3.9591148
49 -2.055086 0.7309851
177 -1.9760059 0.82063365
137 -1.3228924 3.1653662
60 -2.0092936 0.8831797
109 -3.7624886 -1.6455147
163 -2.1812499 0.5709952
0 -1.2931076 3.4325893
204 -3.616868 -1.5271738
78 -1.3179792 3.6588683
34 -2.0365112 0.8116037
136 -4.028113 -1.8273734
91 -1.7987509 1.4188982
92 -1.3118836 4.158192
241 -1.9234358 1.0041592
31 -1.3356328 3.7398026
185 -3.6346042 -1.5470431
224 -3.7958474 -1.5609809
188 -2.1106715 0.67151225
250 -3.7711682 -1.6747894
261 -3.5193233 -1.3427471
44 -3.278032 -1.2295635
282 -2.1407669 0.5522845
220 -3.5210829 -1.4312725
102 -1.9068098 0.9633041
155 -3.920554 -1.7587839
184 -3.8124454 -1.6093389
279 -2.044599 0.81519693
4 -1.3344333 3.9660854
264 -4.0184464 -1.879105
296 -4.001692 -1.9119285
53 -1.3345215 3.540608
157 -3.606866 -1.5117307
126 -1.954603 1.0792032
121 -2.1618643 0.52242273
65 -3.738187 -1.6342523
142 -1.2545458 4.0290046
271 -1.3139336 3.8240252
26 -1.3149945 3.5735912
138 -1.2639667 3.93285
135 -3.3974352 -1.2282337
144 -1.2873039 3.6901963
216 -3.7001297 -1.6347669
133 -3.30981 -1.2684288
10 -1.3187444 3.930868
46 -1.3313628 4.2336774
106 -1.301657 3.6301372
193 -3.7277904 -1.666841
82 -3.6839447 -1.5442418
200 -1.3125514 3.91715
116 -1.2927446 3.563226
66 -1.2392441 3.9387417
24 -1.2290144 3.6513088
85 -3.616383 -1.5607829
38 -1.2731953 3.772429
