300 2
159 -1.5144324 3.6187541
258 -2.1655238 0.5354197
255 -1.9898316 0.8855725
105 -3.3002133 -1.4450364
240 -2.0888193 0.57836103
252 -2.1571503 0.40594423
219 -3.8325403 -1.9190784
65 -3.2591703 -1.476092
298 -1.9526151 1.0009279
176 -1.5335503 3.7550356
130 -1.4518045 3.4856293
18 -1.9427433 1.0148234
197 -1.538806 4.0270586
234 -1.9991083 0.89821666
192 -3.3334339 -1.3818341
228 -2.0088003 0.9457905
243 -2.0977008 0.77379054
170 -1.9204499 1.0538548
35 -2.1707463 0.45829162
77 -1.407991 3.3320966
206 -3.3410375 -1.5521668
241 -2.031752 0.7816219
244 -2.1775625 0.5063523
9 -2.0194855 0.89550704
242 -1.9657995 0.9366619
22 -1.491917 3.612706
114 -2.054174 0.7314285
222 -3.4827347 -1.6367996
78 -1.5093756 4.2419066
236 -1.5235126 3.0603592
101 -2.1293447 0.51826864
221 -3.5903723 -1.7741891
253 -2.0402958 0.7275192
276 -2.0890882 0.64702666
108 -1.99603 0.94228154
250 -3.5178244 -1.7430333
295 -3.3627331 -1.482847
117 -2.1344993 0.559871
208 -3.433117 -1.4846847
112 -3.4814775 -1.6264905
246 -1.5843872 4.001325
121 -2.0556357 0.6935656
83 -2.1418004 0.6126366
8 -1.9802624 0.8909159
10 -1.4907771 3.6485133
37 -3.6011539 -1.7340997
146 -3.8700573 -1.9472156
231 -2.0173583 0.93341374
89 -1.97745 1.0382824
289 -3.470702 -1.6030532
26 -1.4771297 3.6197786
260 -3.9707353 -2.081671
86 -3.268928 -1.3154377
211 -1.9968563 0.736576
277 -1.9971622 0.83533174
156 -1.4985381 3.2650433
123 -1.488017 3.6893394
190 -2.1181188 0.65977114
134 -1.9886069 0.9799083
210 -1.51371 3.4018493
174 -2.1307273 0.6053311
248 -3.868814 -2.033947
30 -1.5534962 3.917268
33 -1.9620888 0.983688
237 -1.477391 3.6798275
71 -2.006911 0.9917111
280 -1.9809008 0.8470185
269 -3.0681384 -1.1736147
143 -1.4994465 3.5249
129 -1.9875543 0.8960931
128 -2.0291233 0.80686444
24 -1.4958811 3.280466
47 -1.50646 3.6381152
12 -2.004655 0.9498965
292 -3.450249 -1.4970837
263 -2.110938 0.75526845
69 -1.5401807 3.1713707
73 -2.0145285 0.8806314
100 -1.5126593 3.8963609
115 -1.4927124 3.879735
202 -4.0184035 -2.075836
75 -3.6098933 -1.7375809
90 -3.2692137 -1.3840404
120 -3.3814826 -1.5609651
28 -3.6293764 -1.7716422
34 -1.9614272 0.9887872
56 -2.004624 0.91863704
80 -1.5491956 3.466105
127 -2.0810525 0.5663079
125 -1.5318501 3.6985943
218 -1.9456719 1.0247296
205 -1.5102949 3.442063
233 -2.084826 0.64483356
5 -1.9706812 1.0208378
118 -1.5287213 4.2853203
7 -1.5159903 3.5483599
14 -3.4913907 -1.5873197
220 -3.740708 -1.8783092
267 -3.3669863 -1.3904631
198 -3.1425097 -1.2377605
29 -3.4658287 -1.6908442
40 -3.634278 -1.7839026
63 -2.0494974 0.7625711
139 -3.7875206 -2.0082612
177 -2.0906262 0.8133949
226 -1.4626223 3.5419528
136 -3.841569 -1.9348828
239 -1.4847499 3.3200526
157 -3.622741 -1.7776493
49 -1.9725887 0.8839057
62 -3.6376884 -1.7059573
275 -2.1217732 0.68968034
273 -3.4119184 -1.603643
106 -1.5333986 3.1916792
152 -3.6052604 -1.7798468
124 -1.4539173 3.9228306
144 -1.4882793 3.5025275
189 -1.4837848 3.1454883
230 -1.4675206 3.220562
2 -3.4102454 -1.4559221
38 -1.484833 3.5939527
268 -1.5351962 4.00396
48 -3.6674147 -1.828051
50 -3.1220722 -1.2712362
52 -1.9007325 1.2117531
168 -3.7885752 -1.9017955
180 -2.024849 0.82083106
209 -3.3891945 -1.4926512
259 -3.2733915 -1.4058757
199 -1.9196247 1.1873776
195 -1.4744619 3.2552314
16 -3.5942173 -1.717359
132 -1.5330157 3.4909093
36 -1.5532243 3.4850361
41 -1.481637 4.0303826
137 -1.5347881 3.7809749
173 -2.068431 0.6730373
154 -3.8376777 -1.973662
84 -1.459794 3.5010748
87 -2.058073 0.7643719
217 -1.5288101 4.07664
158 -1.5172591 3.471827
142 -1.5266058 3.9578454
278 -1.4261538 3.3054574
161 -2.036921 0.8721422
262 -1.9810299 0.87610734
66 -1.5340807 3.6597223
4 -1.5356907 3.4665117
76 -1.6214168 3.9288533
25 -3.7316167 -1.9088273
27 -3.5345454 -1.639031
31 -1.4779909 3.5110154
93 -1.4668882 3.3627694
282 -2.050202 0.6865741
55 -2.0676587 0.73814195
61 -2.0503955 0.7405968
299 -1.546252 3.4221122
284 -3.4936965 -1.6130562
79 -3.5454297 -1.6563292
85 -3.5293965 -1.6458292
88 -1.5263724 3.222828
111 -3.407054 -1.486283
133 -3.4355316 -1.5937299
247 -1.457642 3.5193765
294 -3.5259085 -1.6309171
3 -1.4826629 3.6375456
6 -2.0403705 0.6262565
254 -3.6848502 -1.7652936
15 -1.9886987 0.7875554
60 -2.0692282 0.7502784
286 -1.4689707 3.5373135
131 -3.20706 -1.3495429
44 -2.96087 -1.0251071
183 -1.9813141 0.9300563
43 -1.9758468 0.9638189
191 -1.4548881 3.8067913
51 -3.5788758 -1.702626
297 -1.4965184 3.7078116
155 -3.7112362 -1.8038577
291 -2.0372756 0.66905206
104 -1.9761258 0.8819741
110 -3.0759242 -1.2150836
272 -1.5010861 2.9021406
162 -2.048597 0.8125665
163 -2.1251051 0.6558966
225 -1.5293499 3.5723317
175 -1.99503 0.8653651
13 -2.1236796 0.6172783
23 -2.021192 0.7924293
19 -1.4852871 3.5190582
20 -1.4691452 3.3687131
169 -1.483313 3.7312846
224 -3.5324674 -1.6402203
274 -1.9990133 0.9653688
201 -2.0863411 0.6525602
167 -1.5534378 3.4475985
116 -1.5276396 3.4491637
145 -3.6846535 -1.8380119
181 -3.2577763 -1.4057242
194 -2.0356174 0.8919683
196 -1.4458069 3.8053386
0 -1.4485433 3.4738765
1 -3.61943 -1.7313489
238 -1.5287048 3.6718383
17 -1.481243 3.7652984
265 -1.5149521 3.7131374
213 -2.0908802 0.54491717
57 -2.149209 0.59343624
59 -3.5620484 -1.6626844
119 -1.5303429 3.5122533
256 -2.1078937 0.66618997
164 -3.792275 -1.8819942
109 -3.823156 -1.968029
165 -3.6383526 -1.8296512
126 -1.975439 0.9434562
147 -2.0720682 0.6861109
150 -2.2212687 0.35243654
153 -3.4843104 -1.6062431
160 -3.543727 -1.6836692
179 -1.5179021 3.4344215
227 -1.5339724 3.6022646
148 -3.5223901 -1.6941895
122 -1.5034726 3.7733145
58 -3.536533 -1.5978998
216 -3.7902176 -1.8798606
64 -3.3551927 -1.4926012
95 -3.7617218 -1.9888384
96 -1.5266798 3.8673213
149 -2.0092978 0.81770474
188 -2.0968282 0.71679705
184 -3.7038772 -1.8594328
232 -3.5679653 -1.6848743
251 -1.5185539 3.5028386
151 -2.089042 0.6149347
178 -3.1559114 -1.2095718
113 -1.9952707 0.98465276
46 -1.5226561 4.0050063
67 -1.471743 3.6577637
68 -1.5126328 3.575798
72 -3.3973799 -1.5250459
94 -2.0746067 0.64085114
229 -1.9444976 1.0716695
70 -1.5194016 3.8797169
91 -1.8836061 1.244478
186 -1.9932475 1.0184987
283 -1.4870958 3.4472857
271 -1.5687783 4.1039996
172 -3.5295057 -1.6339225
42 -1.5257134 3.7950294
54 -3.6012537 -1.7794867
98 -3.380196 -1.5420746
279 -2.0870702 0.7391247
166 -1.542767 3.646236
296 -3.7978752 -1.960496
11 -2.1978872 0.47060698
45 -1.5046703 3.0445764
82 -3.6046941 -1.7976058
74 -3.1641047 -1.2815422
266 -2.0831146 0.62886715
290 -1.5287986 3.2413719
257 -1.5598739 4.0349216
53 -1.4980948 3.418939
81 -1.4945859 3.9085472
107 -2.0300972 0.6792081
135 -3.2425752 -1.3108402
141 -3.8481855 -1.9353195
223 -3.7112598 -1.8696871
214 -1.9444076 0.9967815
187 -3.5082438 -1.6760218
212 -1.535119 4.156415
245 -3.5552278 -1.7579163
249 -3.9256485 -2.128845
285 -1.5260173 3.7991133
102 -1.9607334 0.88961655
21 -1.4739344 3.6308758
203 -3.6570072 -1.8183376
287 -3.5251887 -1.7395502
200 -1.4421419 3.4454465
182 -3.7287683 -1.805025
293 -2.0162673 0.8203765
235 -1.4700418 3.7262383
264 -3.7085142 -1.8975325
103 -1.5261276 3.599233
215 -1.4857377 3.5462677
261 -3.5657985 -1.6968882
270 -3.475355 -1.6226394
288 -3.5676405 -1.7675936
207 -1.5266865 3.654466
92 -1.5506684 4.1484966
99 -1.4695934 3.75517
171 -2.0530534 0.75332224
185 -3.8430474 -1.9531575
32 -3.5311553 -1.7307914
281 -1.9932194 0.86906856
193 -3.7821712 -1.909374
39 -2.0727432 0.79326004
140 -2.1948292 0.3473803
204 -3.474175 -1.6391693
97 -2.0634394 0.85495466
138 -1.5128319 3.4394276
