30 2
2 -2.803347 5.560468
7 3.7470174 3.81673
4 -2.7497852 5.3907127
29 3.9963748 3.9252365
3 1.0426894 4.217689
25 4.898992 3.9644547
18 -1.9569985 4.9759564
0 0.24597657 4.2523193
10 3.881936 3.8911145
14 -3.046411 5.501002
5 1.0975282 4.063057
6 4.8339424 3.8581553
21 1.916243 4.0819664
20 -2.2370636 5.1021724
22 3.7559664 3.847818
1 5.2617836 3.994784
15 5.048437 4.0156317
12 4.7112293 3.9477053
26 4.9737606 3.8123238
17 -2.6179938 5.31722
23 -3.3124495 5.72791
27 1.2155768 4.1036816
24 1.3498919 4.2502103
9 0.5022354 4.3456874
16 0.3696818 4.384643
11 0.7644179 4.196905
28 -2.4443514 5.121054
8 -2.0690632 4.901238
19 -3.4097497 5.797903
13 2.2444942 4.0645657
