30 2
21 3.3842223 4.866872
4 3.9075248 1.2068498
22 3.782285 1.7360542
10 5.4373817 -1.548807
28 6.016882 -2.3087592
26 3.6401625 2.242497
6 6.2905507 -2.6111684
18 3.8572886 1.3184595
7 3.606969 2.1028323
1 3.3829656 5.259632
12 3.553951 6.54583
16 3.8432498 1.6109709
15 3.922052 1.4610845
17 3.9547276 1.4407592
14 3.7430747 1.7698897
3 3.3798923 4.4611645
25 6.1679626 -2.4527164
23 6.8825655 -3.0901215
11 3.553375 6.0643425
13 5.534307 -1.6229552
5 6.3752737 -2.5906582
2 3.57051 6.624839
29 6.946589 -3.214007
27 3.476216 6.087229
8 6.1600847 -2.3821237
24 3.3950498 4.7197423
20 4.0481963 0.9201199
0 3.2880948 4.690779
19 5.4425 -1.519021
9 3.389137 4.8300853
