30 2
21 3.6892629 4.7099743
16 3.8925712 1.6012387
7 3.8360474 1.8888937
1 3.682464 5.0779357
28 5.8139114 -2.6810465
25 5.980929 -2.873217
22 3.9003112 1.2765579
20 4.0955706 0.54088926
14 3.8240404 1.9279642
10 5.3076854 -1.7946442
27 3.904852 5.882584
15 4.030454 1.1784558
0 3.679539 4.378711
13 5.1446776 -1.7684591
19 5.355732 -1.9922243
4 4.019112 0.83307403
11 3.8733244 5.667819
8 6.002445 -2.7964058
18 3.8735948 1.0657402
6 5.986465 -3.0168881
23 6.6135874 -3.5884182
29 6.7991385 -3.786501
12 3.9523973 6.2691226
24 3.7009013 4.534035
26 3.6900036 2.216319
17 4.0435324 1.1184422
3 3.6950402 4.293562
9 3.6857238 4.478064
5 6.09751 -3.021145
2 4.1053853 6.1649127
