30 2
7 3.8516297 3.6154778
29 4.349224 3.7315311
3 1.4582211 3.9841497
1 5.4207044 3.6876996
2 -2.490248 5.725157
14 -2.6123347 5.689152
12 4.912159 3.6680121
0 0.5895183 4.1593633
24 1.3253278 4.0096345
18 -1.6647472 4.9756002
4 -2.4859426 5.6026154
10 4.3181343 3.645098
23 -3.0104346 5.944206
11 1.0130975 4.1794586
6 4.9178643 3.5076084
28 -2.0048301 5.2282305
16 0.57309866 4.261906
5 1.3660259 3.9304433
25 4.984427 3.6785088
20 -1.8125352 5.1830654
19 -3.108499 6.0478253
27 1.6434889 3.9677436
26 5.1029487 3.561471
15 5.41694 3.6379073
21 2.1285954 3.931502
9 0.51675767 4.3062696
8 -1.7956126 5.130601
22 4.1292872 3.6047537
17 -2.229255 5.472597
13 2.3020582 3.8818848
