30 2
22 3.769822 1.6148765
21 3.3693483 4.7537527
19 5.453621 -1.6170158
25 6.1244245 -2.3322673
1 3.3679 5.3871074
8 6.064144 -2.2122107
28 6.0140634 -2.2945323
14 3.7293239 1.9918225
17 3.9903686 1.3704517
13 5.598887 -1.6864605
6 6.2797356 -2.517447
16 3.8032427 1.7278646
10 5.360502 -1.358954
7 3.6324809 2.1654103
3 3.3400419 4.5458035
18 3.8911045 1.2885714
23 6.847557 -3.2172143
29 7.012942 -3.1571743
20 4.042909 0.9097188
15 3.9246361 1.4551579
26 3.6214116 2.1602032
12 3.4392931 6.5287294
0 3.284203 4.751882
11 3.4562068 6.046604
4 3.9819746 1.2045957
24 3.350135 4.766153
2 3.5154433 6.5447426
27 3.4104533 6.2652316
5 6.4477835 -2.5988412
9 3.3567445 4.8856688
