30 2
16 3.63288 2.1006994
22 3.6143339 1.9374715
10 5.501574 -0.92061365
7 3.404176 2.5236
15 3.7505121 1.6736337
14 3.5033147 2.3183455
4 3.873188 1.471506
28 6.1540227 -1.8832074
6 6.3962216 -2.0499399
1 2.9589546 5.66758
25 6.3707304 -1.9006974
21 2.9782887 4.9989243
13 5.431268 -0.87491673
18 3.6971002 1.6071523
19 5.6167254 -1.0579202
17 3.8078759 1.825107
0 2.9885027 4.7575536
8 6.4484434 -2.0390263
11 2.9501379 6.2424474
3 3.04394 4.632366
26 3.3882682 2.534683
12 3.020186 6.6715436
5 6.667325 -2.1698477
23 7.096355 -2.5683272
20 3.9740436 1.1741189
9 3.0535932 5.090665
27 3.0137694 6.4096923
29 7.1246095 -2.688419
2 3.0012171 6.944496
24 3.0095878 4.8622904
