30 2
29 4.5547166 3.5445416
7 4.009646 3.4520266
5 1.491954 3.92657
1 5.615661 3.5007253
20 -1.449884 5.201818
25 5.3528137 3.4641314
3 1.4414878 3.99936
18 -1.3730435 5.056927
2 -2.276471 5.769161
4 -2.307382 5.7427096
28 -1.5655537 5.2420306
11 1.1257346 4.0344954
16 0.7705686 4.224377
0 0.6338307 4.2280436
14 -2.5676289 5.945292
9 0.7864211 4.3192983
21 2.4474905 3.8085847
24 1.4147997 4.028549
8 -1.5212888 5.1397505
6 4.999374 3.3367798
17 -2.05199 5.624938
10 4.3414 3.556761
15 5.6540422 3.4955802
22 4.30784 3.364921
26 5.1230154 3.2919612
12 4.9899416 3.3836706
23 -2.717101 5.980328
13 2.3696144 3.7018456
19 -2.9293563 6.160002
27 1.7912261 3.9118288
