30 2
15 3.8184078 1.9084698
16 3.5977144 2.0433924
21 2.9169636 5.1516595
10 5.445582 -0.89823526
26 3.323224 2.6145737
19 5.6900907 -1.1870091
7 3.3403716 2.5382595
25 6.3872914 -1.8323755
23 6.9984636 -2.3917751
28 6.175039 -1.7428504
4 3.837516 1.4613503
22 3.5727406 2.045917
12 2.9293013 6.705621
18 3.6377301 1.7475762
1 2.8835368 5.608678
2 2.958218 6.963832
8 6.374847 -1.8068192
13 5.5072 -0.98117197
3 3.0071042 4.5894136
0 2.895931 4.914448
14 3.5179174 2.3424685
6 6.396647 -2.0087848
20 3.9949808 1.1473734
5 6.6868324 -2.0451767
27 2.8520515 6.3852067
17 3.6792278 1.8401955
9 2.895305 5.031966
11 2.8766246 6.210414
29 7.273204 -2.5207458
24 2.9916835 4.971922
