30 2
14 -2.8677235 5.757326
5 1.2682911 3.992614
29 4.433482 3.7971356
7 3.7705011 3.7066498
3 1.1873271 3.996496
20 -1.9460912 5.168167
22 3.9362102 3.6683688
2 -2.5445023 5.688725
21 2.2097802 3.9993002
1 5.310422 3.741212
10 4.0632143 3.7569253
25 4.9262238 3.7508667
0 0.64882797 4.1633053
4 -2.566402 5.505182
18 -1.8348691 5.04468
24 1.2819842 4.1206145
13 2.1546464 3.9340835
15 5.4941854 3.8503382
28 -2.13023 5.17396
6 4.9911146 3.6403587
17 -2.2530687 5.4031916
8 -1.9476526 5.0545506
16 0.58744115 4.340559
11 0.78467965 4.1329813
26 5.108079 3.6064053
27 1.551386 3.9396546
12 4.6821747 3.6509697
23 -3.0365117 5.830931
19 -3.2533543 5.870406
9 0.5820754 4.3617043
