30 2
21 3.7961679 4.4926744
22 3.8845506 1.320962
16 3.9840639 1.5206866
25 6.020681 -2.9885242
10 5.34011 -1.9194841
26 3.768129 1.9838287
23 6.5879617 -3.7452562
4 3.9655716 0.90529436
28 5.837019 -2.8067262
17 4.0139403 1.2239231
19 5.2824926 -2.111907
1 3.7715652 5.018119
11 3.9047568 5.737653
14 3.8161638 1.7512562
8 5.9714417 -2.8546777
15 4.0958877 0.9898149
12 4.1095753 6.105971
7 3.7618027 1.7986828
2 4.1389284 6.145231
13 5.301532 -1.9400104
5 6.204953 -3.2348702
3 3.783117 4.2657895
6 6.0095825 -3.0678124
24 3.7502282 4.607384
29 6.5490937 -3.5893073
0 3.7066717 4.1929426
18 3.8814075 1.1211358
20 4.041365 0.52004427
27 3.9788501 5.805432
9 3.7732835 4.440629
