30 2
3 1.1557479 4.060995
7 3.805122 3.7220423
2 -2.5545447 5.588698
29 4.2383614 3.8798335
0 0.52052426 4.2447453
4 -2.5320537 5.505725
20 -1.9169413 5.1382885
14 -2.900969 5.680705
1 5.1993933 3.7708166
25 4.9912086 3.8336046
5 1.174053 4.0287657
26 4.9833927 3.6899111
10 4.021349 3.7203126
11 0.8309175 4.1677856
23 -3.064064 5.704755
18 -1.8927032 5.0180116
22 3.9042504 3.6973922
12 4.7360516 3.6934254
6 5.0781455 3.6624725
24 1.2916079 4.1146417
17 -2.5426092 5.4507666
21 2.1490922 4.076181
8 -2.0736654 5.083351
16 0.6024007 4.2825384
28 -2.1660433 5.256665
15 5.340303 3.911067
19 -3.2698429 5.8514867
9 0.5386659 4.3574495
27 1.554158 4.0323033
13 2.2587883 3.8899126
