30 2
29 3.8989613 4.2067165
5 0.9552268 4.0770197
7 3.3820424 3.9895947
10 3.7992861 4.0441794
2 -3.055693 5.411684
3 0.7548543 4.204594
18 -2.2845316 4.838553
11 0.5701262 4.193686
14 -3.315459 5.4317017
20 -2.2267146 4.9110107
0 -0.019133959 4.2595973
4 -3.1079051 5.2289042
6 4.4545407 4.084004
8 -2.4574435 4.8764367
24 0.9200619 4.221797
22 3.5406764 3.9932544
25 4.8796544 4.2590055
1 5.031349 4.2420616
23 -3.590283 5.6366816
13 1.838953 4.0879536
17 -2.8956249 5.2971406
21 1.692309 4.2122364
27 1.1602526 4.1271067
12 4.796138 4.2128887
28 -2.5651982 5.0180545
16 0.22037053 4.387158
15 4.938874 4.2910724
9 0.20364684 4.3526363
26 4.6211667 4.0974574
19 -3.7225666 5.575796
