30 2
7 3.807363 3.6572397
5 1.4024584 3.9793503
2 -2.5367215 5.6895857
25 4.8741255 3.670129
29 4.357825 3.841478
20 -1.8783036 5.133633
14 -2.8088715 5.721122
1 5.386555 3.696455
22 4.0080914 3.642752
4 -2.5193012 5.5353713
21 2.236814 3.9838586
10 4.0679007 3.7141075
6 4.870872 3.6162953
15 5.5475483 3.7239842
8 -1.968585 5.15775
3 1.3922775 4.046553
12 4.7846284 3.670389
11 0.9350284 4.169148
18 -1.8016278 5.065868
9 0.5524932 4.3169775
26 5.0874386 3.5348003
17 -2.2312665 5.389452
28 -2.0904255 5.1551385
23 -2.9816515 5.9061832
0 0.6376913 4.2464533
13 2.2246761 3.875715
27 1.5597447 3.9143333
24 1.2633357 4.0991755
16 0.5036034 4.322841
19 -3.148148 5.817241
