30 2
7 3.7857559 3.6755288
4 -2.5387828 5.5054054
3 1.3350214 3.9831154
20 -1.9190072 5.1560664
29 4.359077 3.7910974
5 1.3208349 3.9235656
0 0.5853534 4.211952
14 -2.8279455 5.750582
25 4.9293747 3.71833
2 -2.4935787 5.73326
1 5.347945 3.780219
11 0.8258069 4.14385
10 4.0752034 3.740635
24 1.2730031 4.094671
16 0.5613584 4.32871
23 -3.0762029 5.8411894
21 2.1929562 4.003215
9 0.60612464 4.3663836
8 -1.9913762 5.1095033
22 4.02299 3.6837053
18 -1.8489755 5.051794
12 4.69284 3.6596005
6 4.937768 3.647943
27 1.5872692 3.9124353
26 5.1031704 3.5968056
17 -2.2580214 5.4321065
28 -2.1090305 5.198736
15 5.54543 3.7646782
19 -3.1711602 5.8540335
13 2.1875756 3.888436
