30 2
7 3.8134465 3.652432
29 4.3297906 3.8447597
25 4.872457 3.6592762
18 -1.8119665 5.0158563
6 4.8707356 3.6424105
20 -1.9041852 5.1458893
22 4.006717 3.6986458
1 5.4065385 3.6905575
2 -2.4978597 5.682755
4 -2.4996178 5.5553136
0 0.59831935 4.2318497
5 1.4069108 3.943279
10 4.097254 3.726444
14 -2.7915812 5.7648554
3 1.3862739 4.041427
23 -3.072843 5.875746
19 -3.1503773 5.8465443
8 -1.9682657 5.121999
24 1.2361189 4.116615
12 4.7819576 3.6878254
11 0.92562544 4.1673074
16 0.50818306 4.327808
15 5.555998 3.7244582
13 2.2243037 3.9121265
21 2.2411149 4.0056033
26 5.1087837 3.5037732
27 1.5662282 3.919229
17 -2.2378833 5.3972583
28 -2.1034818 5.1472697
9 0.60484713 4.291318
