30 2
1 3.1340425 5.5520053
21 3.243458 5.068508
7 3.5845044 2.2881281
16 3.735521 1.8226563
17 3.8211672 1.6210225
25 6.2051206 -2.102356
28 5.9274287 -1.9895855
4 3.819205 1.3006314
14 3.641708 2.1133606
8 6.1914353 -2.0190105
15 3.8404472 1.566216
22 3.665428 1.7895087
10 5.366276 -1.0433856
13 5.4734116 -1.2400603
9 3.11499 4.907395
11 3.202125 6.05181
6 6.444113 -2.3524122
19 5.647656 -1.4976183
18 3.7159884 1.4833637
26 3.4362628 2.6197736
0 3.1471794 4.778895
2 3.3781347 6.7782755
5 6.5120945 -2.384643
3 3.1160605 4.4689093
29 7.13327 -2.982573
27 3.1206477 6.177065
12 3.2711565 6.594721
24 3.141014 4.9786425
23 7.0653152 -2.8158975
20 4.0097914 0.9551825
