30 2
21 3.2567651 4.8638067
22 3.696482 1.6252009
1 3.2691085 5.4572825
25 6.2242928 -2.2060826
19 5.464103 -1.5747656
10 5.3689218 -1.3142089
8 6.094406 -2.2403126
16 3.733558 1.8716344
4 4.0096674 0.98075855
27 3.4216244 6.1207743
17 3.988943 1.4019057
26 3.5571709 2.3799074
13 5.527539 -1.4530259
7 3.5144289 2.2663474
28 6.069844 -2.2356257
6 6.4199758 -2.479949
14 3.6639414 2.0375443
15 3.903492 1.3566015
29 7.03449 -3.093096
20 4.0521646 0.93082136
0 3.2680144 4.649616
18 3.805495 1.3047032
9 3.3183012 4.931083
2 3.438151 6.5505047
23 6.974458 -3.137124
3 3.2849467 4.59919
12 3.3913383 6.5741234
24 3.2583933 4.898466
5 6.394164 -2.4620347
11 3.3434281 6.0202217
