30 2
1 2.787339 5.66561
10 5.4149156 -0.8395448
15 3.73271 1.8574296
25 6.448727 -1.6907647
4 3.83613 1.4951812
7 3.3289278 2.5959466
19 5.6979847 -1.1600233
16 3.568529 2.1070304
28 6.103976 -1.6334349
21 2.854465 5.157127
8 6.382377 -1.6982446
22 3.5207932 2.0526135
14 3.5387127 2.19663
2 2.9419968 6.999416
0 2.875766 5.114451
6 6.455394 -1.8910997
18 3.6480632 1.647431
3 2.849458 4.6825223
11 2.7774544 6.1976466
23 7.028994 -2.3728738
27 2.8497584 6.4522915
5 6.69261 -1.8979211
17 3.7111044 1.9181364
26 3.357382 2.5825717
13 5.6122346 -1.0639853
20 3.963937 1.1948878
9 2.8582613 5.1247606
29 7.2312427 -2.360535
24 2.8886352 5.0520225
12 2.8744206 6.7612944
