30 2
1 3.111823 5.447531
14 3.6495054 2.0563354
21 3.229508 5.030144
22 3.6165538 1.7181065
16 3.6623454 1.8608716
15 3.809796 1.5492021
6 6.3606157 -2.4683764
19 5.5631623 -1.3178627
28 6.0219254 -2.0347953
10 5.4200478 -1.145446
20 3.987175 0.9654786
13 5.4492073 -1.175229
26 3.4671998 2.4108999
25 6.214753 -2.1569953
27 3.2685008 6.2157507
7 3.4245071 2.429369
0 3.1397119 4.662144
18 3.7773812 1.460119
4 3.8548517 1.2907362
8 6.1593933 -2.0482497
17 3.9045901 1.5304908
3 3.184315 4.5160723
29 7.0273933 -2.9736788
12 3.3030646 6.5745473
24 3.2092657 4.9063444
11 3.202802 5.9739547
23 7.0160327 -2.897063
2 3.4194033 6.7589293
5 6.461665 -2.385927
9 3.2077856 4.8187456
