30 2
1 3.1196363 5.4676294
25 6.315263 -2.06617
16 3.7381086 1.8194293
22 3.673917 1.8745623
21 3.1408617 5.0141087
14 3.500176 2.259715
19 5.656266 -1.4664776
26 3.3610396 2.755462
4 3.8770099 1.4076309
7 3.5546288 2.3553312
11 3.1141655 6.1325164
10 5.390695 -1.0995946
17 3.7927575 1.7465466
23 7.05468 -2.7470186
13 5.4413395 -1.1030978
15 3.8132932 1.6195463
0 3.1142838 4.7089334
27 3.1781354 6.2845874
29 7.170772 -2.9379175
12 3.1357808 6.575558
3 3.107013 4.5064464
6 6.4391212 -2.2361536
24 3.178765 4.9789023
20 4.008278 0.9881327
8 6.2873807 -2.063092
5 6.48073 -2.3509266
28 5.9478135 -1.9493382
2 3.2810023 6.7781067
9 3.1036916 4.8477044
18 3.7394824 1.5466223
