300 2
242 -2.023918 0.868595
236 -1.4460498 3.2104893
232 -3.5149946 -1.6248599
25 -3.7100425 -1.9257702
127 -2.0585194 0.65091324
276 -2.090948 0.6015069
82 -3.532057 -1.7202191
237 -1.5077803 3.2633417
124 -1.5407351 4.060577
194 -2.0193918 0.7838323
219 -3.792386 -1.9847239
174 -2.12082 0.5402076
65 -3.3316007 -1.4581785
41 -1.5480576 3.8287716
87 -2.094913 0.68184805
5 -1.9755913 1.0442305
116 -1.5151238 3.4747682
6 -2.0485995 0.81784236
149 -2.0431263 0.7805468
30 -1.4396998 3.7990122
282 -2.1892643 0.5246023
94 -2.0042183 0.8335673
135 -3.346333 -1.454936
152 -3.5807023 -1.6608373
196 -1.4664928 4.10789
263 -2.1510508 0.5515327
168 -3.5464084 -1.7067535
249 -3.9775748 -2.0878298
23 -2.0341535 0.7102158
254 -3.5311263 -1.6192943
123 -1.516449 3.9790285
12 -1.9650301 1.0082675
71 -2.221382 0.44937012
89 -1.9997492 1.0070558
72 -3.3425837 -1.4408528
205 -1.5526496 2.9673874
7 -1.4397395 3.3225632
8 -2.05317 0.7071387
129 -2.0304189 0.9130183
289 -3.662755 -1.8441569
192 -3.3732202 -1.479969
211 -2.139035 0.5468437
117 -2.042048 0.7366733
190 -1.9596171 1.0473924
207 -1.4488713 3.9303548
291 -1.962084 0.9969796
3 -1.4328204 3.6187751
184 -3.6115663 -1.8025035
16 -3.501122 -1.6349127
62 -3.5447185 -1.6676779
32 -3.4223247 -1.5623848
272 -1.4435581 3.3546216
294 -3.5864613 -1.7341262
298 -2.0156271 0.8546522
58 -3.583969 -1.7081904
275 -2.1812675 0.5264537
209 -3.3700144 -1.4169968
284 -3.5164554 -1.6851051
230 -1.4833001 3.3030531
195 -1.485233 3.4111254
31 -1.393619 3.7080004
231 -2.054957 0.83678025
96 -1.4561445 3.6498759
166 -1.4494188 3.555032
162 -2.0220153 0.87840545
229 -1.9668628 1.0636905
293 -2.1665287 0.5625099
155 -3.7360342 -1.8215405
244 -2.1262088 0.57098365
235 -1.4220603 3.622384
83 -2.0632477 0.8580583
15 -2.1130452 0.5908238
131 -3.3780715 -1.5219833
43 -1.9628019 0.9815806
170 -2.1662364 0.45104387
105 -3.095125 -1.2720942
120 -3.411949 -1.6103631
176 -1.507326 3.1523075
221 -3.368676 -1.5616488
238 -1.4977736 3.9265003
48 -3.676324 -1.7604837
137 -1.5116754 3.2945926
104 -2.0224233 0.96681094
112 -3.5223176 -1.6339811
118 -1.4981332 3.6707861
157 -3.2095332 -1.3529601
158 -1.5241963 3.5563478
208 -3.4415402 -1.5871778
55 -2.0683868 0.6663247
103 -1.5641578 3.6671746
47 -1.4910048 3.380071
144 -1.4585415 3.5215552
115 -1.5190861 3.5164928
172 -3.7408466 -1.8830606
234 -1.9329777 1.0711794
111 -3.4191866 -1.5325173
119 -1.4646069 3.180522
179 -1.4794824 3.7846475
132 -1.4602169 3.4961896
139 -3.5931728 -1.7211449
225 -1.4739825 3.6870992
295 -3.4485238 -1.5647275
203 -3.6244593 -1.770553
2 -3.327423 -1.5324836
134 -2.030059 0.8761923
81 -1.4506346 3.8461266
292 -3.6247425 -1.7945431
56 -2.0578682 0.6804142
198 -3.22503 -1.3334101
239 -1.4649417 3.2765036
262 -2.0898833 0.6060474
189 -1.5160121 3.5114734
167 -1.4695646 3.5721743
241 -2.038642 0.85779893
186 -2.0872958 0.7851727
14 -3.5164747 -1.6240394
69 -1.4995991 3.3563395
34 -2.1248837 0.6623448
44 -3.3366778 -1.5046301
64 -3.6002448 -1.7827744
160 -3.4433384 -1.5143042
53 -1.5114229 3.479143
255 -1.9653535 0.9161941
278 -1.4915508 3.6931326
90 -3.3304956 -1.4103357
224 -3.68883 -1.8499417
114 -2.1245074 0.6314724
150 -2.1081557 0.6433113
140 -2.1280558 0.6793413
256 -2.2090378 0.42891
270 -3.5559661 -1.6981077
206 -3.4208148 -1.4829488
4 -1.4778562 3.7142823
299 -1.4470366 3.672281
67 -1.4920012 3.7052877
22 -1.469378 3.9108515
54 -3.8406198 -2.0086021
63 -2.0425801 0.7894163
280 -2.1249254 0.63820475
250 -3.5283797 -1.6353097
36 -1.4753382 3.6956458
121 -2.1267073 0.62729686
223 -3.8172014 -1.9424517
19 -1.4592856 3.518302
88 -1.4498869 3.5306892
185 -3.7227879 -1.9172834
180 -2.169683 0.43965054
78 -1.3769052 3.4742064
182 -3.6504157 -1.7553258
271 -1.519534 3.9383354
146 -3.5114703 -1.624953
274 -2.0413003 0.93618435
165 -3.5796962 -1.6965094
99 -1.4501935 4.021338
266 -2.214012 0.58112746
128 -1.9932698 0.9512199
59 -3.6610649 -1.7474034
297 -1.4161868 3.626438
84 -1.4855933 3.3924005
50 -3.1713994 -1.3121035
273 -3.470155 -1.6925237
86 -3.3679726 -1.5450937
91 -1.9924605 1.2027559
215 -1.4560752 3.3930085
126 -1.9868037 1.023756
178 -3.3015335 -1.4330727
156 -1.4503121 3.4477947
169 -1.4839282 3.7932115
197 -1.4891804 4.0509453
199 -2.0434103 0.87544274
217 -1.4449614 3.7240062
218 -1.9936748 0.8963274
240 -2.1919081 0.44152623
246 -1.5172898 3.608679
70 -1.4258887 3.5180678
233 -2.1461692 0.5743843
68 -1.4370557 3.3300028
188 -2.1666327 0.5900036
204 -3.3122177 -1.4550925
164 -3.7327263 -1.9502655
228 -2.0540862 0.8641249
296 -3.5765877 -1.6867807
248 -3.8618152 -1.9914247
220 -3.8570297 -1.9000549
269 -3.0861762 -1.1954913
0 -1.473392 3.54274
259 -3.3900757 -1.4797844
10 -1.4283216 3.9598277
171 -2.054652 0.77828145
20 -1.4967964 3.500736
27 -3.756616 -1.948015
28 -3.5794797 -1.7323217
200 -1.5475249 3.6551688
35 -2.0578847 0.84054327
51 -3.4674535 -1.5758796
133 -3.2839148 -1.4938767
66 -1.4459443 3.9943407
109 -3.7146559 -1.8958125
260 -3.5408032 -1.6701142
98 -3.3492286 -1.4569151
145 -3.56919 -1.6384022
153 -3.3928843 -1.4503771
173 -2.0045466 1.0498413
226 -1.5639415 3.60016
252 -2.0180295 0.73307985
52 -2.0621889 0.8388559
11 -2.1629648 0.6405812
100 -1.4924023 3.9834275
130 -1.523219 3.8648968
102 -2.0017622 0.91350335
161 -2.042354 0.7760638
193 -3.5158663 -1.6128088
183 -2.086334 0.67010003
261 -3.6247602 -1.865568
277 -2.0066402 0.75030124
93 -1.4677434 3.7505147
26 -1.4693629 3.2518785
33 -1.9568566 1.0946032
251 -1.4852865 3.7786748
163 -2.2576704 0.32394645
76 -1.4594082 3.8080974
77 -1.5480192 3.0155783
107 -1.9685944 0.9789813
138 -1.4501909 3.7423809
288 -3.646929 -1.7985569
13 -2.1661108 0.57934827
247 -1.5321882 3.701482
49 -2.1176684 0.67688245
101 -2.0608573 0.6748522
106 -1.5083455 3.6669202
108 -1.9980091 1.0092236
258 -2.020456 0.7967537
267 -3.2477238 -1.4406182
46 -1.5319576 4.349946
37 -3.6788974 -1.8725793
136 -3.7562776 -1.8866045
17 -1.4508861 4.1661854
29 -3.7228377 -1.8923748
122 -1.5183601 3.9708061
40 -3.425898 -1.6329083
286 -1.4935905 3.8172882
73 -2.0552168 0.66749716
154 -3.7793696 -1.8831638
141 -3.588412 -1.662129
243 -2.0995142 0.7156189
60 -2.1359236 0.6752178
61 -2.070336 0.6886808
97 -2.2327192 0.31170964
287 -3.3667977 -1.5675138
125 -1.4857228 3.3593507
159 -1.5151687 3.5894015
264 -3.5939612 -1.8459522
191 -1.493249 4.013909
21 -1.4314756 3.4751384
283 -1.5090362 3.552865
279 -2.1141214 0.6714719
151 -2.0241468 0.9033389
74 -3.7022724 -1.7958363
75 -3.2321358 -1.3968585
212 -1.4365252 3.7910752
202 -3.951327 -2.2150192
227 -1.4819913 3.4223976
265 -1.4958924 3.257812
18 -2.0000887 0.9002353
42 -1.4980543 4.0210633
143 -1.4714233 3.5736482
85 -3.4740121 -1.7158942
113 -2.1580942 0.58053845
290 -1.4534973 3.257017
1 -3.6466792 -1.8466483
80 -1.4478868 3.889554
142 -1.4925334 4.092769
92 -1.5633878 4.0700936
201 -2.0825229 0.75485474
257 -1.4976722 4.027377
24 -1.5320196 3.8449624
285 -1.4188921 3.6133249
45 -1.4623429 3.5716734
181 -3.3826213 -1.4535626
268 -1.5391042 4.04425
213 -2.0864692 0.717529
9 -2.0502808 0.8344822
216 -3.6673236 -1.8110999
177 -1.993408 0.8938161
38 -1.4882177 3.482352
57 -2.0813103 0.84149104
210 -1.4249563 3.7335815
222 -3.8016272 -1.9760001
39 -2.0170147 1.0021865
147 -2.026339 0.7940454
253 -2.0746362 0.75475746
281 -2.126612 0.6718447
175 -1.9867868 0.9094973
245 -3.5972166 -1.6970029
95 -3.8908706 -2.036334
214 -2.0721204 0.76949346
110 -3.1636562 -1.3243773
148 -3.7692895 -1.9032781
187 -3.662985 -1.8298178
79 -3.6438715 -1.7602077
