30 2
2 -2.4982266 5.720187
7 3.7992845 3.645824
29 4.346536 3.8125846
1 5.372202 3.7612574
3 1.3702518 4.016736
10 4.0371842 3.7315004
18 -1.8411356 5.0443077
14 -2.8253827 5.7478766
23 -3.091081 5.849097
6 4.9165053 3.625476
25 4.890268 3.7061796
20 -1.8896697 5.146278
24 1.2838833 4.117668
4 -2.5015504 5.536905
12 4.7199473 3.689206
5 1.349548 3.9483829
22 4.0164094 3.6737835
0 0.59572124 4.233933
15 5.525289 3.721511
8 -1.9548777 5.0917983
26 5.112483 3.495553
16 0.5461858 4.3270645
21 2.2229269 3.9972258
11 0.8775558 4.1404643
27 1.6065062 3.93691
13 2.2335482 3.8797033
19 -3.1902475 5.8551407
28 -2.101821 5.1640964
17 -2.2246988 5.402871
9 0.6104328 4.36035
