30 2
10 5.2771397 -1.8109992
22 3.9205961 1.349816
1 3.726841 5.117397
21 3.7229347 4.6081896
4 4.0395284 0.80894715
13 5.1924496 -1.7719122
28 5.7853675 -2.6913855
17 4.095532 1.101779
25 6.019584 -2.9388926
15 4.011219 1.1596566
8 5.970184 -2.8698459
16 3.8900309 1.6407317
7 3.7689328 1.9252079
26 3.7609596 2.0816875
19 5.3732696 -2.014359
11 3.8775895 5.7153454
6 6.039009 -3.1063137
14 3.7710228 1.8765281
3 3.7214448 4.359821
5 6.1005187 -3.0290759
18 3.8821764 1.091034
12 3.9048557 6.2898393
29 6.766779 -3.7121563
20 4.102961 0.4700648
23 6.55727 -3.6016529
2 4.069757 6.1554337
27 3.9597604 5.8977838
24 3.649772 4.502604
0 3.6827672 4.383256
9 3.7464056 4.4314494
