300 2
174 -2.1256576 0.49025044
256 -2.1630213 0.5879605
242 -1.9677229 0.90805906
56 -2.0765345 0.66632223
274 -1.8319635 1.2748772
131 -3.3712041 -1.1384755
210 -1.3419667 3.3198426
134 -2.0393748 0.6776753
83 -1.9363537 0.9911105
251 -1.3861419 3.5501158
255 -1.9388663 1.0353167
213 -2.0900793 0.6797532
194 -2.052721 0.8508914
81 -1.3423569 3.736499
295 -3.4192498 -1.3248156
228 -2.0188367 0.88521725
238 -1.3817451 3.3842182
224 -3.8064575 -1.6647179
241 -2.0218453 0.866072
259 -3.613704 -1.5614507
8 -1.9918483 0.7829852
252 -2.0250063 0.73844916
234 -1.9535527 0.9717738
5 -1.8773376 1.1087734
235 -1.3752524 3.757941
62 -3.649214 -1.5387031
167 -1.292621 3.9556837
231 -1.8418432 1.117687
98 -3.517086 -1.4490188
127 -1.9286462 0.95140654
7 -1.312251 3.4099913
68 -1.3232173 3.5010133
187 -3.5251882 -1.4646089
36 -1.262343 3.8964903
43 -1.9050305 1.1710714
77 -1.4050711 2.8628516
298 -1.9479685 0.9235551
117 -2.0846071 0.6649552
18 -1.9343542 0.9016207
246 -1.3480895 3.3783982
31 -1.3263197 3.6326485
107 -1.8661299 1.0573113
150 -2.1163254 0.64442164
105 -3.3549082 -1.2259494
126 -1.9791263 0.8494381
175 -2.020626 0.84241664
219 -3.7862961 -1.5874238
64 -3.4774637 -1.3603195
85 -3.7461104 -1.6889244
89 -1.9716927 1.053543
147 -2.026097 0.7787052
192 -3.411009 -1.2640824
4 -1.2986624 3.8319237
286 -1.3437356 3.8594034
101 -2.083487 0.6960787
237 -1.3515043 3.3044794
23 -1.990767 0.91181386
294 -3.6611617 -1.5825424
189 -1.3912133 3.4573934
149 -1.971466 0.91476095
160 -3.7671094 -1.6557996
197 -1.2761518 3.9883049
152 -3.723187 -1.6237639
151 -1.9484844 0.92938936
269 -3.5258846 -1.3730774
58 -3.6311526 -1.5487051
202 -3.987296 -1.9107534
124 -1.336173 3.92577
29 -3.6644096 -1.6165124
109 -4.202135 -2.024735
53 -1.3757519 3.4858015
55 -2.0822506 0.7930763
63 -1.8878686 1.1198416
122 -1.3373265 4.1698456
270 -3.452324 -1.3337893
176 -1.3263088 3.1863358
201 -1.9554881 0.89615834
223 -3.967069 -1.8218769
2 -3.4925654 -1.4297409
130 -1.3833467 4.1662407
65 -3.4381058 -1.3848768
80 -1.4017773 3.7963395
88 -1.3266649 3.484622
102 -1.994226 0.8386451
229 -1.8336316 1.1383582
93 -1.3519839 3.4519193
22 -1.3193719 3.7671986
41 -1.3116095 4.126477
158 -1.3089308 3.7739544
282 -2.0283847 0.72341096
87 -1.9811457 0.8610517
97 -2.0286098 0.7972576
94 -1.8728793 1.0446483
104 -2.0148242 0.8648661
133 -3.5594294 -1.4517208
198 -3.389227 -1.2801208
209 -3.240806 -1.2557898
211 -1.9654347 0.875554
6 -2.1230426 0.64046353
9 -2.107131 0.6167186
14 -3.4881716 -1.3759729
258 -2.0707 0.6920378
46 -1.3590398 4.06579
166 -1.3545331 3.8934796
179 -1.2890985 3.7092912
128 -1.9874316 0.8530308
141 -3.605557 -1.4607348
203 -3.9190545 -1.7651289
168 -3.851845 -1.8555843
253 -1.9749435 0.88760585
244 -2.0205147 0.8040181
121 -2.064039 0.7031647
173 -2.0725167 0.8186107
13 -1.9802063 0.90953654
293 -2.05859 0.7333968
265 -1.3278755 3.6615586
67 -1.3208826 3.5123987
78 -1.3405738 3.7175612
163 -1.9853548 0.8951905
115 -1.3558601 3.8532603
146 -4.010165 -1.9650263
190 -1.992825 0.94589
90 -3.3677099 -1.3032775
103 -1.3283155 3.9665322
142 -1.303985 3.8981233
129 -1.917951 0.90825886
145 -3.5142713 -1.4569439
262 -1.9768267 0.9234374
268 -1.3590916 4.2859097
199 -1.9691439 0.8536154
73 -2.0009186 0.9607275
51 -3.5556943 -1.4443195
52 -2.0334048 0.8689742
154 -4.020575 -1.8592596
159 -1.2749021 4.268488
236 -1.3519384 3.14644
216 -3.5785 -1.4842128
188 -2.0933924 0.72331464
200 -1.2637491 3.6413383
0 -1.3000057 3.6963756
206 -3.5412486 -1.4534
11 -2.0956018 0.6931026
205 -1.3962188 3.4435875
100 -1.3190187 3.885336
116 -1.300595 3.5216608
195 -1.375531 3.212101
275 -2.0544333 0.63573205
61 -2.0422382 0.82351804
170 -1.972242 0.7577941
181 -3.631711 -1.4760723
214 -1.9303535 0.9913131
280 -2.0738363 0.6998098
10 -1.3393214 4.083073
32 -3.557278 -1.4426236
171 -1.9999293 0.98692864
289 -3.6918797 -1.6412528
243 -1.9685066 0.9590016
120 -3.446175 -1.2717806
136 -3.8130825 -1.7574439
204 -3.534235 -1.430803
284 -3.59363 -1.515904
225 -1.351814 3.816186
281 -2.0489373 0.7738684
3 -1.2700244 4.160231
239 -1.3326768 3.810787
279 -1.9894389 0.9603788
12 -1.9230384 1.0413659
250 -3.7079778 -1.506247
24 -1.3428664 3.7776315
37 -3.6242485 -1.5396082
112 -3.6445212 -1.5594373
266 -2.0917819 0.6650002
157 -3.4859676 -1.4197217
177 -1.9728017 0.9589313
297 -1.3130985 3.5763338
118 -1.356446 4.2283535
215 -1.2726216 3.8226259
148 -3.6568742 -1.5177312
153 -3.4705832 -1.4371548
196 -1.3260233 3.7459595
17 -1.3773699 4.075146
60 -2.0506747 0.77538437
21 -1.3301775 3.5465767
186 -1.9585238 0.987656
26 -1.322443 3.2899528
28 -3.611531 -1.5298588
291 -1.9026338 1.107104
113 -1.9376948 1.0121981
161 -2.0751598 0.7026316
233 -2.1370654 0.59976447
273 -3.5891795 -1.5014116
42 -1.3456521 4.171437
50 -3.327509 -1.2440337
34 -1.9939759 0.9522154
35 -2.0085723 0.8026356
45 -1.336844 3.6304965
47 -1.3554829 3.148745
182 -3.737143 -1.5925552
263 -2.078463 0.6710089
49 -1.9746135 0.96990585
79 -3.8870277 -1.7744751
144 -1.2415292 3.6287124
140 -2.0412714 0.63853127
287 -3.7159472 -1.5187556
232 -3.8947308 -1.7348148
261 -3.7200444 -1.6220673
39 -2.0538664 0.76235336
27 -3.5541563 -1.4512677
230 -1.3297793 3.0340874
143 -1.3295212 3.442538
208 -3.6662824 -1.6149307
257 -1.3704041 4.0248656
156 -1.3210055 3.5196261
57 -2.2103744 0.56179774
69 -1.285126 3.6434314
271 -1.3172574 3.902985
95 -3.9268613 -1.7979105
96 -1.3469954 3.8778713
249 -3.938792 -1.793826
267 -3.6744518 -1.5445166
180 -2.1939826 0.4907747
178 -3.2408803 -1.1264104
15 -1.9305543 1.0342777
218 -1.9076221 0.9540042
25 -3.74175 -1.7432847
288 -3.593038 -1.4575987
164 -3.9611712 -1.7910465
75 -3.4194129 -1.2416018
82 -3.6070805 -1.5330191
84 -1.3790826 3.405947
212 -1.3568584 3.945274
183 -1.9971974 0.81938505
207 -1.364875 3.8761656
260 -4.0694623 -1.9422871
247 -1.3458033 3.4342086
66 -1.3174298 4.1488953
169 -1.3376255 4.259323
132 -1.3469611 3.5331838
72 -3.2501528 -1.097294
155 -3.9622872 -1.8251519
108 -1.9370366 1.0166879
278 -1.239587 3.4855275
162 -1.9202678 1.1247528
165 -3.5074131 -1.4194014
217 -1.3810742 3.696036
226 -1.3315905 3.8149626
277 -1.9460061 0.9603769
54 -3.8387856 -1.7459481
40 -3.6547348 -1.6117032
119 -1.3246838 3.40104
283 -1.3111422 3.9705553
172 -3.6214113 -1.5546852
220 -3.298388 -1.231411
193 -3.6986759 -1.5927753
76 -1.2670627 3.8506525
92 -1.3349874 3.8623154
114 -2.1670682 0.5187315
185 -3.7417133 -1.6740427
292 -3.652143 -1.4604594
91 -1.9139966 1.1851519
106 -1.2859763 3.6573374
30 -1.3174099 3.6601224
33 -1.9047487 1.1321384
44 -3.1716583 -1.0718731
86 -3.5372214 -1.4479269
111 -3.2764845 -1.162303
254 -3.6852014 -1.5982388
19 -1.3316717 4.03618
240 -2.1076148 0.66647255
70 -1.313469 3.8996556
139 -3.9448164 -1.7707489
1 -3.530272 -1.4583541
276 -2.0301256 0.6723189
48 -3.8451815 -1.7645572
184 -3.6895049 -1.531185
191 -1.3691185 3.9342172
299 -1.3403214 3.7102
16 -3.690522 -1.5864546
99 -1.3320277 3.7243333
123 -1.327726 3.7327719
38 -1.3080633 3.6991415
285 -1.3201885 3.9559135
125 -1.3648258 3.4330163
227 -1.2981987 4.00107
71 -1.9903713 0.9711436
272 -1.4038423 3.015099
290 -1.3715509 3.5735283
221 -3.541858 -1.3975121
296 -3.9190648 -1.7334415
137 -1.3340042 3.9498253
110 -2.9876785 -0.88084537
20 -1.313763 3.5750096
74 -3.503467 -1.3832399
264 -3.77936 -1.7436296
138 -1.3269144 3.761742
248 -4.025515 -1.8471023
245 -3.5872695 -1.4580218
59 -3.532249 -1.4575704
135 -3.5801802 -1.5887672
222 -3.7673094 -1.5676315
