30 2
4 4.0657716 0.92849904
21 3.47147 4.6903996
27 3.6101966 6.0801477
1 3.3865702 5.1104083
14 3.7640471 1.8907545
23 6.739642 -3.2392855
15 3.9162998 1.2706172
16 3.7959023 1.7497692
28 5.952607 -2.3201556
9 3.4537678 4.71792
12 3.5549674 6.457848
7 3.5933483 2.0208042
22 3.800637 1.6040341
11 3.596714 6.049718
17 4.005922 1.2854567
20 4.1022162 0.75035113
10 5.3693347 -1.5352932
13 5.46193 -1.6334331
8 6.101275 -2.6163654
25 6.150769 -2.5660307
19 5.4537888 -1.5815194
0 3.5061107 4.662705
6 6.2905426 -2.8360612
18 3.8556116 1.2662977
3 3.4854991 4.4248385
24 3.4537654 4.8350396
2 3.63276 6.4307437
26 3.6605432 2.1524005
29 6.8929996 -3.2305741
5 6.2985377 -2.762686
