30 2
28 6.1478643 -1.8183141
22 3.6310093 1.9067687
15 3.8878107 1.6321322
1 2.92478 5.558303
4 3.903644 1.3621869
8 6.3828154 -2.0426319
6 6.421603 -2.0591035
12 2.9954383 6.5501494
21 2.9808238 5.0312333
16 3.6382878 2.0342743
23 7.177722 -2.630375
17 3.8673768 1.7443068
0 2.9334042 4.78133
25 6.337106 -1.8098692
19 5.4914794 -1.0692855
7 3.4546254 2.4170864
10 5.4539695 -0.99358284
18 3.721816 1.6279305
2 3.0736866 6.9578805
3 3.0198827 4.6878552
27 3.0160017 6.317988
26 3.3967733 2.513792
13 5.515153 -1.0917933
24 2.9819877 4.924331
14 3.520726 2.3525734
11 2.9382927 6.293818
29 7.1483374 -2.548368
20 4.053783 1.0646412
9 2.910992 5.148561
5 6.602451 -2.166687
