30 2
22 3.595053 2.112247
4 3.8185766 1.5568309
16 3.6708746 1.9967674
21 2.9887378 4.9411182
1 2.8978565 5.669593
10 5.4772463 -1.0230464
8 6.4740987 -2.0027096
26 3.3404684 2.5831783
25 6.359188 -1.922761
19 5.5613813 -1.0913386
28 6.2163167 -1.852305
7 3.3440855 2.6279366
6 6.458986 -1.9688921
15 3.779073 1.7882719
18 3.674738 1.65544
2 2.9450917 6.842264
0 2.993708 4.8141966
9 3.085825 4.974436
27 2.99289 6.4350395
14 3.514275 2.2711918
17 3.7949579 1.8304558
13 5.404792 -0.98487127
23 7.0734353 -2.4685757
3 3.0037086 4.5316615
29 7.149829 -2.5280254
24 3.0250857 4.9942055
12 3.01928 6.7079315
11 2.9044843 6.313066
20 3.9375963 1.1352775
5 6.687954 -2.1765456
