30 2
7 4.3786387 3.1059515
29 4.75371 3.1435158
18 -1.03477 5.06809
3 1.5957301 3.9178023
2 -1.7886095 5.839358
1 5.730855 3.0579112
4 -1.8439742 5.8446403
21 2.6587574 3.6195974
25 5.3922 3.0600095
10 4.5826373 3.1185386
8 -1.2365803 5.385287
28 -1.4337769 5.498961
20 -1.196591 5.3219557
5 1.9150176 3.7370396
14 -2.1699095 6.1915073
23 -2.2719707 6.300793
26 5.4221573 2.9618568
11 1.3150102 4.0903
0 0.98737025 4.1180515
15 5.938025 3.0519311
6 5.2871065 2.9412215
17 -1.5403666 5.626278
19 -2.4011068 6.389707
24 1.93466 3.8681886
16 1.2883972 4.143171
12 5.453928 3.0723217
13 2.534033 3.5798216
9 1.1356524 4.171711
22 4.4024878 3.0825214
27 2.0930307 3.713403
