30 2
13 5.3692894 -1.5582447
21 3.3471415 4.811857
14 3.751078 1.9087734
10 5.414991 -1.4197526
16 3.897107 1.6373847
8 6.124193 -2.4260793
22 3.7106845 1.8050989
0 3.4012628 4.6640043
15 3.905227 1.2994094
25 6.2767496 -2.4484513
1 3.3678463 5.215712
11 3.4954743 6.050538
7 3.519906 2.1731925
4 4.0270123 0.9843041
23 6.864651 -3.268795
28 5.933629 -2.3679512
9 3.4519422 4.740659
20 4.089569 0.962495
29 6.9405375 -3.1850922
19 5.3133063 -1.4565585
12 3.663832 6.45899
6 6.282759 -2.6657453
17 3.926687 1.3942446
27 3.483728 6.178534
18 3.8590117 1.3106657
24 3.4054866 4.769915
2 3.729208 6.475258
26 3.6394062 2.2956524
5 6.362634 -2.6328807
3 3.3720732 4.4592834
