30 2
22 3.639048 1.7800584
7 3.5988495 2.255392
21 3.2127464 5.121978
16 3.753201 1.8177059
19 5.6318145 -1.501986
29 7.153125 -2.9321346
14 3.6769123 2.08389
20 4.0089054 1.0025703
25 6.200106 -2.072938
1 3.1199846 5.547713
26 3.467231 2.6243665
10 5.268978 -1.03985
4 3.8447042 1.3384786
8 6.196629 -1.9859471
27 3.1150973 6.169186
15 3.8708608 1.5781494
17 3.8328176 1.6235335
18 3.7461967 1.4770776
12 3.180488 6.5878806
28 5.9424915 -1.9454142
2 3.362308 6.709986
3 3.1203966 4.502122
0 3.1155953 4.7805123
9 3.106263 4.916586
23 7.0416408 -2.8638504
6 6.399114 -2.335659
5 6.4790215 -2.400251
24 3.1372254 4.967224
13 5.496019 -1.222278
11 3.2047498 6.056424
