300 2
242 -1.9539822 0.94419897
219 -3.6021004 -1.6350132
209 -3.4347522 -1.3660908
276 -2.0336716 0.7461856
150 -2.0871253 0.5772725
164 -4.0021133 -1.9306386
229 -1.8033602 1.2737435
99 -1.3983757 3.8296504
121 -2.0323865 0.7624547
15 -2.0127711 0.8544826
53 -1.3956815 3.5763397
63 -2.0492713 0.71878546
83 -1.9953446 0.94888586
7 -1.4244164 3.3645668
231 -1.8777179 1.2507402
117 -1.962238 0.84143156
262 -2.0367742 0.764459
162 -1.8402128 1.1610055
67 -1.4153382 3.8031476
282 -2.0086484 0.7308726
96 -1.4208504 3.7589924
197 -1.450443 3.9520907
233 -2.0440593 0.63457716
289 -3.6211019 -1.6545476
207 -1.4364009 4.0342627
234 -1.9365416 0.966077
203 -3.6449444 -1.6535577
105 -3.2317562 -1.1792608
135 -3.512129 -1.487067
149 -1.9610572 0.84216434
144 -1.4239163 3.7505631
9 -2.0269651 0.72142786
291 -1.9044014 0.9988673
29 -3.3777058 -1.4291012
225 -1.4410145 3.4343157
52 -2.0286407 0.77356964
228 -2.0528822 0.73245037
124 -1.3696189 3.8448875
10 -1.3747851 4.158874
246 -1.4064634 4.1433773
208 -3.3604848 -1.4219478
89 -2.0055633 0.9285506
93 -1.3432318 3.56543
275 -2.0533268 0.7296074
236 -1.4262317 3.4063573
0 -1.4105898 3.6129475
5 -1.9194902 1.1245818
18 -1.969846 0.85022914
22 -1.4238098 3.4980385
253 -1.9277921 0.99030256
126 -1.9581616 0.8152387
158 -1.4712405 3.53066
94 -2.0374012 0.7640531
123 -1.4230427 3.6953437
130 -1.4131968 3.6775005
255 -1.9649787 0.9990558
157 -3.5301166 -1.5458397
66 -1.4228221 4.082235
165 -3.554158 -1.6190045
127 -1.9082773 0.9430339
201 -1.9909838 0.8964445
297 -1.3880745 3.8694496
189 -1.4460099 3.4761548
84 -1.4697633 3.6187356
136 -3.7000237 -1.721556
131 -3.4796476 -1.5412816
237 -1.4867222 3.7018883
243 -1.9636889 0.8430944
168 -3.5824447 -1.5071794
258 -2.0285819 0.72735816
47 -1.3941238 3.1701298
265 -1.4372201 3.4073842
115 -1.4824568 4.0120745
133 -3.379348 -1.47399
190 -2.0229623 0.8228843
272 -1.4071615 2.7378964
280 -2.018948 0.7945473
46 -1.4076118 4.544834
147 -2.0097282 0.8683286
33 -1.8982645 1.0509204
107 -1.9462752 0.9520073
72 -3.2188327 -1.3576908
256 -2.1188667 0.74463
298 -1.9883416 0.84991664
116 -1.366067 3.6933434
194 -2.0554073 0.6701721
129 -2.0001545 0.8597254
153 -3.2748375 -1.3768852
86 -3.432282 -1.4177482
244 -2.0579705 0.76644826
152 -3.7124488 -1.7904696
182 -3.578598 -1.633198
235 -1.4697386 3.6502762
77 -1.4575318 2.7813447
79 -3.9187772 -1.8788886
27 -3.7864094 -1.7716074
81 -1.4144794 3.7386563
113 -1.9543126 1.0045617
169 -1.425049 3.6050594
62 -3.8312542 -1.7515571
279 -2.0228212 0.7745407
230 -1.4252042 3.1619797
138 -1.3949041 3.6593082
75 -3.2592351 -1.2450683
293 -2.1213121 0.5277367
193 -3.7620032 -1.837711
241 -2.0400338 0.8654199
151 -1.9744653 0.76423985
210 -1.4376203 3.7459612
216 -3.5966153 -1.5909438
252 -1.9860095 0.7713374
101 -2.037147 0.7385183
213 -2.1084297 0.6744197
294 -3.5306416 -1.5081995
274 -1.8747795 1.1113567
58 -3.772728 -1.762649
283 -1.4023404 3.8375487
68 -1.3857654 3.688837
73 -1.9893272 0.9051808
205 -1.4054017 3.2934072
267 -3.3380475 -1.3989025
271 -1.4041331 3.9968338
110 -3.1465394 -1.1794618
176 -1.3296188 3.5573583
260 -4.2058015 -2.152394
155 -3.593411 -1.6372331
161 -2.0577247 0.6840325
192 -3.387396 -1.3754523
8 -1.9490144 0.8715564
178 -3.0779107 -1.0715567
54 -3.8167832 -1.7898915
104 -2.0085568 0.8120362
24 -1.4333947 3.1873145
251 -1.4466379 3.4867265
191 -1.4061539 3.8324268
37 -3.5466857 -1.4863255
44 -3.3393698 -1.4218582
70 -1.380545 3.9529738
71 -1.9998242 0.8572595
287 -3.9718924 -1.9548237
232 -3.684285 -1.6976404
97 -2.0636694 0.65931845
224 -3.8424416 -1.8247236
108 -1.9632844 0.9138801
187 -3.6818166 -1.6641817
177 -1.983108 0.91954744
181 -3.3561099 -1.4261365
273 -3.518577 -1.5452771
2 -3.556737 -1.5674903
4 -1.4153982 3.5199168
128 -2.0443408 0.75955534
119 -1.3738118 3.4670615
35 -2.0451226 0.74335974
120 -3.5215461 -1.5232762
55 -2.0073433 0.86345464
56 -2.0621278 0.7028936
88 -1.4497697 3.5826845
59 -3.7261875 -1.6888696
284 -3.4817357 -1.4728004
250 -3.676809 -1.7092328
175 -1.9902309 0.8024401
20 -1.3538206 3.6833155
141 -3.7605095 -1.7713419
174 -2.1789696 0.46807426
30 -1.3786474 3.9555006
31 -1.3563173 3.6928008
60 -2.0100288 0.73377544
173 -2.0335765 0.8258339
111 -3.3415627 -1.3757368
166 -1.4075606 3.593602
163 -2.0458682 0.7245135
264 -3.9336698 -1.8577977
296 -3.8097005 -1.7596859
3 -1.4285622 3.639971
13 -2.115443 0.58324116
196 -1.4450883 3.8055623
167 -1.4479216 3.698417
39 -2.046527 0.8267057
45 -1.4208213 3.5570529
49 -2.0095255 0.9581123
122 -1.4786342 3.9655695
195 -1.3888495 3.350637
218 -1.9198093 0.9025939
16 -3.6578524 -1.7307063
34 -2.0094025 0.8202501
103 -1.3345402 3.5507593
184 -3.896796 -1.8657826
263 -2.1505818 0.5302288
64 -3.4756358 -1.5358553
65 -3.4517055 -1.4408703
82 -3.621165 -1.6507207
221 -3.6107228 -1.5736275
171 -1.9310772 1.059365
200 -1.446866 3.8947003
139 -3.6041145 -1.631669
211 -2.0012658 0.8862409
217 -1.3667713 3.791152
61 -2.0948455 0.6348881
223 -4.075214 -2.0552478
268 -1.4435866 3.8525107
257 -1.4167051 3.7050912
143 -1.442394 3.5275607
134 -2.0142803 0.7591046
259 -3.297953 -1.2932256
199 -2.0496547 0.883939
220 -3.5537324 -1.5495467
247 -1.3980951 3.7480829
12 -1.9477264 1.0435345
125 -1.4959911 3.8549542
95 -4.1434026 -2.1741064
106 -1.4377544 3.3095832
87 -1.9412149 1.0099524
179 -1.4296737 3.583527
159 -1.3773571 4.192404
23 -2.035801 0.69801795
212 -1.3755077 3.6899838
40 -3.6198907 -1.565899
69 -1.4059317 3.5255768
78 -1.4547776 3.3951957
202 -4.2866144 -2.3234892
206 -3.4778192 -1.4450469
214 -2.0142424 0.7781113
240 -2.2226727 0.37432262
277 -1.9586971 0.9682185
1 -3.704914 -1.782261
266 -1.9646019 1.0124481
17 -1.4344476 3.873243
19 -1.4173431 3.4756126
25 -3.8983445 -1.8586961
26 -1.4417589 3.167427
42 -1.3584136 3.4618192
180 -2.0780473 0.6607492
114 -2.1101942 0.649824
102 -2.0829859 0.6566473
227 -1.355037 3.5506184
188 -1.9752574 0.90495515
215 -1.3601828 3.5958111
6 -2.097822 0.5827071
14 -3.6538823 -1.6711551
198 -3.3715024 -1.3449177
285 -1.4143876 3.9621007
281 -2.0916965 0.68124986
185 -3.911 -1.8061016
43 -1.9292041 1.0612727
51 -3.468159 -1.499303
118 -1.4653924 4.3944116
146 -3.8507545 -1.7817794
290 -1.4278821 3.462253
76 -1.3533596 4.095422
142 -1.414256 4.125516
137 -1.478 3.442215
299 -1.3911262 3.8863478
57 -2.0797834 0.7492722
140 -2.1989508 0.49499387
148 -3.7241666 -1.6955626
172 -3.6398516 -1.6504188
222 -3.491546 -1.5618985
261 -3.4943678 -1.4968206
11 -2.0043623 0.71553534
28 -3.6685605 -1.7090107
204 -3.3675103 -1.4446646
156 -1.3296487 3.6686099
41 -1.4565644 4.1256523
50 -3.1332967 -1.1460114
132 -1.4258521 3.4221404
288 -3.659394 -1.574439
245 -3.6462324 -1.567926
36 -1.3982123 3.7910182
100 -1.4278973 3.8391283
145 -3.829797 -1.8554697
98 -3.4256525 -1.4016438
38 -1.3580498 3.8909616
295 -3.4059834 -1.3708861
170 -1.9985325 0.7282945
286 -1.376883 3.6590405
269 -3.042004 -0.9945148
249 -3.9132972 -1.8612605
48 -3.8687267 -1.8136108
112 -3.6673033 -1.720946
154 -4.0299897 -2.0424025
183 -1.9864552 0.9365139
80 -1.413398 3.6595488
85 -3.662675 -1.7510526
92 -1.3895513 4.6340833
238 -1.45859 3.5486996
254 -3.629053 -1.571835
21 -1.4014332 3.4564147
186 -2.0645018 0.7603836
248 -3.921888 -1.8369942
160 -3.683953 -1.6849899
270 -3.485004 -1.5387924
226 -1.4040763 3.6709526
90 -3.510274 -1.5025417
278 -1.3782471 3.8445857
32 -3.3561077 -1.3778832
109 -3.7217135 -1.8071676
292 -3.4701533 -1.4628484
239 -1.3945884 3.6281016
91 -1.9438047 1.0986205
74 -3.1937506 -1.1564549
