30 2
4 3.9180617 1.0933248
21 3.5714424 4.5909214
13 5.454285 -1.820017
1 3.5808587 4.9935594
17 3.9384418 1.2846622
22 3.767892 1.5566146
16 3.8628151 1.693388
18 3.8764384 1.3058759
12 3.7863226 6.2255683
26 3.6020977 2.2804139
28 5.9927053 -2.6122062
8 6.0898395 -2.7085962
20 4.083899 0.9109629
15 3.8767164 1.2935246
10 5.282727 -1.6296139
7 3.7224414 2.0426402
25 6.0886106 -2.7508893
29 6.856055 -3.4647603
14 3.722168 1.9641842
19 5.416369 -1.6986953
23 6.631772 -3.3541372
0 3.5414534 4.4786077
11 3.6995308 5.9317775
6 6.107021 -2.930734
27 3.7379339 5.9808187
24 3.5837455 4.706114
3 3.549156 4.3290935
5 6.4069815 -2.940741
9 3.4991477 4.623368
2 3.859092 6.2911325
