30 2
7 3.9879503 3.5676339
29 4.3890667 3.6409502
4 -2.4320915 5.676643
14 -2.6916482 5.8419223
20 -1.7712691 5.214654
2 -2.3791864 5.7353277
25 5.1567497 3.5758183
5 1.4936002 3.9397674
0 0.64491695 4.2521105
3 1.452668 3.9967344
10 4.2150364 3.5592475
21 2.298227 3.874317
18 -1.7184539 5.130985
24 1.4190785 4.0401096
12 5.0026484 3.6569705
8 -1.8269529 5.1326923
1 5.6142254 3.6084728
17 -2.1764314 5.5647144
6 4.8791156 3.426002
22 4.205647 3.4918454
11 1.1096164 4.129094
26 5.198369 3.4560862
15 5.5807877 3.5511978
23 -2.810771 5.8747406
16 0.6667225 4.366134
9 0.70468557 4.2736945
19 -3.090721 6.131074
28 -1.8324069 5.2504473
13 2.3190722 3.770343
27 1.6809678 3.9623744
