30 2
16 3.8529115 1.6895217
22 3.7741356 1.5500438
10 5.2996902 -1.5381671
4 3.943161 1.0787762
21 3.5852458 4.6327
7 3.7128294 2.0297937
8 6.065326 -2.7131913
25 6.111138 -2.7262652
28 5.990457 -2.6013494
17 3.9526544 1.2613313
26 3.59934 2.2533674
24 3.5713956 4.690132
0 3.5669358 4.485633
1 3.5514226 4.9772925
6 6.0846977 -2.9376013
18 3.8344707 1.3149439
2 3.863094 6.2706275
15 3.8840559 1.312975
19 5.4029512 -1.7017287
23 6.653911 -3.3177948
29 6.8587494 -3.5084426
20 4.104605 0.8651385
14 3.7334046 1.9723169
13 5.4716344 -1.8502558
12 3.7826715 6.2403536
5 6.4206657 -2.9605653
27 3.7102098 5.9848814
11 3.6996143 5.943014
3 3.5453587 4.3523054
9 3.5360868 4.626537
