300 2
117 -2.036711 0.78750724
234 -1.8783617 1.1456954
54 -3.919454 -1.7393157
6 -2.0744255 0.64703566
56 -1.8855537 1.0637583
94 -1.9600918 0.9696117
269 -3.491857 -1.1657066
8 -2.046971 0.78147525
231 -1.8614447 1.2092128
18 -1.9003245 1.0228795
67 -1.2415941 3.6172378
165 -3.4335768 -1.2318586
21 -1.2565304 3.5347977
29 -3.541998 -1.3281795
296 -3.960311 -1.6627603
153 -3.411872 -1.2107958
72 -3.2455878 -1.0248932
149 -2.0165398 0.85255134
128 -1.964176 0.86751896
58 -3.806866 -1.5891016
252 -2.0487359 0.73903793
116 -1.2740871 3.2426996
178 -3.281887 -1.1419548
113 -1.9692693 0.9621315
7 -1.3179274 3.6271594
11 -2.1390522 0.6809705
35 -2.0349977 0.7421986
194 -1.9058301 1.1369268
291 -1.9823768 0.8780453
61 -2.149471 0.6284725
43 -2.0190275 0.920366
198 -3.1631756 -0.9185914
241 -2.0020554 0.9401204
211 -2.0725737 0.6899776
134 -1.9572276 0.9166465
243 -1.8762019 1.1155491
75 -3.5196989 -1.3317821
157 -3.5945215 -1.338323
174 -2.028414 0.779049
140 -2.0003052 0.7766758
142 -1.2177852 4.011894
151 -2.0101705 0.7225372
251 -1.2022691 4.0226336
287 -3.7539523 -1.5162333
28 -3.776085 -1.4749377
12 -1.9495347 0.9883209
69 -1.256832 3.611286
126 -1.892449 1.074611
286 -1.1550376 4.109658
169 -1.1328408 4.009874
73 -1.8905272 1.0365769
110 -3.3907015 -1.0901244
290 -1.1757953 3.5649457
154 -4.1504755 -1.8035262
189 -1.2296104 3.4145887
23 -1.9508339 0.95975107
236 -1.2122041 3.362212
20 -1.2367163 3.5184345
146 -3.6312757 -1.3680211
209 -3.549726 -1.1849287
33 -1.8492014 1.168492
205 -1.2208288 3.4101446
88 -1.1772654 3.4669967
108 -1.9066129 0.99853295
150 -2.185781 0.6457758
255 -1.9439049 0.9474267
170 -1.8793424 1.0463275
27 -3.7150865 -1.4454366
31 -1.1895396 3.8407817
254 -3.6581957 -1.4861507
53 -1.1181593 3.728538
63 -1.9240682 1.0378422
299 -1.2209258 3.5994654
96 -1.1784337 3.6889024
212 -1.1378865 3.92418
129 -1.8775469 1.1937804
233 -2.0929103 0.72014433
276 -1.9951351 0.8194916
282 -2.074387 0.62585306
34 -1.895611 1.1300095
196 -1.2474302 3.718266
127 -2.0990949 0.6952625
124 -1.206806 3.9147313
83 -2.081534 0.69953674
275 -2.0205393 0.85039973
87 -2.0862505 0.67752343
145 -3.8930655 -1.5707415
156 -1.2221855 3.3619757
225 -1.172122 3.7951896
295 -3.3855968 -1.0893996
0 -1.1544712 3.887187
4 -1.2289044 3.84735
77 -1.2499923 3.2025099
136 -3.9263747 -1.6623923
95 -4.18807 -1.7650667
141 -3.6512797 -1.4523367
171 -1.9290975 1.0886593
175 -2.0432103 0.87012565
9 -1.9690211 0.9805386
137 -1.2549144 3.3337193
13 -2.006348 0.95995075
213 -2.0760646 0.7136686
62 -3.7526388 -1.4201707
191 -1.2162852 3.752997
80 -1.1945957 3.789877
281 -2.0152905 0.8987759
167 -1.2987431 3.4956648
176 -1.2078531 3.8176281
147 -2.054807 0.87358904
148 -3.9072204 -1.6426803
294 -3.678532 -1.472376
3 -1.171228 3.8063219
239 -1.2341982 4.2579656
210 -1.1740122 3.2755144
158 -1.2018353 3.7725189
39 -1.9670744 0.99394184
208 -4.0069976 -1.7590715
280 -1.9860417 0.89231133
92 -1.1800189 4.4388146
86 -3.6332605 -1.3114418
229 -1.8137778 1.2263627
216 -3.8765473 -1.6308528
186 -1.905625 1.1123344
163 -2.0006921 0.91131395
238 -1.1630514 3.9414723
203 -3.911462 -1.6616429
1 -3.9178495 -1.6023698
24 -1.1604698 3.7217565
15 -1.866844 1.0405852
284 -3.633968 -1.4153795
25 -3.818916 -1.4715453
41 -1.1594158 3.8666434
50 -3.2553935 -1.0128114
57 -2.1669512 0.6054608
118 -1.1691797 4.217792
65 -3.659739 -1.4020488
70 -1.2240115 4.1311455
274 -1.9325606 1.0744058
119 -1.227811 3.4660282
123 -1.1851596 3.5879102
248 -3.822837 -1.5975281
228 -1.8580937 1.1149288
16 -3.7375438 -1.4210833
32 -3.4156065 -1.2291538
36 -1.2898806 3.59339
38 -1.2431962 3.5269608
45 -1.203159 3.2885368
215 -1.1968465 3.9198792
219 -3.5785537 -1.3307076
114 -2.0265706 0.80188966
138 -1.2278143 3.6261525
115 -1.1792912 4.0243726
84 -1.2008822 3.7215831
105 -3.441114 -1.2130744
188 -2.1418374 0.58789307
159 -1.2336342 3.9052346
187 -3.6280577 -1.4298481
273 -3.62234 -1.3621348
100 -1.1953999 4.2170296
14 -3.741505 -1.432554
17 -1.1898103 3.8176858
257 -1.2215426 3.8511295
160 -3.71516 -1.4323765
104 -1.8758836 1.1135375
152 -3.7593584 -1.4404234
111 -3.4461951 -1.1760029
55 -2.068323 0.7097727
161 -2.0433023 0.7693043
107 -2.009652 0.91136366
71 -1.8930775 1.0345885
144 -1.1732047 3.6997128
270 -3.4854689 -1.2785488
192 -3.5254102 -1.3394804
250 -3.7477212 -1.4755497
297 -1.1960528 4.0588403
172 -3.4993458 -1.3210607
47 -1.2015126 3.4184933
289 -3.764006 -1.4949393
102 -2.0097506 0.9429763
193 -3.7082512 -1.4561142
132 -1.2245135 3.8334498
249 -3.7530906 -1.499038
200 -1.1629223 4.0316744
221 -3.8306215 -1.5414956
5 -1.9279728 0.99266034
103 -1.2496283 3.7720885
64 -3.5398743 -1.3356935
37 -3.8128815 -1.4983854
81 -1.1653738 4.0248833
206 -3.295879 -1.1079137
283 -1.21484 3.6080036
52 -1.9957919 0.8608873
112 -3.6472576 -1.3225616
173 -1.8764917 1.0808136
106 -1.2104912 3.3028543
168 -3.5382357 -1.2998571
201 -2.0185938 0.87934124
266 -1.9947907 0.979422
130 -1.1428497 4.0765123
268 -1.170547 3.808142
277 -1.8503662 1.1270826
89 -1.9453418 1.0170021
190 -1.9872047 0.9992379
30 -1.225015 3.582751
42 -1.1677771 4.068077
220 -3.587679 -1.3468838
155 -3.60706 -1.3955853
279 -2.009261 0.8972708
78 -1.1943604 3.7052443
90 -3.4166563 -1.1776383
256 -2.1316557 0.6035736
121 -2.0200508 0.94662017
125 -1.2226181 4.0314546
135 -3.5030265 -1.2632052
214 -1.9326209 1.0475415
298 -1.904782 1.1447127
267 -3.2665243 -1.0147578
204 -3.6340098 -1.4211679
40 -3.8275206 -1.4202429
265 -1.1379172 3.6787694
242 -1.9136755 0.9939283
79 -3.911647 -1.6582373
122 -1.1768732 3.9022992
263 -2.0256176 0.7794939
183 -1.986193 1.0159941
199 -1.8835902 1.1298023
202 -4.0875807 -1.7197059
85 -3.6061628 -1.3669623
223 -4.048176 -1.7771986
133 -3.205708 -0.9885878
101 -1.9777771 0.90072626
46 -1.2443479 4.1809616
162 -1.9058135 1.0699642
93 -1.214782 3.7819765
237 -1.2312663 3.5498657
2 -3.5292015 -1.2938621
68 -1.2055792 3.8447762
22 -1.2060077 3.669274
235 -1.2501141 3.5555234
44 -3.4258525 -1.2346569
49 -1.9575891 1.080104
91 -1.7669829 1.448991
195 -1.2681763 3.6401193
253 -1.9406258 1.0622025
184 -3.8146613 -1.623568
288 -3.653241 -1.3765004
246 -1.2544484 3.9158018
293 -1.9724221 0.8917026
285 -1.2777717 4.058068
99 -1.2092364 3.700019
120 -3.8315272 -1.5807242
292 -3.9152877 -1.7199153
222 -3.5967247 -1.3470669
185 -3.581354 -1.3372061
261 -3.5551698 -1.258282
258 -2.1094253 0.74623644
19 -1.2592643 3.7047796
180 -2.081058 0.723148
224 -3.7237732 -1.4045628
230 -1.1555742 3.6692946
226 -1.221026 3.5658178
232 -3.6845865 -1.4854394
76 -1.1704832 3.961932
139 -3.8447492 -1.5018059
240 -2.148792 0.6236105
177 -1.9896295 0.95307446
179 -1.1814373 3.6546288
164 -4.0093937 -1.7016727
59 -4.0131617 -1.6568464
207 -1.1215459 3.8389304
262 -2.1231163 0.6446642
260 -4.2259736 -1.8945638
218 -1.9495637 0.9741468
182 -3.4796264 -1.307608
197 -1.1875576 3.9730825
97 -2.0440469 0.7886651
278 -1.2125181 4.0548677
10 -1.2060757 4.230662
166 -1.2418392 3.7684722
259 -3.8090403 -1.4999348
26 -1.1916605 3.518399
60 -2.0707755 0.8138128
98 -3.329604 -1.2210722
247 -1.2321299 3.7392526
74 -3.6278546 -1.4432757
271 -1.1512272 4.1890173
245 -3.64458 -1.3681831
82 -3.9163296 -1.5440884
143 -1.1986922 3.6205864
227 -1.2082509 3.5709753
51 -3.635762 -1.3903309
272 -1.2064039 3.0520077
217 -1.2101297 3.8428354
66 -1.173284 4.219271
181 -3.307662 -1.1188108
48 -3.9439445 -1.6377847
131 -3.598242 -1.3138819
264 -3.7484264 -1.555727
244 -2.0548556 0.8302775
109 -4.1279216 -1.7371528
