30 2
6 6.150626 -2.8091068
1 3.6415474 5.0440755
26 3.6628919 2.2484467
28 6.020802 -2.6125045
22 3.7888906 1.590853
16 3.8635356 1.838776
21 3.6270657 4.462454
15 3.8873737 1.3231615
3 3.577295 4.2549767
7 3.7238185 2.0238683
14 3.6949842 1.975653
10 5.2657514 -1.7319857
19 5.532246 -1.94726
17 3.9636512 1.293254
13 5.356287 -1.8476492
12 3.9101145 6.273842
4 3.9676015 0.9309017
27 3.8575532 6.036466
25 6.0751987 -2.7101617
8 6.078005 -2.7303722
2 3.8198001 6.2576647
20 3.9948294 0.7374639
0 3.6814122 4.4741354
29 6.8560615 -3.658982
11 3.7266576 5.789705
9 3.6118424 4.562638
5 6.22193 -3.0663786
18 3.8854442 1.1985384
23 6.6631627 -3.4440029
24 3.6565363 4.7620525
