30 2
21 3.2226264 4.970677
10 5.4194107 -1.1962482
7 3.4831097 2.3565164
22 3.6723762 1.6880176
28 6.000748 -2.0532103
14 3.6735923 1.9970758
16 3.6976264 1.9202157
19 5.5888634 -1.4468536
4 3.8597558 1.3801972
17 3.868895 1.5152738
1 3.1120756 5.455955
23 6.964393 -2.9138632
25 6.165353 -2.0782974
5 6.483422 -2.3662586
18 3.7830856 1.4264866
24 3.2327821 4.902599
12 3.3910522 6.527753
3 3.2037935 4.6373467
13 5.443917 -1.2022487
2 3.3941293 6.717786
0 3.2054887 4.7358065
8 6.169612 -2.080408
11 3.1601584 5.9916196
27 3.2783437 6.2917576
15 3.837304 1.636393
20 3.9399397 0.9993991
6 6.374952 -2.5076396
29 7.0629826 -2.9696112
26 3.4264145 2.3868806
9 3.238993 4.797762
