300 2
194 -2.0120504 0.78626686
18 -2.0260313 0.84214145
36 -1.2868907 3.7646616
22 -1.2415004 3.7460876
211 -2.0454674 0.71242243
212 -1.304669 4.0243917
143 -1.2949334 3.2495282
169 -1.3331875 3.6639075
244 -2.0694034 0.7816301
93 -1.3025316 3.650454
147 -1.9445974 0.99446535
213 -2.0467105 0.796802
83 -2.0051847 0.9061648
253 -2.0630279 0.8583897
48 -3.8100185 -1.6650611
262 -2.0778012 0.729838
189 -1.2875015 3.3780007
56 -2.096839 0.77670836
190 -1.927063 1.1096257
206 -3.5162644 -1.3563063
43 -1.9119527 1.1760417
208 -3.6154037 -1.4996156
241 -1.9215504 1.0217694
218 -1.9285487 0.9769505
125 -1.26887 3.648893
198 -3.3620288 -1.3222213
259 -3.7019975 -1.4930731
215 -1.3418822 3.2265682
17 -1.256398 3.9634407
30 -1.3199446 3.630742
234 -1.8812953 1.1625084
240 -2.2180538 0.3902788
124 -1.27609 4.0375957
275 -1.9609607 0.9499326
161 -2.059021 0.7741556
223 -3.9687674 -1.8598627
294 -3.954574 -1.8280046
154 -4.1712246 -1.981036
47 -1.2680062 3.7692502
201 -1.9586585 1.0053557
15 -2.037705 0.89577496
27 -3.6318588 -1.5407048
239 -1.3405547 3.8121307
72 -3.4863842 -1.3658946
207 -1.3284785 4.082808
3 -1.320224 3.7751737
138 -1.2541245 3.4662685
33 -1.8964893 1.1449391
103 -1.323345 3.6650884
181 -3.335476 -1.1902721
77 -1.3129206 3.1730444
78 -1.2932658 3.9084053
89 -1.8917853 1.077121
266 -2.0370195 0.8050974
196 -1.2705798 3.8550034
101 -2.0854614 0.7175944
130 -1.3072431 4.04487
205 -1.397915 3.3463638
121 -2.0666306 0.7997779
258 -2.0034213 0.8663892
52 -2.0817394 0.801537
209 -3.4717135 -1.396991
32 -3.5246398 -1.3637098
203 -3.584469 -1.3935542
82 -3.806588 -1.6303511
232 -3.6037235 -1.4585202
238 -1.2957278 3.6528857
4 -1.3067043 3.8422809
54 -3.8626747 -1.583038
75 -3.3784215 -1.2287451
139 -3.7473347 -1.6210376
237 -1.319683 3.5103207
28 -3.777976 -1.6281148
76 -1.316386 4.1787004
79 -3.5775192 -1.4375831
115 -1.3629582 4.0337353
260 -4.111143 -1.9067265
131 -3.453599 -1.3794463
202 -4.0475802 -1.8579156
274 -1.9457666 0.97199744
168 -3.9039981 -1.6818317
6 -2.2070038 0.5046776
133 -3.4677827 -1.3283498
170 -1.9387461 0.9790189
73 -1.9724401 0.93928134
120 -3.4101303 -1.3323652
49 -1.9995987 0.88934416
41 -1.3330362 4.423223
86 -3.7397373 -1.5221627
295 -3.436338 -1.3333501
174 -2.1228998 0.5344397
127 -1.9536629 0.9030503
14 -3.635227 -1.5123974
85 -3.762468 -1.6397918
159 -1.3263258 3.6224017
23 -2.059853 0.8320608
269 -3.3063297 -1.2163222
119 -1.3414412 3.3097699
257 -1.3351568 3.972859
162 -1.9208044 1.1394622
195 -1.301444 3.4672642
267 -3.2453105 -1.0809656
292 -3.6588912 -1.5439204
251 -1.2923813 3.685893
16 -3.7810538 -1.6244067
37 -3.7623708 -1.552856
45 -1.2882422 3.3933892
53 -1.401631 3.7142158
111 -3.5864882 -1.4257193
80 -1.3802536 3.7713947
180 -2.1247718 0.5764976
104 -2.0257924 0.7566146
128 -1.8831619 0.9869658
136 -3.8858843 -1.7479911
157 -3.5903575 -1.4156626
246 -1.3127775 4.0900974
175 -1.9984767 0.93569577
286 -1.2985395 3.7575989
192 -3.6940465 -1.5905801
282 -2.0300636 0.7469843
247 -1.3123487 3.4798553
134 -1.9474186 1.0216358
31 -1.2559285 3.8548248
50 -3.1328852 -0.98508215
176 -1.28484 3.5241795
91 -1.9125199 1.2897458
250 -3.7467375 -1.6142455
248 -3.827441 -1.5682327
233 -2.1078444 0.65934557
287 -3.7074432 -1.5339829
252 -2.1015234 0.5894843
179 -1.2470678 3.320876
185 -3.9979475 -1.8262655
231 -1.9273618 1.0053258
243 -1.9889562 0.95743436
5 -1.8367984 1.3317393
160 -3.7022889 -1.4449012
95 -4.284263 -2.034288
63 -2.065852 0.8111225
71 -2.0012789 0.80610096
261 -3.3553164 -1.2766677
256 -2.1841195 0.55416304
150 -2.1865368 0.5852803
222 -3.5534182 -1.3314238
291 -1.9920939 0.90794194
96 -1.3303114 3.8183067
13 -2.0201552 0.9182857
19 -1.3611143 3.4847448
29 -3.7044368 -1.5001156
224 -3.9871912 -1.7319273
263 -1.9560052 0.92995304
107 -1.9662693 0.95337003
297 -1.1834837 3.936461
220 -3.4927049 -1.3791847
155 -3.8519843 -1.7017509
228 -1.9448928 0.9846824
152 -3.483344 -1.2945067
225 -1.3483845 3.602228
279 -2.045475 0.89388824
280 -2.0855548 0.73568547
276 -1.9354832 0.92596054
9 -2.044846 0.860884
11 -2.0751197 0.69210964
24 -1.3172576 3.9137251
105 -3.296308 -1.1337335
219 -3.4413598 -1.3004944
42 -1.2905535 4.0144234
99 -1.2793121 3.5143912
94 -2.0699313 0.707903
216 -3.6172125 -1.480729
116 -1.3662077 3.7097552
117 -2.096257 0.70542026
272 -1.3102608 3.0270355
149 -1.9967895 0.8291631
148 -3.9102802 -1.7329197
236 -1.3219795 3.1852117
34 -1.969655 1.0085639
188 -2.0883226 0.73750186
142 -1.3560723 3.6729472
62 -3.667529 -1.4285978
123 -1.3373041 3.81907
265 -1.3197975 3.423138
38 -1.2313792 3.6588569
61 -2.1531527 0.5909387
65 -3.5651078 -1.3555051
217 -1.319967 3.9670324
173 -2.0361228 0.90849507
288 -3.8055637 -1.6597182
273 -3.4185877 -1.2792418
178 -3.2639213 -1.1158917
270 -3.6400511 -1.4361402
226 -1.3344522 3.894284
1 -3.450566 -1.3834549
2 -3.5054536 -1.3378
271 -1.3103871 4.10523
289 -3.430588 -1.3199755
39 -2.1703517 0.6365664
290 -1.3060927 3.900316
285 -1.330044 4.0689816
193 -3.4528353 -1.3359499
167 -1.3496324 3.5218818
281 -2.0890021 0.61896557
254 -3.802275 -1.6365294
264 -3.7259083 -1.6677074
8 -1.9932809 0.7399186
51 -3.585233 -1.4437529
59 -3.491203 -1.4059917
84 -1.3839324 3.7483594
242 -1.9623508 0.9907899
229 -1.8681312 1.2613096
277 -1.874604 1.1046954
0 -1.2754434 3.6079378
7 -1.314808 3.763636
126 -1.8872652 1.1344982
298 -2.0089707 0.9137276
151 -2.043332 0.9454089
182 -3.2948916 -1.2356215
98 -3.4154348 -1.272567
268 -1.311015 3.8387926
108 -1.913711 1.0301441
145 -3.748641 -1.5367153
113 -1.8861139 1.0643898
191 -1.2594618 4.189295
129 -1.9156314 1.057516
135 -3.4755998 -1.4055356
137 -1.3003038 3.4319754
165 -3.5138266 -1.414457
171 -1.9806274 0.9816341
184 -3.7902305 -1.6986853
100 -1.3210083 3.972163
10 -1.3275123 4.087001
210 -1.3176807 3.956673
227 -1.3084345 3.6991198
88 -1.2564571 3.7237368
64 -3.589093 -1.4975669
92 -1.2957128 4.342225
278 -1.1960753 3.5164173
293 -1.9933072 0.9599565
70 -1.320696 4.18808
20 -1.3129354 3.6560183
21 -1.3544425 3.787799
235 -1.2842829 3.8462582
68 -1.3627187 3.513645
67 -1.3549434 3.605659
40 -3.7360811 -1.6789639
144 -1.2875522 3.8607736
214 -1.9284933 0.9559841
58 -3.6846247 -1.5503721
283 -1.2803113 3.6231205
284 -3.6305888 -1.511971
90 -3.2584827 -1.0674816
97 -2.1571827 0.57143
110 -3.2005248 -1.1435919
146 -3.734848 -1.5527565
197 -1.2904639 3.680113
255 -1.9393051 1.0837904
35 -2.1260633 0.6197235
60 -2.134338 0.64401054
66 -1.3487079 3.8291833
69 -1.3004264 3.7991378
81 -1.3185395 3.9490552
200 -1.276258 3.8998616
172 -3.5682724 -1.4188937
204 -3.6007347 -1.5046788
102 -1.9249068 1.0359077
12 -1.8826497 1.1761246
26 -1.3176241 3.1648138
112 -3.6616244 -1.5174763
230 -1.2698599 3.7616224
55 -1.9262043 1.0224099
177 -2.0965998 0.7234019
158 -1.3077334 3.8677127
118 -1.2971113 3.8497906
183 -1.9321059 0.9369825
221 -3.7032542 -1.5399731
299 -1.2746058 3.8114567
199 -2.082378 0.7308822
114 -2.1944175 0.46809807
57 -2.1539214 0.6242212
122 -1.3655535 3.9599688
156 -1.286313 3.4297745
166 -1.2656075 3.7318783
249 -3.9209108 -1.8271425
153 -3.5339863 -1.4230419
296 -3.543887 -1.3374885
44 -3.3001854 -1.107529
87 -1.9733194 0.8779503
46 -1.3310581 4.391999
140 -2.1372092 0.60837483
132 -1.2779734 3.390903
163 -2.1036909 0.78563267
164 -4.0149345 -1.8139619
141 -3.7541645 -1.519356
186 -1.9520342 1.1225237
109 -4.2078333 -2.0722754
106 -1.3426338 3.4145558
25 -3.73303 -1.5991211
245 -3.3224537 -1.1521393
74 -3.55476 -1.4156854
187 -3.5044422 -1.401436
