30 2
29 4.7891955 3.103989
7 4.3335185 3.0518951
3 1.839342 3.9503572
20 -1.0133461 5.3107724
18 -0.7920803 5.1400313
2 -1.4993461 5.866246
25 5.6208587 2.8449326
14 -2.0467138 6.150121
6 5.337461 2.804543
21 2.8074346 3.5905416
0 1.2261 4.0327525
5 2.110426 3.6932805
15 6.034507 2.9044414
10 4.5695205 3.04846
11 1.4080971 4.0233173
1 5.798138 2.8264294
4 -1.7021723 5.822562
22 4.386125 2.8923607
19 -2.2210698 6.3932242
17 -1.4851842 5.7195864
26 5.523545 2.7948363
28 -1.2404885 5.556205
24 2.0653143 3.8386745
13 2.767959 3.5804245
12 5.3499737 2.9482622
23 -2.2746408 6.487666
8 -1.1242498 5.337454
16 1.3765522 4.1412625
9 1.3952644 4.1608024
27 2.3080137 3.5837393
