30 2
8 6.2096267 -2.2241685
22 3.6676252 1.8185
1 3.1247442 5.4689984
15 3.8611336 1.5607957
6 6.3763537 -2.426024
28 5.938753 -1.9237967
16 3.718492 1.8538398
4 3.860989 1.393503
10 5.439501 -1.3189036
21 3.2294261 4.978491
20 3.9594786 0.89352334
19 5.667645 -1.4581579
13 5.360721 -1.1547754
26 3.5152113 2.3154283
25 6.1906614 -2.0637202
7 3.5313501 2.3449106
9 3.2303703 4.8505216
12 3.3918543 6.492145
29 6.9689126 -2.9213357
0 3.2749627 4.681105
27 3.2605784 6.266498
17 3.9033723 1.4922297
14 3.7283332 1.9960967
2 3.2904825 6.7399454
3 3.2480416 4.6261525
11 3.1717355 5.8732758
24 3.180576 4.95424
18 3.7957578 1.4394635
5 6.4966345 -2.4285345
23 6.945841 -2.922728
