30 2
4 3.99799 1.1521355
22 3.6887872 1.7774655
1 3.2850475 5.4224606
21 3.2436576 4.955364
15 3.9163153 1.4361566
8 6.1942616 -2.266587
19 5.597507 -1.5866011
7 3.525482 2.1845124
6 6.4315963 -2.3657632
16 3.6737492 1.9947608
27 3.280307 6.2340064
12 3.3426757 6.547979
25 6.201409 -2.1542292
10 5.3794827 -1.2047317
14 3.6307297 2.1263068
28 6.0383663 -2.1412628
23 6.957247 -2.9655879
13 5.4861436 -1.4288757
0 3.1871428 4.857612
17 3.8926609 1.3969054
26 3.503956 2.3936949
2 3.371112 6.675823
9 3.243514 4.740371
20 4.018749 1.025238
18 3.7577593 1.4368725
3 3.2975495 4.6227384
24 3.2967067 4.8914084
29 7.1604476 -3.0854533
11 3.2991064 6.0070496
5 6.4906898 -2.5112474
