300 2
282 -2.060889 0.6925218
34 -1.980889 0.9970355
62 -3.8070538 -1.7636447
251 -1.3792744 3.589774
6 -2.0284104 0.8159969
253 -2.010709 0.87927866
78 -1.4461087 3.8969085
63 -1.986349 0.86553055
83 -1.9795483 0.91112846
157 -3.518465 -1.4788488
189 -1.3847497 3.5005603
52 -1.941734 1.0322994
108 -1.9479727 0.9913049
140 -2.0882735 0.6521933
128 -2.0166984 0.8432829
168 -3.5412486 -1.4493942
106 -1.3739742 3.5399182
150 -2.1203337 0.48773277
35 -2.045063 0.77086574
127 -1.9308434 1.0068935
149 -2.0302718 0.8897308
254 -3.7445204 -1.6485575
32 -3.6223254 -1.5422847
11 -2.0893488 0.67960674
242 -1.9695705 0.89911556
188 -2.0729785 0.65876573
27 -3.53229 -1.5372394
50 -3.052959 -1.0957882
237 -1.3463773 3.74686
102 -1.977031 0.9410052
165 -3.3736012 -1.3820729
210 -1.3380826 3.7661445
174 -2.1317089 0.6008468
8 -1.9463995 0.97378236
152 -3.5734942 -1.525613
19 -1.4437422 3.616092
36 -1.4643657 3.8912575
105 -3.2580323 -1.2321326
87 -2.063893 0.75549483
161 -2.0296488 0.7898193
263 -2.1638272 0.4609893
274 -1.9184884 0.9895212
33 -1.8040295 1.352636
49 -2.1265888 0.6606459
46 -1.4305629 4.093649
58 -3.6902661 -1.6704278
151 -2.0009842 0.87365836
205 -1.4154061 3.4229214
155 -3.6608505 -1.5911007
241 -2.0691192 0.7065511
67 -1.3841903 3.569967
12 -1.965408 0.8424517
14 -3.5275414 -1.5035607
163 -2.138914 0.6323847
53 -1.3538283 3.454463
240 -2.2121654 0.5147933
71 -2.0630305 0.7232174
154 -3.5022998 -1.4625458
294 -3.6814556 -1.679286
7 -1.3545601 3.4553888
175 -1.9870541 0.97358006
117 -1.9849979 0.89348996
170 -2.0120833 0.777592
216 -3.8902082 -1.8791305
97 -2.015168 0.7543262
287 -3.7884834 -1.7299578
129 -1.9513242 0.9085471
226 -1.3488464 3.8363929
23 -1.9497793 0.96918374
72 -3.1091325 -1.1076298
92 -1.3429544 4.1362395
96 -1.4373182 3.7599463
116 -1.427514 3.6309469
153 -3.7053366 -1.7236855
252 -2.1587422 0.4798625
203 -3.5923748 -1.553451
209 -3.3655856 -1.3014615
229 -1.8532991 1.1901499
231 -1.9326591 1.0319929
2 -3.5185986 -1.480351
10 -1.348736 3.9052296
16 -3.6604185 -1.5974234
130 -1.4386877 3.687772
192 -3.485353 -1.4757235
147 -1.9746417 0.97637445
86 -3.5680742 -1.5341095
156 -1.3667746 3.2003143
134 -1.9820389 0.819849
142 -1.3963792 3.8844974
280 -2.0549474 0.7566169
290 -1.4000285 3.3407974
93 -1.3981091 3.439386
29 -3.4922302 -1.4668152
65 -3.664281 -1.6748451
225 -1.4220341 3.6158166
169 -1.4207089 3.71669
261 -3.7524912 -1.729905
182 -3.677804 -1.7786955
292 -3.6512134 -1.6164472
223 -3.9964292 -1.9932302
217 -1.3968586 4.143905
133 -3.156463 -1.142064
230 -1.4265745 3.3710575
166 -1.39608 3.9524314
55 -2.0209842 0.8213276
256 -2.1235924 0.55781025
232 -3.5806444 -1.6667479
113 -1.9667472 0.9521861
66 -1.3854183 3.9351225
181 -3.3369534 -1.2726645
4 -1.2933258 3.6151006
5 -1.9153991 1.1258799
56 -2.1363854 0.661489
18 -1.9189284 1.1182288
38 -1.37632 3.7539284
291 -2.0164516 0.89585876
136 -3.8852587 -1.8066204
84 -1.4192088 3.316098
61 -2.0736208 0.57610106
80 -1.395347 3.3467183
99 -1.3608675 3.749643
219 -3.6730268 -1.6742305
267 -3.3574648 -1.3009034
47 -1.411766 2.8720977
82 -3.4969163 -1.4956127
145 -3.8975513 -1.8440198
284 -3.8064115 -1.6739074
103 -1.3996807 3.8478005
160 -3.6198204 -1.605015
162 -1.8474271 1.1804719
183 -1.880315 1.0558325
200 -1.388593 3.9035103
295 -3.2417226 -1.0732816
218 -1.97036 0.9657669
247 -1.3463807 3.688589
206 -3.2743113 -1.2649174
20 -1.3556427 3.5506644
22 -1.3602096 3.6659374
39 -2.039831 0.8356534
277 -2.017783 0.80628204
131 -3.577312 -1.6059086
70 -1.372547 3.915204
77 -1.4094918 3.2144861
213 -1.9740006 0.8940308
298 -2.0487893 0.6950084
100 -1.4872406 4.0463157
114 -2.0912611 0.6507177
236 -1.4038161 3.3000684
266 -2.0939248 0.6952371
211 -2.099063 0.65450126
258 -2.099396 0.6407157
75 -3.2000823 -1.2399523
167 -1.3566664 3.4952762
159 -1.4295835 3.597465
204 -3.7285252 -1.718065
269 -3.2720826 -1.261229
30 -1.4322509 3.395757
31 -1.4564779 3.5933363
37 -3.5525298 -1.477448
214 -1.9357538 1.115272
190 -1.9754705 0.8053449
90 -3.615093 -1.5580882
64 -3.5412579 -1.5686301
69 -1.4142805 3.659784
101 -2.038677 0.8580509
199 -2.0303903 0.92489934
104 -2.051146 0.7731418
262 -2.002661 0.81321967
178 -3.2584887 -1.2001994
276 -2.0977294 0.6955239
275 -2.0207517 0.849074
257 -1.3542464 4.376698
54 -3.791926 -1.7655784
185 -3.5974622 -1.5337728
13 -2.0809956 0.6854795
74 -3.27881 -1.2942317
17 -1.371145 3.9679236
272 -1.3723701 3.510772
44 -3.350022 -1.2915109
111 -3.4541733 -1.4701123
59 -3.6678014 -1.595729
244 -2.03377 0.7960389
286 -1.3227806 3.762238
91 -1.8787423 1.1723623
288 -3.5916662 -1.6283247
271 -1.3742789 3.9997146
135 -3.2671237 -1.218991
146 -3.9801993 -1.8878636
148 -3.8007317 -1.7804788
215 -1.3508031 3.365987
270 -3.7312102 -1.7020003
198 -3.3492327 -1.3320961
279 -2.0617833 0.7976464
202 -4.076261 -1.995156
21 -1.3779426 3.563051
207 -1.3957046 3.6514318
184 -3.8975186 -1.8383701
164 -3.932791 -1.9057227
79 -3.8380446 -1.9171078
94 -2.0859516 0.6226842
107 -1.9633294 0.9669576
144 -1.377469 3.5335326
120 -3.5545304 -1.5075687
125 -1.3680284 3.7884934
243 -1.9339694 1.1795908
249 -3.77508 -1.7462047
26 -1.3136395 3.3686793
265 -1.306 3.4491942
112 -3.5315392 -1.4615796
273 -3.8220794 -1.811387
81 -1.4155365 3.897287
123 -1.3679607 3.7913957
201 -2.0496495 0.7271379
248 -3.8275638 -1.6840353
195 -1.3377411 3.5601954
228 -1.8967222 0.9619631
233 -2.0857658 0.67482215
234 -1.9258391 1.0203981
297 -1.3970774 3.683421
9 -2.0710475 0.72433037
25 -3.5401876 -1.6018984
41 -1.4363309 4.0936375
193 -3.4941213 -1.4960852
85 -3.6982954 -1.7066501
132 -1.4014246 3.341012
126 -1.9945335 0.8515921
73 -2.1145291 0.7170241
89 -1.9857416 0.9531712
122 -1.3638703 4.153251
281 -2.0431547 0.8503002
124 -1.4655589 4.2127457
158 -1.4084367 3.9418323
143 -1.3586785 3.6246388
222 -3.6354191 -1.5403131
246 -1.3637629 4.2424254
95 -4.118794 -2.0965137
88 -1.3248082 3.4240234
177 -2.0209074 0.8337696
0 -1.333739 3.6015387
1 -3.5037131 -1.4310834
98 -3.4045956 -1.3310599
194 -1.9817933 0.8483887
187 -3.7480004 -1.7509199
48 -3.68675 -1.7008774
176 -1.3640971 3.4779851
180 -1.9995728 0.6637911
173 -1.9785515 0.9420989
139 -3.8041983 -1.7737211
221 -3.4265761 -1.4252981
172 -3.798108 -1.7837121
250 -3.6352837 -1.6508102
15 -1.9828471 0.9964417
43 -1.9520624 0.98104745
138 -1.2711098 3.8372962
28 -3.6157305 -1.5271798
42 -1.4675856 4.047803
45 -1.3786227 3.35323
119 -1.3575175 3.5460708
109 -4.2063856 -2.134283
285 -1.3797785 3.934737
110 -3.1954362 -1.1207331
171 -1.9673992 0.9662892
179 -1.4420534 3.6664505
186 -2.1113005 0.75555867
197 -1.3997259 3.9062247
260 -3.9705162 -1.9524633
239 -1.3930496 3.6878943
255 -2.042105 0.8212717
51 -3.431035 -1.4669228
3 -1.3768806 3.9264705
24 -1.4129902 3.3967993
40 -3.6817 -1.5336729
212 -1.3581396 3.831045
57 -2.112996 0.6387027
60 -2.065089 0.79773784
115 -1.5068959 3.750067
76 -1.3680364 3.929239
141 -3.7113147 -1.6429219
224 -3.748661 -1.6888454
289 -3.5608168 -1.5758533
68 -1.3445327 3.2917597
235 -1.3986485 3.3851123
259 -3.4106479 -1.3804148
296 -3.8037581 -1.796459
220 -3.6931245 -1.6468236
121 -2.0332906 0.7398228
278 -1.3630228 3.8187308
118 -1.346635 4.228977
137 -1.4258436 3.2981977
238 -1.419636 4.014366
293 -2.020384 0.78094697
268 -1.3387522 4.14194
299 -1.41852 3.6871662
208 -3.6814525 -1.5896821
191 -1.4210516 3.3713639
196 -1.3084605 3.7308304
264 -3.954267 -1.9829755
227 -1.404017 3.6989286
245 -3.6742039 -1.6156757
283 -1.3967125 3.8382359
