30 2
7 4.0945706 3.5601435
11 1.0899523 4.0880494
29 4.511414 3.6519773
10 4.1531773 3.5095267
2 -2.2303596 5.714058
1 5.640844 3.4997494
24 1.3717499 4.10089
21 2.382164 3.8169186
5 1.5274004 3.95101
14 -2.5683122 5.825591
25 5.1430163 3.5457277
3 1.3806059 4.013818
18 -1.5452347 5.105022
20 -1.6869845 5.240879
4 -2.4652874 5.785663
23 -2.8003795 5.895049
15 5.6946545 3.5722203
13 2.315071 3.7803361
6 4.843134 3.4497623
17 -2.1392407 5.5505
8 -1.6166056 5.0700593
12 4.9823585 3.4725301
0 0.5493154 4.238682
26 5.22186 3.3616915
16 0.78041804 4.3449636
22 4.2330017 3.4389465
28 -1.68774 5.2033873
9 0.77254796 4.2488008
27 1.6661218 3.9152715
19 -3.0458417 6.172912
