30 2
1 3.365834 5.1656585
28 5.9249983 -2.3109372
10 5.3830056 -1.5278798
19 5.406949 -1.4786366
22 3.77046 1.6206346
16 3.7900991 1.7274342
15 3.9399626 1.2037331
17 3.9342864 1.3497508
21 3.4382098 4.764126
8 6.1868367 -2.6215627
4 4.0350676 0.92675376
25 6.1083465 -2.4963598
6 6.3036194 -2.6760123
13 5.414259 -1.6063161
12 3.6250672 6.4715695
26 3.6771638 2.0773704
7 3.607801 1.964834
3 3.4964335 4.3979187
20 4.15701 0.6931899
11 3.5620716 6.053267
0 3.4759712 4.614514
14 3.7702575 1.8888113
18 3.8469949 1.2189462
23 6.7897553 -3.210322
27 3.559981 6.1618295
24 3.43586 4.8261604
5 6.3598433 -2.6871524
9 3.449309 4.6907287
29 6.844051 -3.2649608
2 3.6501822 6.4415817
