30 2
22 3.6921618 1.8347654
16 3.6354005 1.9772981
1 3.1772585 5.4215493
7 3.5332563 2.2453842
21 3.2769263 4.9133286
14 3.5748045 2.1626556
10 5.403482 -1.2711251
25 6.241052 -2.2263355
11 3.283085 6.0583735
19 5.570354 -1.575927
23 6.9702625 -2.9956987
12 3.4151583 6.4499364
4 4.010533 1.1178873
17 3.9189672 1.3375354
20 4.0176263 1.0711007
6 6.360661 -2.3974133
28 6.0760736 -2.170027
2 3.4213648 6.5865664
18 3.8043692 1.4184135
3 3.2847693 4.635849
8 6.123176 -2.239097
15 3.845902 1.6234646
0 3.212655 4.803745
13 5.5175753 -1.4308597
5 6.458126 -2.4432971
29 7.1480813 -3.1013238
26 3.4704707 2.3936837
24 3.331665 4.8405824
27 3.2849045 6.2416677
9 3.277762 4.7854433
