30 2
1 3.1528485 5.4934053
10 5.3854594 -1.0451858
8 6.167703 -2.0075397
16 3.709839 1.7883421
25 6.247824 -2.0341694
20 3.9836383 0.93060875
23 7.088098 -2.8625894
2 3.385874 6.786418
22 3.6281886 1.7307947
21 3.2523224 5.0543203
15 3.8433263 1.4926
4 3.8557997 1.2521927
11 3.1771595 6.0521545
26 3.466523 2.5540805
12 3.2374282 6.641345
28 5.9434104 -1.9839106
27 3.1479359 6.2039557
17 3.8744242 1.5102295
3 3.1234984 4.5954657
6 6.4305177 -2.2806304
0 3.1383882 4.7236266
13 5.4423933 -1.2120892
7 3.5734138 2.282277
19 5.5470557 -1.4671861
14 3.6802108 2.0385852
5 6.488623 -2.4149468
18 3.7503238 1.420439
29 7.159387 -2.9330356
9 3.1503258 4.9129577
24 3.167747 5.020714
