30 2
1 2.8123155 5.599392
25 6.4050694 -1.7110301
4 3.8184216 1.4912493
22 3.5652564 1.9464502
13 5.532035 -0.9784738
15 3.753221 1.9196616
28 6.137984 -1.5694064
2 2.9604535 6.896503
7 3.3643584 2.5539334
11 2.8401713 6.1764646
21 2.8606055 5.125477
14 3.5293994 2.1783195
19 5.6809998 -1.1245011
16 3.5626378 2.0512455
10 5.423787 -0.799027
29 7.2649364 -2.483568
12 2.9049592 6.825163
8 6.4092145 -1.6684406
26 3.3885949 2.5227275
17 3.7333193 1.8157667
23 7.027279 -2.3913496
27 2.847472 6.4490414
9 2.8393955 5.1204095
20 4.011925 1.100452
3 2.897132 4.636093
18 3.6528244 1.7183279
6 6.4262424 -1.9108539
24 2.9276226 5.031978
0 2.837728 5.1379666
5 6.681706 -2.085967
