30 2
7 3.472373 3.982902
29 3.90006 4.1768284
2 -3.0488288 5.3698015
3 0.81728643 4.190918
14 -3.2743542 5.490505
11 0.57134104 4.197822
15 4.992503 4.2606716
5 0.966633 4.096828
21 1.7420096 4.1764326
18 -2.2258644 4.8129034
0 0.052391768 4.220344
1 5.0989056 4.2353244
25 4.7852426 4.206803
24 0.9404633 4.1998224
16 0.2048591 4.4131207
26 4.6771946 4.045425
22 3.5777142 3.9771917
23 -3.5772963 5.612322
6 4.396683 4.034474
28 -2.58424 5.0006013
4 -3.1163063 5.3189144
12 4.752316 4.1951704
8 -2.388071 4.905189
17 -2.8813672 5.26908
20 -2.3370845 4.879454
13 1.8319097 4.091371
19 -3.6921358 5.6142235
10 3.788884 4.0046153
27 1.1643217 4.12931
9 0.31875342 4.381295
