300 2
149 -1.9766574 0.86690986
233 -1.9785547 0.9078513
174 -2.0776525 0.5677114
18 -1.9110041 1.0127177
154 -3.9772916 -1.7666786
226 -1.3098285 4.01817
203 -3.7550633 -1.6194986
83 -1.960039 0.9100164
293 -1.9740858 0.81189376
81 -1.3820003 3.7361374
52 -1.9971434 0.7748242
243 -1.9778249 0.88900656
131 -3.5712917 -1.425357
161 -2.0538695 0.74255455
87 -2.0282328 0.74177086
190 -2.0108147 0.76050544
239 -1.3211884 3.4979224
292 -3.8072038 -1.5448169
247 -1.310292 3.791258
50 -2.9886656 -0.8611146
198 -3.354707 -1.1746504
36 -1.4224817 3.861257
15 -1.830335 1.146001
127 -2.0019093 0.79269856
102 -1.9853715 0.93274975
136 -4.0608706 -1.87311
229 -1.870765 1.1898749
207 -1.3641713 4.0149493
16 -3.7382574 -1.6146917
221 -3.8201954 -1.7173808
22 -1.279985 3.4666564
71 -2.0262587 0.86193067
108 -1.9363943 0.9338845
115 -1.3190455 4.006462
180 -2.025154 0.7413006
24 -1.3525863 3.750954
31 -1.317284 3.642235
53 -1.2960579 3.6739357
61 -2.100534 0.65254337
296 -3.6081405 -1.433803
140 -2.0710566 0.6977211
267 -3.5573795 -1.4165974
170 -2.0054693 0.7326021
134 -1.9453205 1.0183746
44 -3.1829696 -1.0867227
269 -3.1357508 -0.99586076
113 -1.9783958 0.9761558
133 -3.5931122 -1.4866061
246 -1.3044404 3.9515803
192 -3.7462075 -1.6078509
288 -3.7963665 -1.6980066
94 -1.9280111 0.9815612
29 -3.5860522 -1.4574875
195 -1.3647128 3.3454864
40 -3.4800541 -1.3560765
56 -1.9301847 0.9547573
208 -3.4570525 -1.3365991
92 -1.2929643 4.127342
242 -1.8686787 1.210056
209 -3.5680645 -1.455727
0 -1.3163064 3.5830624
6 -2.0522397 0.7278923
255 -1.9905919 0.90199375
124 -1.3111596 3.950361
128 -2.0213563 0.7499037
235 -1.279841 3.574368
11 -2.0178587 0.7203055
58 -3.7596345 -1.6267366
137 -1.3434886 3.3429565
33 -1.8811755 1.0855892
75 -3.490712 -1.3873075
96 -1.2736418 3.9418042
213 -2.1034524 0.6739057
2 -3.516844 -1.4120932
241 -1.9568796 1.0360068
13 -2.036386 0.82587653
274 -1.8868872 1.2305123
25 -3.7394016 -1.6184229
99 -1.2805567 3.603451
54 -3.8321903 -1.7000875
253 -2.0229828 0.8565712
59 -3.4795027 -1.4069356
225 -1.2768351 3.512917
270 -3.6430533 -1.5116355
73 -1.889737 1.1577938
205 -1.3959706 3.5332515
287 -3.6551883 -1.5235513
5 -1.8150219 1.3361638
32 -3.8303225 -1.6508782
252 -1.99922 0.79829216
220 -3.3666844 -1.2580469
65 -3.5203407 -1.5437678
202 -4.2353034 -1.9916581
89 -1.9789817 0.99131435
123 -1.2741815 3.654025
151 -1.9540066 0.90564346
201 -1.9658798 0.97621685
1 -3.6264944 -1.5325525
189 -1.2771045 3.392553
7 -1.3273103 3.401888
14 -3.838606 -1.7169176
157 -3.584347 -1.4268422
39 -2.0154672 0.9024226
219 -3.6403282 -1.5453484
63 -2.0110614 0.85708576
167 -1.3536234 3.6817331
264 -3.6302247 -1.5163435
277 -1.9141043 1.138413
281 -2.0470667 0.68719065
272 -1.2883666 3.1194806
294 -3.8037238 -1.6990851
118 -1.4178325 4.087746
9 -1.9574872 0.90986407
185 -3.7637687 -1.6341159
19 -1.3469954 3.39644
236 -1.3697959 2.9743512
41 -1.343711 4.3020644
275 -1.9672154 0.97127926
228 -2.0477638 0.8284469
84 -1.2748873 3.8918586
256 -2.1539736 0.56934285
224 -3.9262052 -1.7710667
114 -2.1770058 0.5497284
130 -1.3279095 3.9594038
291 -1.9718559 0.8495797
164 -3.7798862 -1.7143934
238 -1.310839 3.6061099
187 -3.6852884 -1.4832492
251 -1.3455664 3.66722
147 -1.9830724 0.8601637
93 -1.349442 3.636683
10 -1.3455807 4.2635927
191 -1.3565621 4.0633597
153 -3.7177098 -1.5366136
148 -3.836054 -1.6950245
100 -1.3131946 3.8472948
282 -2.013674 0.82689464
80 -1.2583565 3.9184544
249 -3.8493853 -1.7255986
173 -2.0670116 0.84603304
169 -1.3020725 3.86943
286 -1.2616713 3.7721012
175 -1.9317462 1.0521898
178 -3.1655185 -1.1103384
46 -1.317151 4.4267178
144 -1.27965 3.970416
64 -3.5856376 -1.5716689
110 -3.1623127 -0.9858533
138 -1.2650564 3.7316015
194 -1.9923512 0.92849934
260 -4.1113424 -1.9085697
295 -3.6178186 -1.4987345
297 -1.2959849 3.9284284
17 -1.3260592 3.8838146
26 -1.3385155 3.0923333
27 -3.6182592 -1.4226363
28 -3.7759469 -1.580572
234 -1.8446227 1.1595459
77 -1.36566 3.1593342
273 -3.4417589 -1.2873168
62 -3.794337 -1.7167784
69 -1.3310467 3.725279
117 -2.0955055 0.6032378
121 -2.032798 0.86352336
155 -3.8835027 -1.6496693
171 -1.9693209 0.95165205
193 -3.491175 -1.4849464
289 -3.5678022 -1.4827873
280 -2.0747914 0.6729176
150 -2.1888847 0.6185382
85 -3.9684496 -1.7665938
67 -1.3775558 3.6377792
97 -2.1791837 0.43705633
86 -3.4296107 -1.3340365
109 -4.038087 -1.9338868
168 -3.8542871 -1.646025
244 -2.055179 0.77527815
215 -1.3033507 3.3420227
258 -1.8755966 1.0448947
279 -2.0023804 0.8179062
231 -1.870417 1.1498308
218 -1.9224483 1.0497345
299 -1.2976997 4.026113
223 -3.8320994 -1.7060475
57 -2.0349205 0.7777215
120 -3.3364155 -1.210409
79 -3.8063343 -1.8257507
204 -3.8366838 -1.7273008
129 -1.9337133 1.1705627
125 -1.3084711 3.5994365
142 -1.3555776 3.9012387
163 -2.1332946 0.624854
232 -3.6853168 -1.5952526
265 -1.3316175 3.2416806
23 -1.9192407 0.9276041
34 -1.9919126 0.9034206
211 -2.0860517 0.6851704
51 -3.5694659 -1.4764555
152 -3.6563275 -1.4693735
245 -3.3723412 -1.3297778
72 -3.349239 -1.2906917
227 -1.3697857 3.5111682
70 -1.2607856 4.0318503
165 -3.5686717 -1.4521306
158 -1.2928089 3.8445947
206 -3.6231446 -1.4844608
266 -2.040133 0.8624695
278 -1.309437 3.4773839
21 -1.2901075 3.5534482
160 -3.7271435 -1.6126567
95 -4.1552043 -1.9403138
290 -1.3018955 3.6975937
74 -3.4725995 -1.320006
107 -1.9529314 1.0076851
254 -3.7030616 -1.512522
262 -1.9824686 0.91329044
162 -1.8157907 1.1941743
261 -3.5476682 -1.4213053
8 -2.0016954 0.8701951
38 -1.3739606 3.7837055
45 -1.3335959 3.438653
47 -1.3253205 3.6175754
55 -1.9466975 0.82081825
126 -1.9720062 0.9468093
68 -1.3506508 3.4690337
90 -3.5008376 -1.4566566
105 -3.2724533 -1.2101184
248 -3.9342957 -1.773889
12 -1.8896704 1.1155792
184 -3.7662458 -1.5359815
182 -3.3494873 -1.2094789
66 -1.3040615 3.782637
141 -3.6559222 -1.4953604
186 -1.9921547 1.0685064
283 -1.3584028 3.625976
222 -3.6435916 -1.5308226
240 -2.156757 0.48749915
298 -1.9926636 0.89316744
176 -1.2777196 3.5346396
3 -1.3532759 3.6833575
4 -1.3053551 3.900661
181 -3.3103948 -1.2345798
172 -3.5884323 -1.4836358
78 -1.2363306 4.0029902
146 -3.778809 -1.5995243
183 -1.9390363 1.018864
119 -1.3867227 3.1905117
166 -1.2887459 3.971542
284 -3.5076501 -1.4435216
135 -3.3904355 -1.3642735
230 -1.276338 3.737139
237 -1.3850654 3.4651463
122 -1.2250142 4.02356
20 -1.2978623 3.7633538
30 -1.2655131 3.8607025
200 -1.2910309 4.063374
82 -3.6748927 -1.6100539
179 -1.3266875 3.3815894
112 -3.5759625 -1.5832903
259 -3.595463 -1.4455127
199 -1.92591 1.0332445
263 -1.9567951 0.90320075
98 -3.2931554 -1.1458538
35 -1.9504429 0.91217726
37 -3.7693632 -1.6028435
214 -2.0042686 0.8639531
91 -1.8776639 1.2683573
106 -1.3265337 3.69994
111 -3.3670802 -1.2628444
216 -3.5933416 -1.5636535
271 -1.3610369 4.386479
217 -1.4037596 3.96555
43 -1.9170525 1.0475129
188 -2.04322 0.7678834
257 -1.3483542 4.0551977
42 -1.3291001 4.1172657
145 -3.7375681 -1.6551495
139 -3.6580062 -1.583843
76 -1.2601666 3.963462
48 -3.6517053 -1.5244915
60 -2.0729477 0.8164776
132 -1.2595136 3.257807
101 -2.0295587 0.7451239
143 -1.3560245 3.2623773
104 -1.9367272 0.8596335
285 -1.3443538 3.7965777
159 -1.364596 3.8106568
177 -2.0532925 0.88662267
156 -1.3410774 3.3500435
88 -1.2967764 3.3674448
196 -1.2755979 3.9436533
212 -1.2729527 3.9821796
210 -1.396144 3.8490317
103 -1.2700602 3.8506033
116 -1.3438216 3.6617796
250 -3.5139654 -1.4359275
197 -1.3515314 3.6870503
276 -2.0173 0.7938256
268 -1.3193078 3.558083
49 -1.8757895 1.0837837
