30 2
29 4.8378677 3.2101336
2 -1.7980533 5.9281425
7 4.235129 3.1749883
14 -2.1025004 6.0559287
6 5.2512183 2.9779308
20 -1.184383 5.3268824
1 5.71726 3.0666907
5 1.8306625 3.8400156
4 -1.9752892 5.8352056
3 1.6523843 3.9511642
18 -1.0231471 5.123264
16 1.2690407 4.1499023
21 2.6197765 3.674515
24 1.8685135 3.9147663
22 4.39117 3.1706574
11 1.4356172 4.0729065
19 -2.512005 6.403605
28 -1.5600747 5.4473047
0 1.0290207 4.151287
9 1.113073 4.14434
26 5.4539 2.89696
23 -2.3756573 6.2781906
10 4.409164 3.1993608
15 5.9456773 3.0491023
25 5.329388 3.0327413
27 2.1559572 3.7544599
8 -1.2232671 5.3035526
12 5.402794 3.0945673
17 -1.5729253 5.5732756
13 2.537688 3.6069627
