30 2
7 3.8205504 3.607559
29 4.3086014 3.722768
3 1.4084314 3.9900541
4 -2.477975 5.573373
18 -1.6615567 4.982061
6 4.8972883 3.5291421
2 -2.4954555 5.745719
10 4.298094 3.6048708
14 -2.5727725 5.6859484
20 -1.7637329 5.1498137
25 4.9802294 3.6413949
1 5.4360533 3.6415772
5 1.4194583 3.9355552
0 0.6389328 4.175502
8 -1.7593162 5.130443
24 1.3501654 3.9740336
12 4.9180675 3.6761744
22 4.142111 3.6088636
16 0.57231724 4.2925477
13 2.239005 3.8702748
21 2.1633832 3.9356744
11 1.0211529 4.170707
15 5.4244843 3.6615727
26 5.122195 3.537649
19 -3.1380904 6.070239
23 -2.9924486 5.9248905
28 -1.967126 5.2165546
27 1.6248716 3.9495318
17 -2.2666402 5.4468627
9 0.55387276 4.296719
