30 2
7 4.0387783 3.408858
14 -2.5636785 5.959697
2 -2.2142236 5.753751
0 0.6404111 4.245441
5 1.5062933 3.8928146
3 1.4313631 4.0065427
11 1.1097486 4.058636
29 4.6660204 3.5148263
22 4.3118215 3.3248045
18 -1.3276638 5.041161
25 5.375526 3.5202253
1 5.604162 3.4083858
21 2.4475567 3.827163
24 1.3690586 4.050338
23 -2.6845682 6.0239744
10 4.429851 3.579722
12 5.0296774 3.434075
4 -2.3067613 5.7394137
20 -1.4493579 5.210023
6 4.9905734 3.3034215
27 1.7623519 3.8847876
17 -2.1006203 5.6260724
8 -1.5443544 5.138198
13 2.3889444 3.67424
26 5.092311 3.2847083
28 -1.5816511 5.2974353
19 -2.8673708 6.132851
16 0.8259449 4.2493205
15 5.655807 3.4715548
9 0.7690199 4.322279
