30 2
10 5.40538 -1.3685492
22 3.6526084 1.6530479
25 6.2027016 -2.205088
15 3.8921142 1.4262195
0 3.263093 4.635189
16 3.7428887 1.8684179
1 3.280941 5.4544797
13 5.4956717 -1.5547442
7 3.5209813 2.2354026
21 3.2856772 4.8866453
4 4.005846 0.9440024
8 6.1170583 -2.2489398
19 5.518966 -1.5707171
6 6.458417 -2.519224
24 3.2492743 5.0023074
20 4.0760484 0.9581334
28 6.070131 -2.1365554
14 3.6649873 2.1010551
12 3.3320389 6.6197295
26 3.5430255 2.312739
17 3.9151244 1.442754
27 3.3711233 6.159821
2 3.4860883 6.5257697
23 6.9629064 -3.0953074
3 3.2938755 4.619118
11 3.2542195 6.0006843
18 3.787847 1.3278751
29 7.0231504 -3.0922751
9 3.3519115 4.923395
5 6.3665166 -2.3686714
