30 2
3 1.847498 3.870653
7 4.3732038 2.9342062
29 4.8132877 3.0252578
14 -1.857515 6.13095
2 -1.4394298 5.9088492
20 -0.99990267 5.35485
5 2.214233 3.5553164
10 4.624523 2.993454
4 -1.5636035 5.8527493
15 6.026001 2.8457108
0 1.2398329 4.0568137
1 5.88974 2.850445
11 1.5231354 4.054498
6 5.3618155 2.7639253
25 5.659806 2.8065321
17 -1.3987736 5.7509775
21 2.9106798 3.5650675
24 1.9334275 3.773165
26 5.5721955 2.6869516
22 4.4096227 2.9467292
12 5.4910793 2.8471656
23 -2.070762 6.402758
8 -1.0771657 5.4457684
28 -1.2197365 5.462009
16 1.4141067 4.0959206
27 2.3351867 3.6972623
18 -0.8357902 5.229555
13 2.945775 3.4682376
19 -2.1953382 6.351267
9 1.2875041 4.1529946
