30 2
8 6.095367 -2.5529037
4 4.0301867 0.93022454
21 3.5258338 4.6230354
25 6.1074495 -2.5897381
7 3.6581914 2.0930264
28 5.951943 -2.5538697
22 3.7704518 1.5824159
14 3.7585955 1.8977083
10 5.2556987 -1.4546387
15 3.9712179 1.1656901
1 3.4527934 5.1303573
19 5.3651223 -1.6352035
13 5.435306 -1.7823213
3 3.5742962 4.3518476
16 3.8087306 1.7259278
0 3.55425 4.5146723
17 3.955458 1.3366048
18 3.8477762 1.2068591
11 3.5713763 5.835236
26 3.6845095 2.269653
20 4.079441 0.7382909
27 3.5593371 6.0360456
29 6.773237 -3.2943
12 3.6831183 6.3619514
5 6.3504744 -2.8178308
23 6.626078 -3.334748
2 3.776422 6.3844466
6 6.2194996 -2.8812711
9 3.5182495 4.6871495
24 3.5394943 4.7118177
