30 2
14 3.753057 1.8033737
22 3.7381516 1.8158331
4 3.9615679 1.0650046
25 6.214951 -2.416354
13 5.485887 -1.6156942
16 3.8405106 1.5389715
1 3.4252524 5.143762
15 3.9222944 1.3780446
12 3.575611 6.4323773
26 3.629517 2.274433
19 5.4100027 -1.5371639
7 3.6234808 2.1106083
21 3.4005456 4.7942214
20 4.045254 0.90048957
28 5.942072 -2.3213444
17 3.9379022 1.3790481
23 6.867709 -3.2028883
18 3.8628798 1.2978386
11 3.4519491 6.170332
8 6.1413255 -2.4294848
10 5.354118 -1.3497114
0 3.4076843 4.637471
6 6.187256 -2.5880244
9 3.4293923 4.843437
29 6.9371243 -3.26753
27 3.486323 6.1245265
2 3.6587021 6.5952044
5 6.4076214 -2.5684156
24 3.434818 4.7884865
3 3.3262799 4.496338
