30 2
10 5.434176 -0.7949455
22 3.5647874 1.961434
21 2.8749833 5.13297
26 3.3893955 2.5243201
8 6.4144406 -1.65464
16 3.5755625 2.0224211
4 3.8165002 1.5182256
7 3.3661516 2.5666215
0 2.842134 5.158162
14 3.5332422 2.1800315
13 5.5242944 -0.9831894
28 6.154584 -1.5708358
19 5.681018 -1.108219
12 2.9243982 6.830445
29 7.2520394 -2.4828818
1 2.833539 5.581293
11 2.8403616 6.180343
17 3.744527 1.8159237
18 3.6514733 1.7125877
25 6.3950143 -1.7083112
6 6.426328 -1.8949511
15 3.7442033 1.9048342
24 2.933271 5.0274706
23 7.028126 -2.3937361
20 4.008986 1.1067075
2 2.927289 6.92122
3 2.9305542 4.594806
27 2.8257837 6.4517727
9 2.822331 5.1282344
5 6.675514 -2.116841
