300 2
93 -1.334255 3.534311
127 -2.0779257 0.7325592
12 -1.9461362 0.9797304
263 -2.0859294 0.5991603
206 -3.2447944 -1.0596234
94 -1.9719627 0.9007489
86 -3.333983 -1.1513569
234 -1.899768 1.152757
243 -2.0025032 0.9037774
6 -2.168655 0.6055508
33 -1.8302066 1.1192442
291 -1.9648883 1.018562
26 -1.3190666 3.2637572
297 -1.3021832 3.9568303
132 -1.2690746 3.123386
282 -2.096161 0.66858804
161 -2.005558 0.892212
120 -3.63497 -1.4744945
197 -1.3476354 3.8580718
225 -1.2750026 3.6284375
67 -1.2287447 4.0148687
22 -1.3187892 3.8801918
23 -2.0229576 0.7625846
274 -1.8438888 1.1541336
258 -1.9867591 0.918059
77 -1.2935094 3.319474
9 -2.022481 0.8759622
82 -3.7055504 -1.5219702
257 -1.2728314 4.321372
238 -1.2874238 3.369765
298 -1.984223 0.86012566
21 -1.3252866 3.6125665
133 -3.458031 -1.2621523
271 -1.2434001 4.0740867
45 -1.2965442 3.6319683
273 -3.638381 -1.4592065
116 -1.3065373 3.6218655
169 -1.3230275 3.9238558
134 -1.9995564 0.826777
5 -1.9035149 1.1430942
36 -1.2671795 4.1763797
39 -2.0680342 0.7163824
262 -2.0559685 0.7552524
286 -1.2806281 3.8501468
293 -2.0964415 0.72581273
105 -3.1637042 -1.073584
129 -1.9528563 1.0861006
196 -1.2927412 3.7354677
18 -1.9738216 0.96040624
25 -3.9212916 -1.6666276
32 -3.6265855 -1.4330362
240 -2.1774209 0.45756632
209 -3.368235 -1.2475508
50 -3.1584318 -1.0057101
62 -3.693367 -1.5072546
75 -3.6602242 -1.4075339
121 -2.0332773 0.9653675
170 -1.9834123 0.95390797
159 -1.2434993 3.540422
253 -1.9480858 1.0527141
183 -2.04386 0.85655075
277 -1.906111 1.1122953
7 -1.2607564 3.4790795
11 -1.9703431 0.90201277
241 -2.1092274 0.70277005
13 -1.949207 0.94818985
87 -2.00586 0.8586573
30 -1.1815445 3.9622257
201 -1.940162 0.9292398
221 -3.5467331 -1.3573301
290 -1.3795414 3.0727575
202 -4.199122 -1.9915074
272 -1.2276942 3.1791542
259 -3.487477 -1.3731843
267 -3.467398 -1.3834357
130 -1.272878 3.9423215
111 -3.6813989 -1.4803135
79 -3.846197 -1.6605711
295 -3.4362788 -1.2133725
228 -2.0718029 0.8112701
174 -1.9940051 0.9201872
195 -1.3106132 3.3882349
217 -1.2796887 3.7755265
154 -3.9777808 -1.7046492
255 -2.0284202 0.869697
251 -1.2790228 3.813226
280 -1.993889 0.90927553
10 -1.2760433 4.082184
265 -1.2052276 3.6060185
167 -1.2942761 3.7212543
131 -3.384534 -1.1972183
34 -1.8648472 1.1608655
63 -1.9443154 1.065148
68 -1.3298874 3.7092295
186 -2.0892766 0.7730094
104 -1.9421669 0.9726738
135 -3.3132603 -1.2812952
123 -1.2740382 3.6599863
153 -3.4296696 -1.3167261
3 -1.232796 3.9900694
283 -1.3354558 3.694654
211 -1.9936601 0.890094
53 -1.3278862 3.6428728
106 -1.3138834 3.6402075
214 -2.0019224 0.90562934
166 -1.2940428 3.8396018
81 -1.3413423 3.7247021
199 -1.9073141 1.1243097
176 -1.3027085 3.8098805
157 -3.4915514 -1.4127905
284 -3.5719128 -1.4044118
178 -3.3450077 -1.2656986
222 -3.6784632 -1.5291169
252 -2.1316168 0.531414
0 -1.2994764 3.6756985
48 -3.8360202 -1.658856
2 -3.5098195 -1.2944722
4 -1.3086305 3.6020594
139 -3.620375 -1.4978865
37 -3.707246 -1.566004
147 -1.9910431 0.92685163
177 -2.0119596 0.8823472
46 -1.2132394 4.1470575
89 -1.909705 1.1345966
119 -1.2852215 3.1757143
145 -3.8917878 -1.7608179
294 -3.9830856 -1.7576774
14 -3.4660513 -1.3287714
29 -3.5021453 -1.3896841
97 -2.0567439 0.6840672
187 -3.6582494 -1.4366053
235 -1.3073257 3.670512
61 -2.1287246 0.73326
188 -2.157873 0.59233993
146 -3.9480946 -1.6785867
215 -1.213607 3.884758
88 -1.2584978 3.663683
107 -1.958326 0.860228
95 -3.9325638 -1.7708836
256 -1.9596486 0.8901172
136 -3.9142172 -1.7653034
158 -1.3804873 3.5057328
226 -1.2227838 3.8965409
236 -1.2692122 3.4935741
54 -3.9266787 -1.8066857
213 -2.0604749 0.71283096
16 -3.8646936 -1.6756119
83 -1.8896058 1.047873
60 -2.0591748 0.7022998
78 -1.2988738 4.0420523
151 -2.031464 0.74639773
204 -3.7485292 -1.4999384
289 -3.7116644 -1.4628237
269 -3.3574162 -1.1758265
15 -1.9217472 1.0758775
20 -1.3311734 3.3340826
148 -3.65624 -1.4434482
66 -1.3128178 3.5355587
72 -3.2856526 -1.1349372
80 -1.2862257 3.8418906
124 -1.3033477 4.1805415
246 -1.2895521 4.038902
184 -3.9548573 -1.7808516
219 -3.618962 -1.4356952
156 -1.2804049 3.2107923
247 -1.3088406 3.2826226
163 -2.0986624 0.65529853
175 -2.089375 0.7604601
200 -1.2813116 3.8863544
56 -2.0583272 0.615536
128 -2.063434 0.7743915
279 -2.0051358 0.8569897
205 -1.3201805 3.3582416
248 -3.83472 -1.6495335
299 -1.3475045 3.8719099
59 -3.8382685 -1.61659
38 -1.2877841 3.6861353
198 -2.96699 -0.76888704
268 -1.2164757 4.3507695
27 -3.4604886 -1.2911683
112 -3.590269 -1.4219048
44 -3.1444635 -1.0473751
47 -1.2768857 3.3409119
65 -3.6494517 -1.4579642
261 -3.820989 -1.6591979
71 -1.9387987 0.99552876
98 -3.4964986 -1.349996
281 -2.072115 0.7444615
275 -2.069672 0.8080523
155 -3.7566435 -1.5563457
224 -3.8780649 -1.758073
113 -1.9755697 0.8988182
149 -2.0147705 0.80812526
266 -2.0336614 0.94651383
218 -1.9177585 1.1208677
237 -1.2852288 3.690097
285 -1.2461988 4.158015
233 -2.1803555 0.5058827
242 -2.0496287 0.79573196
216 -3.6361678 -1.4783262
292 -3.7411356 -1.5635023
73 -1.9578624 0.9925572
260 -4.0404983 -1.8691475
35 -2.0284445 0.7856288
207 -1.2528695 4.3058195
172 -3.4406946 -1.2253888
231 -1.940046 1.1230543
232 -3.602746 -1.4353497
143 -1.2699308 3.2789876
118 -1.3110744 3.9617145
84 -1.3241062 3.621567
144 -1.3026701 3.799582
92 -1.2538855 4.0229445
109 -3.8340487 -1.651883
194 -2.0580666 0.76595443
165 -3.7720783 -1.6267949
229 -1.8770405 1.2417706
51 -3.727247 -1.5142179
141 -3.908256 -1.8004261
179 -1.3148581 3.4556322
31 -1.246375 3.7419424
185 -3.7613454 -1.5774672
108 -1.8606403 1.2188919
64 -3.6402657 -1.4130627
173 -2.1095016 0.72358096
287 -3.810199 -1.6083119
239 -1.3498032 3.5737402
245 -3.5220413 -1.4096786
249 -3.9003444 -1.8397679
100 -1.3380678 4.1196933
58 -3.6090248 -1.3837054
19 -1.3107551 3.702298
24 -1.2247223 3.865079
114 -2.099229 0.64666873
55 -1.9578078 0.8791977
69 -1.2715598 3.3654435
85 -3.605563 -1.4864491
125 -1.2920786 3.3696542
210 -1.3098186 3.5790124
117 -2.0248966 0.88420063
122 -1.2630906 3.97944
140 -1.9615732 0.8575328
152 -3.7255979 -1.6146458
160 -3.547335 -1.3955505
43 -1.9704947 1.017511
180 -2.1495898 0.6085284
70 -1.2527844 3.6897857
101 -2.0876536 0.73813856
296 -3.587424 -1.4030663
276 -2.0597758 0.66708374
191 -1.2902079 3.841791
8 -2.0918226 0.7442351
42 -1.28695 3.909311
244 -2.0402603 0.83652025
49 -1.9758991 0.9303885
168 -3.8095655 -1.6511035
142 -1.2662055 4.0603485
220 -3.5859308 -1.4237292
115 -1.2234946 3.799877
227 -1.254618 3.7329614
189 -1.2632115 3.4209461
278 -1.2851411 3.3617303
264 -3.9401171 -1.7760327
192 -3.531175 -1.3746862
162 -2.0069022 1.071658
28 -3.954132 -1.7762088
76 -1.2765831 4.056743
193 -3.481987 -1.3030397
203 -3.678329 -1.5061073
230 -1.2617533 3.6872125
208 -3.7188349 -1.6064131
96 -1.2219814 3.7429981
181 -3.3062458 -1.2150862
182 -3.5666833 -1.3981265
171 -1.9614968 1.0806652
190 -1.8523757 1.1482972
99 -1.2425427 3.8759215
74 -3.4122677 -1.2200615
150 -2.1828332 0.5369829
110 -3.3369534 -1.1402776
102 -2.0455985 0.8256435
91 -1.8888004 1.222096
164 -4.0995283 -1.8922092
126 -1.917425 1.108072
288 -3.829759 -1.634867
254 -3.5916598 -1.424609
138 -1.3296511 3.6892743
250 -3.7274451 -1.4983435
41 -1.2225454 4.165352
52 -1.9807956 0.98136616
90 -3.4844835 -1.2828594
223 -3.575798 -1.4529214
212 -1.2747551 3.8695564
40 -3.7389107 -1.5723982
137 -1.3489954 3.9836636
1 -3.4562685 -1.4101298
103 -1.2835609 3.293087
57 -1.9850057 0.95306915
17 -1.2901075 3.8894248
270 -3.804145 -1.6691946
