30 2
7 3.8174644 3.7211611
29 4.0549545 3.9368422
20 -2.1038446 5.0878778
25 4.864797 3.9337354
24 1.4380645 4.094125
14 -3.043487 5.6342325
1 5.3024707 3.8926072
2 -2.6361017 5.5449386
17 -2.5273283 5.43364
4 -2.749507 5.4838486
3 1.0593793 4.1552634
18 -1.9787236 5.0410213
11 0.8743376 4.1513753
19 -3.3229516 5.8759027
16 0.5194137 4.317635
6 4.937197 3.7668397
0 0.33118433 4.259284
5 1.0994089 4.032367
22 3.862962 3.7355356
9 0.3825469 4.3431296
10 4.0221295 3.8586886
21 2.1175578 4.0649924
15 5.1445675 3.9776387
23 -3.1366167 5.7656255
26 4.9976892 3.795889
8 -1.9491266 4.9819183
13 2.2340403 3.9307065
28 -2.412429 5.1392555
27 1.4151139 4.1090746
12 4.7021856 3.901299
