30 2
16 3.8643937 1.6279161
13 5.4462767 -1.9179482
6 6.158453 -2.9052863
27 3.6206565 6.0329094
17 3.962677 1.2433568
8 6.12574 -2.6333535
18 3.8432615 1.2232604
21 3.5990686 4.6618543
22 3.7357118 1.5671492
26 3.631889 2.3408399
15 3.910163 1.2466922
1 3.4889746 4.9699016
10 5.3231335 -1.498481
25 6.1403923 -2.6722512
23 6.5870123 -3.254589
12 3.808311 6.303052
4 3.981825 1.0108846
19 5.3832564 -1.6989832
7 3.6783915 2.0382462
0 3.5385454 4.522606
11 3.6978586 5.9040904
28 5.9529176 -2.5040402
20 4.11101 0.85574436
14 3.7030413 1.9679005
3 3.515639 4.355845
9 3.6037843 4.629339
24 3.5871828 4.6586323
5 6.364234 -2.9371636
2 3.7610807 6.278575
29 6.8142242 -3.4340098
