30 2
4 4.0101447 0.86466235
21 3.7605836 4.5234575
25 6.0390353 -2.7364902
15 3.9376552 1.2893463
22 3.834734 1.6423751
8 5.955671 -2.657633
23 6.6436734 -3.5960574
10 5.379636 -1.8720539
0 3.6020308 4.4400373
7 3.7849433 2.0112503
1 3.6475818 5.040006
27 3.81106 6.011919
17 3.9926627 1.3057144
12 3.8590643 6.1934447
18 3.9469435 1.1271685
16 3.8592613 1.6271021
19 5.326911 -1.9590877
3 3.6926408 4.2223544
6 6.1113787 -2.9561784
9 3.7031367 4.6310654
14 3.771677 1.9643794
26 3.7215848 2.1488004
28 5.905525 -2.6531851
29 6.8632464 -3.7225351
5 6.10454 -3.1086636
20 4.108253 0.45800832
13 5.244204 -1.7761983
11 3.8581095 5.6540375
24 3.697456 4.5701447
2 3.9590034 6.2287254
