30 2
7 3.6584961 3.8955307
25 4.815628 4.0747566
18 -2.0286863 4.8767595
29 3.9590118 4.0218534
0 0.12678403 4.2998667
5 1.000529 4.190484
2 -2.828413 5.416112
20 -2.255529 4.992991
21 1.819631 4.1063886
14 -3.1259139 5.515233
4 -3.0094512 5.3678503
22 3.6398726 3.8608487
6 4.6598516 3.8912296
3 0.8836277 4.259793
26 4.708409 3.9343698
19 -3.5245373 5.6211405
16 0.27047154 4.3779306
10 3.7770226 4.02246
11 0.65909433 4.153195
1 5.2312937 4.0883126
23 -3.5220158 5.690322
24 1.2075754 4.108651
27 1.3992405 4.185344
13 1.9577651 4.055364
8 -2.22204 4.9578257
9 0.3964772 4.320055
15 5.1066513 4.072525
28 -2.3882265 5.012987
12 4.783366 4.0465593
17 -2.7672307 5.3638644
