30 2
29 4.8062572 3.0546618
2 -1.4603024 5.851943
7 4.3686604 2.9461255
14 -1.8734133 6.1673265
3 1.8564982 3.8854034
1 5.8706026 2.84669
10 4.5497937 2.9965427
20 -0.8894329 5.279026
18 -0.7651305 5.2013793
24 1.9062635 3.8088658
5 2.1941793 3.5796733
25 5.6656556 2.7994788
4 -1.6375918 5.843438
6 5.3448095 2.753028
26 5.5814476 2.7385137
23 -2.1274798 6.4066467
27 2.3445702 3.6922781
12 5.48419 2.8590786
11 1.4310956 4.0645614
22 4.404004 2.965666
0 1.166394 4.088359
28 -1.2449473 5.514559
8 -1.1165181 5.413403
21 2.8481622 3.6192389
15 6.064106 2.818417
13 2.9510217 3.4827654
16 1.3731456 4.1770463
17 -1.4481984 5.768286
9 1.3506801 4.1572065
19 -2.2356446 6.3304105
