30 2
29 4.2388277 3.9006453
7 3.7717407 3.7510064
5 1.1839349 4.052046
3 1.0545989 4.069755
2 -2.7020707 5.5442758
25 4.8795495 3.9453838
18 -1.8478084 5.0253687
4 -2.5769484 5.5141306
20 -2.007807 5.134513
21 2.1083276 4.0227776
6 5.019617 3.7297354
22 3.972089 3.671582
10 4.0030007 3.8423135
1 5.2398067 3.8116195
14 -3.0087152 5.7143893
0 0.36884058 4.202336
11 0.82517606 4.1818857
8 -2.0450594 5.0742745
13 2.3407464 3.8750856
23 -3.1144516 5.745437
16 0.52366036 4.2826595
24 1.3486619 4.061785
17 -2.598093 5.3991423
9 0.53238344 4.343869
15 5.174696 3.940579
26 5.03921 3.7232103
12 4.719966 3.8379385
28 -2.205314 5.2119007
27 1.4568431 4.0620465
19 -3.2711985 5.88353
