30 2
22 3.6579711 1.7335128
1 3.429777 5.2262287
16 3.903325 1.6753004
8 6.1386375 -2.4131887
21 3.4630022 4.8235173
19 5.2986274 -1.4764626
13 5.4165273 -1.5450082
10 5.346382 -1.2945894
7 3.563987 2.13574
15 3.925795 1.2546488
4 3.947874 0.99066514
25 6.2051535 -2.580127
23 6.832815 -3.3293142
28 5.992413 -2.3078382
26 3.585941 2.263112
14 3.742704 1.9372964
18 3.7879658 1.3156369
24 3.412202 4.714059
29 6.967476 -3.2020397
9 3.4865997 4.7371593
0 3.472439 4.673727
27 3.4823034 6.2097507
6 6.303315 -2.6369185
3 3.393714 4.3871303
12 3.649724 6.4370556
2 3.7070012 6.536814
20 4.070526 0.8427558
5 6.380385 -2.706762
17 3.8784702 1.3660408
11 3.536913 6.058763
