30 2
7 3.4027777 2.5082624
4 3.8020644 1.5519162
15 3.760824 1.7871957
8 6.4519696 -1.8520848
21 3.0159256 4.9586315
26 3.39047 2.5078874
16 3.6349733 1.9821792
10 5.5013733 -1.0186266
17 3.766607 1.8413627
13 5.441059 -0.93648356
14 3.436473 2.4056711
19 5.6023045 -1.1720139
1 2.9221737 5.6832833
28 6.266886 -1.8237548
23 7.0350976 -2.5587819
18 3.6371346 1.6242675
24 2.9640934 4.9823794
9 3.0382173 5.013836
22 3.5955431 1.9789208
11 2.9504554 6.3191905
25 6.403469 -1.9477471
12 3.019574 6.670793
27 2.977922 6.4780846
0 2.9354453 4.9103274
6 6.469668 -1.9426199
29 7.1334653 -2.5711389
20 3.9951158 1.0942925
3 2.9877813 4.533746
5 6.6298175 -2.162237
2 2.9545276 6.8491054
