30 2
7 3.8213513 3.7699428
4 -2.8037016 5.4156976
29 3.9568498 3.9249399
14 -3.0587964 5.6317773
2 -2.598547 5.6349072
5 1.2208962 3.955127
24 1.4873419 4.1533523
11 0.7889882 4.179412
1 5.286761 3.9715607
18 -1.9751712 5.0172195
23 -3.2268836 5.8108172
3 1.0906962 4.165046
21 2.0751867 4.1428432
10 3.8395164 3.8415587
12 4.7353606 3.875433
6 4.88309 3.8598075
20 -2.1405997 5.085052
22 3.8805697 3.7255678
0 0.35422322 4.23931
15 5.078689 3.9317064
25 4.9504685 3.9312851
28 -2.4369867 5.190402
13 2.2423484 3.9804907
19 -3.3954322 5.829762
26 5.0404654 3.7475655
17 -2.5300908 5.335254
27 1.2889472 4.0748634
8 -2.008046 4.9332137
16 0.45470363 4.4146075
9 0.4501499 4.3201885
