30 2
22 3.8004696 1.6435943
10 5.4087653 -1.4943107
28 6.0296693 -2.323998
13 5.5322237 -1.6237621
1 3.3778508 5.2706327
6 6.2653255 -2.5877948
16 3.8729053 1.5414797
8 6.1525373 -2.3377552
11 3.4644458 5.9890313
19 5.3686366 -1.4499677
21 3.4216056 4.8626757
15 3.8901887 1.4601285
25 6.1440663 -2.4214237
23 6.8946567 -3.2191803
27 3.4383411 6.0825057
4 3.9635856 1.0795029
17 3.9530582 1.4190229
18 3.9073708 1.2521845
7 3.5943823 2.1318958
20 4.0192676 0.91270304
14 3.6852229 1.8687813
0 3.3465993 4.7272835
26 3.6005669 2.249687
5 6.3681555 -2.5441458
29 6.9699364 -3.205213
2 3.5912037 6.576015
24 3.4167016 4.778728
3 3.3854866 4.498373
12 3.5524344 6.567336
9 3.3972328 4.918176
