30 2
7 3.5084326 3.9498148
4 -3.1538455 5.3773975
3 0.8478025 4.1947584
14 -3.2427583 5.4491806
5 0.9636143 4.0676117
29 3.8619678 4.1407948
2 -3.0072825 5.4260397
20 -2.2787695 4.914208
10 3.7531059 4.0453696
16 0.19395061 4.405326
1 5.143317 4.1984005
18 -2.201901 4.831523
24 1.0269965 4.1782765
21 1.7396289 4.1104126
6 4.4683924 3.9841387
11 0.58021057 4.2538056
12 4.827675 4.166041
0 0.05020224 4.2748055
25 4.801364 4.215586
19 -3.63307 5.657996
27 1.182715 4.119237
22 3.6831229 3.9276776
23 -3.5979621 5.615638
17 -2.8717003 5.353844
15 4.9901733 4.3004484
28 -2.544797 4.9222136
13 1.8087832 4.1012826
26 4.686051 3.9994912
9 0.37258694 4.336846
8 -2.4651554 4.9715877
