30 2
10 5.1960506 -1.9805394
1 3.878912 4.8871274
16 3.9856987 1.3660623
20 4.031322 0.3961015
21 3.831407 4.3700147
22 3.903923 1.3342018
25 5.9932632 -3.1232307
13 5.2936873 -2.1314363
17 4.0283527 1.1314601
4 4.0207615 0.69717294
27 4.0496836 5.7427635
26 3.8144238 1.7360519
15 4.021128 1.0766488
7 3.7355583 1.8314563
8 5.887478 -2.9169621
18 3.9013739 1.0484495
19 5.2661715 -1.9750714
24 3.7785606 4.375804
3 3.772872 4.045617
5 6.103554 -3.2920327
23 6.447818 -3.71641
28 5.805838 -2.895626
12 4.1251 6.2134504
11 4.0651803 5.444247
0 3.7475274 4.227859
6 5.959467 -3.0319695
2 4.105241 6.057911
9 3.8257742 4.5336604
14 3.8704035 1.7758934
29 6.523017 -3.7943344
