30 2
7 4.2770066 3.0384479
4 -1.7424796 5.8729386
5 1.9646348 3.763138
2 -1.6660515 5.896436
3 1.7405331 3.8633325
29 4.9020004 3.1141436
1 5.8804693 2.9338505
20 -1.1900221 5.3597164
25 5.565961 2.979958
21 2.7401054 3.6878898
23 -2.2975736 6.410136
14 -2.0649023 6.2345147
12 5.440398 2.9901345
6 5.2842703 2.8262362
18 -0.89687914 5.164857
11 1.2620139 4.10545
26 5.4443707 2.8679628
24 1.9377962 3.8209321
22 4.4331937 3.0575352
17 -1.4566007 5.6726484
0 1.1696957 4.078616
19 -2.391255 6.3465176
10 4.584861 3.1347628
13 2.7278125 3.5831206
15 5.939158 2.9618826
16 1.297405 4.236993
9 1.3135145 4.144877
27 2.2974079 3.711406
8 -1.1658124 5.308465
28 -1.388127 5.4723377
