30 2
14 -1.7392712 6.1961527
3 2.0465498 3.8042397
7 4.4722004 2.8002687
2 -1.2416003 5.990893
5 2.1708229 3.6682339
29 4.9251404 2.8048043
23 -1.7842551 6.385566
18 -0.6152773 5.2969637
21 2.9583137 3.4675915
20 -0.92477036 5.448316
0 1.2111466 4.118687
25 5.803475 2.6163707
4 -1.425216 5.923709
26 5.628606 2.6125975
28 -1.231585 5.7109184
11 1.7399706 3.834706
10 4.894643 2.8269541
24 2.1929147 3.684939
22 4.677926 2.7812521
17 -1.152186 5.736665
1 5.9265356 2.61949
16 1.5710487 4.12768
8 -0.96469355 5.4528613
9 1.5112509 4.0567465
15 6.2101507 2.5346036
27 2.3928008 3.5831027
12 5.4590015 2.7140203
6 5.43463 2.6114268
19 -1.8953557 6.5036683
13 3.0762584 3.3367248
