30 2
15 3.9124317 1.345958
22 3.821891 1.5520539
21 3.722458 4.384515
14 3.7215052 1.9443243
7 3.7298815 2.044343
10 5.2847066 -1.7626771
25 6.054042 -2.808584
4 3.9882653 0.8569055
6 6.1170287 -2.9000943
20 4.0565224 0.5758512
1 3.6326883 5.157759
13 5.2915273 -1.8006771
17 3.995221 1.3122126
16 3.9236183 1.7053555
0 3.6856394 4.4334316
23 6.662939 -3.4198842
24 3.6786928 4.6509857
26 3.6209607 2.2137105
2 3.8842976 6.276732
11 3.7462542 5.7349877
3 3.6279092 4.2812114
18 3.8176777 1.1762214
12 3.866273 6.1793356
28 5.911298 -2.748047
8 6.003732 -2.6315904
19 5.4740243 -2.0911384
29 6.872411 -3.699699
9 3.7035587 4.6069775
27 3.790973 6.029689
5 6.2218957 -2.9989018
