30 2
7 4.345278 2.95357
20 -0.9360952 5.267979
5 2.2018201 3.5760148
2 -1.4739258 5.8806973
24 1.9836631 3.7950199
4 -1.6527534 5.860388
29 4.795937 3.0434225
25 5.644983 2.7453773
16 1.3585321 4.1772013
3 1.8856831 3.8942661
1 5.8539476 2.8223836
27 2.372461 3.6581178
21 2.8374205 3.6123714
14 -1.9085653 6.2149596
26 5.5751753 2.7712612
22 4.4189754 2.947323
6 5.384782 2.7568157
23 -2.165991 6.3865905
8 -1.1225903 5.4167595
0 1.1633694 4.0688753
18 -0.79443014 5.2009845
10 4.491671 3.0437708
12 5.4915013 2.8717878
11 1.4682416 4.0450835
13 2.947007 3.5056343
15 6.042063 2.8438146
17 -1.4320178 5.773828
19 -2.227273 6.3418093
9 1.3473928 4.1529207
28 -1.2275823 5.5235367
