30 2
7 3.7932918 3.7208054
29 4.3841133 3.815041
2 -2.546361 5.6613655
1 5.2764697 3.6997666
14 -2.895635 5.6790843
5 1.3249786 3.9602084
20 -1.8680344 5.2018585
0 0.521439 4.1933494
12 4.742488 3.6239882
24 1.307561 4.1128044
25 4.9434133 3.795335
3 1.1446129 4.042269
23 -3.0534134 5.819334
10 4.070546 3.719222
18 -1.8123978 5.056998
4 -2.5344603 5.4764194
27 1.5252893 3.9849727
11 0.7632619 4.132311
6 4.991507 3.604933
21 2.1951087 4.0487146
22 3.9552364 3.6720316
16 0.6060519 4.3677716
8 -1.8966804 5.0409803
26 5.0838513 3.6059012
15 5.4042997 3.803366
28 -2.1502059 5.1564937
19 -3.26596 5.8759522
17 -2.2571862 5.4721107
9 0.5842321 4.3900137
13 2.1528347 3.910355
