30 2
10 5.3653636 -1.7343065
21 3.7182655 4.5336213
6 6.10708 -2.9676971
1 3.6815279 5.0581803
28 5.8102193 -2.6524298
14 3.783603 1.9431525
11 3.80233 5.65222
27 3.8479362 5.998066
22 3.8365192 1.3728963
0 3.6576147 4.4879594
15 3.944748 1.3088769
16 3.969015 1.5898628
4 4.0069137 0.79901063
7 3.7799466 2.027597
20 4.095659 0.4595374
18 3.924163 1.0793873
25 6.017273 -2.7083092
24 3.7629724 4.552575
23 6.607825 -3.599072
8 5.9917936 -2.7982075
5 6.1366076 -3.1054673
29 6.788248 -3.7185044
13 5.1613765 -1.8449062
26 3.6774647 2.1052315
12 3.9816332 6.1709385
3 3.6775134 4.279921
19 5.3443522 -2.0246568
17 4.0500336 1.1590762
9 3.7206135 4.629655
2 4.0263376 6.1968303
