30 2
22 3.8203619 1.5360918
7 3.7305813 2.043717
15 3.877199 1.3521161
21 3.7261333 4.358533
26 3.617223 2.2182186
16 3.9115036 1.7130263
1 3.6564941 5.1465187
8 6.015408 -2.6264572
10 5.2850075 -1.7570362
4 3.9875183 0.85766983
13 5.2861457 -1.8180095
6 6.1215043 -2.8887413
14 3.7243466 1.9483438
28 5.913835 -2.7694597
27 3.8081508 6.028582
12 3.8621688 6.1752625
25 6.0522866 -2.8159354
17 3.9830337 1.3031704
19 5.481353 -2.083362
20 4.066782 0.5736552
3 3.6278017 4.3064165
11 3.7470322 5.749984
29 6.8810344 -3.709896
18 3.8169982 1.1912574
9 3.689996 4.6053224
0 3.6775613 4.4304514
2 3.9001834 6.284218
24 3.6615233 4.656795
23 6.6615434 -3.3989801
5 6.2273974 -2.986239
