30 2
21 3.2454455 4.9682465
15 3.9022717 1.4570234
16 3.6733103 1.9655763
1 3.273562 5.425931
14 3.616287 2.1484613
7 3.527837 2.191382
13 5.496546 -1.3900746
23 6.9403334 -2.9570942
4 3.9828207 1.1462021
10 5.3801875 -1.2017993
28 6.035884 -2.1600778
22 3.6857362 1.7536265
19 5.627582 -1.594586
6 6.4228916 -2.3606102
25 6.216664 -2.1440172
8 6.1741433 -2.261828
17 3.9295425 1.3852015
24 3.263315 4.8962927
18 3.7361603 1.4470025
11 3.3329172 5.980518
0 3.1493678 4.8596225
29 7.148144 -3.1061165
9 3.2668457 4.717347
26 3.4999888 2.3871744
3 3.2887754 4.652394
20 4.051812 1.0205195
27 3.2731998 6.245151
2 3.3869708 6.6643004
12 3.3463688 6.5300517
5 6.475257 -2.5218115
