30 2
16 3.835456 1.8184983
1 3.4954894 5.1050687
10 5.2856574 -1.4618767
22 3.7156165 1.62869
26 3.7005446 2.2776933
25 6.0909176 -2.6225898
4 4.025707 0.9889892
21 3.4975674 4.547048
19 5.3156962 -1.6468539
12 3.7426116 6.3497214
15 3.9922664 1.2067859
17 3.9540854 1.3515143
7 3.6736155 2.1485572
20 4.0745034 0.79795814
0 3.4813104 4.554378
13 5.395476 -1.8114284
14 3.7459054 2.0067468
8 6.07463 -2.5815082
23 6.66439 -3.193982
28 5.9339123 -2.5740972
6 6.210434 -2.8838656
2 3.7273693 6.38455
9 3.5553079 4.588853
27 3.536007 6.04244
11 3.61849 5.8057604
3 3.5155914 4.2576203
18 3.8833334 1.2311639
5 6.393778 -2.8503609
24 3.5781052 4.701435
29 6.734739 -3.3600647
