30 2
8 6.444415 -1.9927964
22 3.64461 1.9638567
4 3.8717782 1.3443537
10 5.5311923 -0.94427776
1 2.8963115 5.666132
14 3.5354855 2.325646
16 3.646961 2.0226417
21 3.0596967 5.0054073
13 5.380714 -0.9125769
28 6.168675 -1.7112256
19 5.54083 -1.0302408
20 3.9875598 1.0249135
25 6.293637 -1.8861897
7 3.4319322 2.4899838
26 3.4137943 2.4942307
12 2.9571917 6.638395
24 2.972252 4.916679
11 2.9304013 6.265556
17 3.8245294 1.7146537
23 7.085804 -2.5503995
18 3.714712 1.5464568
15 3.8497455 1.5903155
0 2.9575942 4.8158135
3 3.0213196 4.688964
29 7.1318727 -2.602094
6 6.3805594 -2.1008308
9 3.036826 5.05894
2 3.0700862 6.9026866
27 2.9562144 6.4056973
5 6.6617427 -2.2125878
