300 2
83 -1.9816564 0.8164289
149 -1.9819167 0.9738203
18 -1.9310219 0.9960081
269 -3.2393484 -1.2024578
33 -1.89266 1.1442797
6 -2.1007802 0.6456853
82 -3.527344 -1.4887199
271 -1.441151 3.8738894
8 -2.059711 0.683189
22 -1.3836336 3.7362823
280 -2.0150077 0.74780035
127 -2.0560403 0.6815247
7 -1.4163713 3.2753828
53 -1.4016101 3.8584661
237 -1.3676032 3.6938744
243 -1.9275144 0.9775433
25 -3.8077161 -1.8008951
270 -3.3894956 -1.3689121
272 -1.407882 2.8871691
144 -1.3796347 3.677132
157 -3.467991 -1.4356687
158 -1.4041245 3.991222
235 -1.3617604 3.8836708
200 -1.3421258 3.9057534
231 -1.838065 1.2047307
104 -1.9985062 0.86785823
282 -2.1184196 0.60697365
100 -1.408637 4.102287
267 -3.40166 -1.4270675
147 -2.10005 0.7246647
43 -2.0427175 0.8010896
87 -2.0267801 0.88058954
298 -1.9562497 0.9382399
224 -3.7907348 -1.7953684
252 -2.1252372 0.602644
131 -3.447236 -1.5484924
34 -1.9148052 1.004964
170 -2.0773258 0.7277041
229 -1.9231714 1.0712241
63 -2.0924726 0.67866486
274 -1.9911743 0.90498435
275 -2.1665115 0.59609467
117 -2.1148665 0.63462913
105 -3.250382 -1.2991626
208 -3.7100153 -1.7126955
59 -3.5153682 -1.4690131
287 -3.79659 -1.7909144
215 -1.4369808 3.415513
187 -3.4536982 -1.5272398
284 -3.5612154 -1.5373422
88 -1.444762 3.3828583
108 -1.9908365 0.8220463
118 -1.4067 4.090649
174 -2.0254395 0.7150561
293 -2.0295877 0.82294947
27 -3.593228 -1.6950364
240 -2.1589272 0.52746224
28 -3.5068855 -1.4513142
69 -1.4533669 3.8276742
44 -3.310776 -1.3421249
46 -1.4571763 4.4237494
169 -1.4317219 3.6744337
182 -3.7341318 -1.7599406
262 -2.1504397 0.5740826
106 -1.4220616 3.1691568
297 -1.4166367 3.4848561
55 -2.113348 0.58390754
116 -1.4100575 3.7511427
101 -2.0123754 0.7466621
259 -3.4669871 -1.4672158
199 -1.9784403 0.9446517
159 -1.425909 3.9772284
256 -2.1138475 0.5257974
11 -2.1585104 0.61216927
12 -1.8638945 1.0985537
153 -3.0980866 -1.1291064
75 -3.442351 -1.4591595
253 -2.1036193 0.5854405
206 -3.4841416 -1.4991134
244 -2.101275 0.678096
37 -3.5222702 -1.562247
110 -3.103899 -1.0479528
39 -1.9943981 0.8077879
68 -1.3975792 3.497985
58 -3.8609684 -1.7873349
190 -1.9760934 0.8327708
167 -1.4598279 3.7890296
265 -1.3708762 3.5182889
129 -2.0669787 0.73437095
247 -1.3892567 3.719948
238 -1.4067556 3.699359
79 -3.6978605 -1.7952049
3 -1.4375889 3.6863658
197 -1.3805864 3.715441
183 -2.0620465 0.6985108
35 -2.1411655 0.7062267
222 -3.4179301 -1.4483955
93 -1.3926848 3.4333384
52 -1.9574554 0.8854371
85 -3.7466187 -1.7506924
143 -1.4240506 3.3808584
178 -3.1775053 -1.212686
273 -3.6182563 -1.6542615
211 -2.0939698 0.61629826
32 -3.6298273 -1.6030732
175 -1.9813174 0.8898236
299 -1.4652305 3.6835167
60 -1.968851 0.863921
109 -3.889503 -1.9389528
112 -3.7126303 -1.6946875
146 -3.696503 -1.7007723
198 -3.5197632 -1.5164045
161 -2.053426 0.8272893
9 -2.0932999 0.68407357
213 -2.01924 0.79180706
277 -1.8155309 1.2259184
64 -3.4957995 -1.4622073
232 -3.5568945 -1.632807
86 -3.446574 -1.4443161
255 -1.9231979 1.0016496
97 -2.0923288 0.6247636
114 -2.1001503 0.607301
133 -3.6690154 -1.5424268
121 -2.1081514 0.6359492
135 -3.2952569 -1.3247874
254 -3.3830602 -1.4074825
180 -2.1028614 0.6981607
16 -3.6782274 -1.6275414
62 -3.7620049 -1.729964
295 -3.2665386 -1.3092341
201 -2.0197792 0.7867526
279 -2.0615914 0.7323098
47 -1.3997028 2.7500975
92 -1.4357119 4.6557326
73 -1.9082803 1.0250055
89 -2.009215 0.8653494
242 -2.0126686 0.90407383
139 -3.726646 -1.7183777
285 -1.4474623 3.9871051
184 -3.8170865 -1.8747792
192 -3.4982986 -1.5621034
196 -1.4235861 3.7705612
216 -3.6934402 -1.7164375
212 -1.4496543 3.9557521
179 -1.4444444 3.6407964
176 -1.3810784 3.3694205
56 -1.9423771 0.95139426
36 -1.3274919 3.621734
40 -3.8214128 -1.7711781
151 -2.0908494 0.66607004
276 -1.9398311 0.904533
289 -3.6973305 -1.7202371
156 -1.4150331 3.2228043
17 -1.3726598 4.216881
246 -1.3985438 3.615312
225 -1.347559 3.6336062
241 -2.0130644 0.832181
263 -2.0923188 0.6215078
165 -3.6488924 -1.6621592
188 -2.1774497 0.62129885
94 -1.9993287 0.9629628
203 -3.8476458 -1.8059764
2 -3.5152676 -1.5091726
266 -2.0036116 0.9411223
245 -3.4695892 -1.5181221
26 -1.4659064 2.808477
111 -3.4598427 -1.4665583
31 -1.360481 3.7982993
218 -2.0137799 0.8882147
49 -2.0559628 0.84143454
268 -1.4308966 4.125291
128 -1.977925 0.92939717
130 -1.443563 4.008024
260 -4.0062184 -1.9392179
258 -2.098172 0.5377199
177 -1.94549 1.014045
288 -3.7680771 -1.7732481
233 -2.0964987 0.6226473
236 -1.387544 3.2328155
0 -1.352053 3.7872486
5 -1.9374293 1.0075128
261 -3.5689769 -1.5837586
103 -1.403123 3.536042
14 -3.3425915 -1.3760936
123 -1.4119579 4.1081095
30 -1.3626016 3.612472
221 -3.6015773 -1.5277866
172 -3.7226856 -1.7017987
78 -1.464863 3.6180708
72 -3.2304127 -1.2184302
251 -1.3605295 3.6392393
120 -3.6414444 -1.6135092
210 -1.4651749 3.718175
207 -1.4052993 4.0284386
248 -3.5339477 -1.6184319
294 -3.5848613 -1.6040399
115 -1.4115653 3.6936007
21 -1.356066 3.5215445
150 -2.1569128 0.46784803
66 -1.4388069 3.9470763
41 -1.3885304 3.8975444
42 -1.4065747 4.00338
50 -3.1867394 -1.16132
223 -3.987686 -2.0498526
205 -1.390773 3.3948076
209 -3.365032 -1.367461
140 -2.0395918 0.87022954
136 -3.7269058 -1.6845343
142 -1.4791973 4.185747
154 -3.7214081 -1.7722552
228 -2.068687 0.81052065
189 -1.4257655 3.3069153
296 -3.677152 -1.7953322
219 -3.769438 -1.6922207
138 -1.3689315 3.5991716
281 -2.146652 0.5884664
239 -1.381094 3.8283768
54 -3.6493034 -1.5828991
61 -2.1938295 0.5400235
65 -3.684351 -1.6589019
67 -1.4095813 3.8293195
77 -1.4123619 3.4221592
91 -1.9240015 1.1889486
155 -4.0596 -2.002208
283 -1.4470141 4.0185976
23 -2.0857718 0.76287204
57 -2.1311312 0.5519426
51 -3.370267 -1.4756228
249 -3.8763552 -1.9153624
186 -2.054975 0.85186785
80 -1.4791652 3.6792986
84 -1.4238156 3.5352693
90 -3.5071867 -1.5067255
96 -1.3481019 3.7165802
204 -3.671907 -1.7931838
194 -2.0100698 0.8172113
220 -3.8136435 -1.870852
290 -1.4008371 3.3964608
15 -1.9236798 0.91594464
19 -1.4428226 3.4665496
48 -3.7810302 -1.8119937
119 -1.4172115 3.3397343
102 -2.0024316 0.9387751
173 -2.002606 0.92375046
217 -1.3846532 4.1062717
4 -1.3611902 3.3309813
195 -1.4098029 3.5666456
234 -1.9729515 0.93655163
160 -3.5270312 -1.440958
202 -4.0344796 -2.1578104
81 -1.405835 4.1036625
95 -3.8426118 -1.7621497
193 -4.053877 -2.0171356
134 -2.044934 0.8493031
145 -3.6699378 -1.7005551
166 -1.4527305 3.7153533
191 -1.4757931 4.0352297
227 -1.3501335 3.7723362
292 -3.6573272 -1.697036
71 -2.102962 0.69352365
141 -3.5655892 -1.5908879
152 -3.7281694 -1.6358187
286 -1.4467232 3.5966504
24 -1.3611877 3.6727476
107 -1.964806 0.92523456
164 -4.0326095 -1.9934841
264 -3.846006 -1.8390105
250 -3.739045 -1.7925602
257 -1.4787956 4.0695367
126 -2.073519 0.7761388
185 -3.7019656 -1.6513189
230 -1.4010041 3.4839356
70 -1.4249624 3.747957
124 -1.4809556 3.9529097
171 -1.9480186 1.000221
278 -1.4266942 3.7394412
148 -3.5870843 -1.6448121
10 -1.4160708 3.8501203
20 -1.3924683 3.5083025
226 -1.4272294 4.0286255
38 -1.4561131 3.7583206
76 -1.4394332 3.653556
132 -1.4455609 3.2990398
214 -2.0254776 0.7404653
1 -3.4297864 -1.5421714
137 -1.446239 3.728982
99 -1.4137654 3.7638977
162 -2.0043163 0.8467206
181 -3.58486 -1.5784565
291 -1.951715 1.0536124
125 -1.4382672 3.6248071
29 -3.8659074 -1.8047278
113 -2.035701 0.7313915
122 -1.4171963 4.0480137
163 -2.0844858 0.74106646
168 -3.5694835 -1.5474644
13 -2.0674198 0.723049
98 -3.4991636 -1.4839562
45 -1.3684919 3.612182
74 -3.3035216 -1.3073592
