30 2
22 3.889629 1.3369491
21 3.7337341 4.5986724
4 4.023907 0.8041199
14 3.8532321 1.699171
27 3.9581418 5.7980423
16 3.901507 1.4507054
7 3.7221687 1.9044063
10 5.1754403 -1.7757704
19 5.4369955 -2.0564642
15 4.0307736 1.0966433
11 4.0693846 5.7367954
2 4.034218 6.2234473
1 3.763247 5.0761786
8 6.014626 -2.9044197
28 5.8105583 -2.8179336
29 6.693301 -3.6714053
23 6.593776 -3.6445618
25 6.0395026 -2.77484
26 3.7636435 2.01169
0 3.661478 4.3613167
20 4.127992 0.544375
3 3.737831 4.2607884
17 4.0810266 1.057991
6 6.03369 -3.145509
13 5.108233 -1.8138434
9 3.7054312 4.603254
18 3.9311492 1.0457065
12 3.9809093 6.246323
24 3.753818 4.5253053
5 6.155808 -3.1276133
