30 2
7 4.4577823 2.9222698
29 4.8938017 3.0565927
6 5.380899 2.729182
14 -1.8151499 6.152039
20 -0.941586 5.333551
3 1.857206 3.9139535
23 -2.0343199 6.384396
2 -1.4277192 5.942624
5 2.187268 3.5667822
1 5.765352 2.7889931
4 -1.5375406 5.8074975
16 1.3762795 4.135614
18 -0.7492645 5.231302
0 1.140992 4.090574
17 -1.3605527 5.717742
10 4.639634 2.9699507
21 2.8484561 3.5274765
13 2.9665174 3.4698615
11 1.5923518 3.988485
12 5.551182 2.7836506
28 -1.1925923 5.4999604
24 2.006687 3.7998214
8 -1.0144637 5.451951
22 4.4138 2.9383695
25 5.6781263 2.8177595
26 5.5555825 2.7229006
19 -2.1949005 6.4205217
15 6.0699244 2.7844071
27 2.325673 3.6481252
9 1.2999196 4.1378355
