30 2
7 3.8026311 3.7624114
20 -2.185987 5.0899954
5 1.1326991 4.034711
14 -3.0938604 5.5323715
4 -2.7543783 5.4189796
22 3.894037 3.7817864
29 3.9471748 3.9310217
25 4.8745785 3.9489489
15 5.1106753 3.9379182
1 5.261842 3.9622624
3 1.0689921 4.2141223
28 -2.4393048 5.177078
21 2.0101333 4.107342
23 -3.2507982 5.772114
0 0.33342412 4.2391896
6 4.933592 3.7728994
19 -3.4209158 5.82736
24 1.4355589 4.1981254
11 0.78934044 4.2130017
10 3.883947 3.9013443
18 -1.9732094 4.98861
26 5.0755653 3.7416222
2 -2.6309788 5.6238976
8 -1.9755118 4.968233
9 0.46551886 4.357571
12 4.723198 3.8309834
16 0.4040643 4.396047
17 -2.518305 5.3286433
13 2.2024777 4.0020432
27 1.2674981 4.06913
