30 2
22 3.6159353 1.9298357
1 2.9558969 5.6573124
10 5.501033 -0.99806523
28 6.2802577 -1.8472568
16 3.617388 1.998835
7 3.3670988 2.5027962
25 6.3405213 -1.9852719
4 3.8233893 1.5092176
21 2.9866219 4.9729204
8 6.429351 -1.8054736
26 3.3887079 2.5322633
27 2.9647515 6.4756403
23 7.011513 -2.576285
3 2.9918551 4.570637
19 5.661358 -1.1673346
18 3.6384575 1.6064487
15 3.7460632 1.8104918
0 2.8895137 4.915063
14 3.4659188 2.428751
17 3.7435668 1.7888187
2 3.0026243 6.810212
13 5.4944153 -0.94765556
6 6.4546275 -1.854185
9 3.0351546 5.049583
11 2.9115229 6.34899
20 4.0078454 1.0552713
29 7.1926327 -2.525091
24 3.0221128 5.012577
5 6.5804305 -2.1074753
12 2.9658809 6.672989
