30 2
29 4.0624056 3.9195406
7 3.8447285 3.729227
20 -2.0841777 5.0877504
14 -3.060625 5.625718
4 -2.7633243 5.484028
3 1.0666405 4.1535068
18 -1.9873962 5.045947
5 1.0949382 4.0201073
22 3.856102 3.7349427
23 -3.130217 5.7664466
0 0.32512933 4.2527914
2 -2.582887 5.534764
6 4.9260683 3.765534
1 5.2925773 3.9199793
8 -1.9630936 4.9733434
24 1.4279349 4.113529
12 4.701859 3.9290426
15 5.137732 3.9567142
28 -2.4144824 5.1560473
25 4.8963995 3.9116008
10 3.988689 3.867097
16 0.50884074 4.3300385
19 -3.344692 5.8784084
26 5.0153184 3.7957478
17 -2.5419407 5.420805
27 1.419006 4.0932603
21 2.12425 4.060875
9 0.374664 4.3449044
11 0.8761447 4.1473956
13 2.23789 3.9244738
