30 2
15 4.001865 1.3876534
21 3.7113993 4.443991
4 4.030411 0.8879353
22 3.8302963 1.6546859
25 6.0842338 -2.7762158
13 5.216526 -1.8458773
23 6.6878467 -3.5493448
28 5.88398 -2.6706743
17 4.0052047 1.3658037
7 3.7167063 2.016265
19 5.4148426 -1.9991
8 5.9028263 -2.690388
16 3.87324 1.6252514
14 3.7901628 1.9479167
20 4.1315246 0.44561684
0 3.6946716 4.382757
10 5.339529 -1.8228091
1 3.706911 5.072811
6 6.0381675 -2.90452
26 3.77118 2.1503162
9 3.7372172 4.5525527
11 3.7488782 5.6687813
12 3.8883166 6.1657043
3 3.6270468 4.3423023
29 6.916841 -3.693582
27 3.8205318 6.0555506
5 6.171502 -3.0703816
24 3.6169271 4.6169786
18 3.8984156 1.1975194
2 3.843599 6.270214
