30 2
1 2.9625642 5.5623364
21 3.0453324 5.093825
10 5.48261 -1.08003
22 3.6196554 1.8632841
25 6.302417 -1.9257498
7 3.408176 2.4464753
8 6.368595 -2.0605006
3 3.1059878 4.578762
4 3.8144083 1.4389827
15 3.8774939 1.5057827
14 3.4927077 2.255308
13 5.4438515 -1.1383005
16 3.7254136 1.9436297
28 6.107798 -1.8399541
19 5.5734997 -1.191887
17 3.7933445 1.6638043
20 4.0343366 0.93204373
29 7.1207533 -2.744693
27 3.0683007 6.3569965
6 6.3952465 -2.0757627
18 3.711953 1.5147363
26 3.3872921 2.5864284
23 7.0829234 -2.6721027
24 3.0733843 4.9324603
11 3.0484154 6.137195
2 3.1140034 6.872917
5 6.4606223 -2.2238095
12 3.0608027 6.5858507
0 3.1235087 4.6444945
9 3.1034186 5.100305
