30 2
28 5.836603 -2.7564354
21 3.7762423 4.426792
10 5.331054 -1.9088777
1 3.775582 5.0585847
8 5.97975 -2.856087
4 3.9560485 0.8809465
25 5.992887 -2.931372
20 4.087984 0.4928946
7 3.780911 1.8918858
16 3.9966848 1.4033332
19 5.329012 -2.0703795
26 3.7681067 1.9454243
9 3.7616136 4.4829392
17 4.0409417 1.1639938
6 5.9764347 -3.1341796
14 3.8286388 1.7859001
22 3.870223 1.2558432
0 3.7678628 4.188151
15 4.0925646 0.9812453
18 3.893021 1.094188
13 5.206982 -1.9424865
24 3.7483213 4.602257
23 6.557846 -3.7264621
11 3.920699 5.7465196
3 3.6958373 4.3069153
27 3.96909 5.829517
12 4.047173 6.1078224
29 6.5721827 -3.6238472
2 4.0847936 6.1794066
5 6.227843 -3.1847403
