30 2
21 3.1481946 4.8790383
16 3.6767023 1.8556786
4 3.8081698 1.4717774
26 3.3967228 2.7465942
8 6.2474785 -2.020772
22 3.716483 1.7403458
10 5.409214 -1.0945597
6 6.3852506 -2.2039418
23 7.001321 -2.7284322
25 6.2626185 -2.0267506
17 3.8191457 1.7887484
19 5.731473 -1.5969785
3 3.1337569 4.6285734
28 6.0645623 -1.9236723
7 3.5574672 2.4091218
1 3.0679438 5.4445553
11 3.0914059 6.107667
13 5.3608937 -1.1592484
9 3.0609426 4.908754
15 3.863557 1.5637506
12 3.097854 6.654066
18 3.7850783 1.5736214
14 3.5495536 2.2520409
27 3.1612954 6.217484
0 3.0041676 4.7686396
20 3.989115 1.0488436
29 7.2153387 -2.8567054
2 3.237106 6.8575187
24 3.1115918 4.8921075
5 6.499331 -2.2035232
