30 2
22 3.865666 1.359638
10 5.2654305 -1.9951273
16 3.9831145 1.3439102
1 3.9141788 4.813835
13 5.2857957 -2.008162
7 3.786235 1.6431421
17 3.99365 1.1504037
3 3.8156364 3.874646
27 4.067557 5.7247834
14 3.8786867 1.7518344
21 3.913447 4.3488154
4 3.9895742 0.7666233
8 5.9001026 -3.0854924
15 4.0691156 1.0189319
26 3.7951193 1.8512452
5 5.9813876 -3.190255
2 4.159737 6.0616794
19 5.2572103 -2.147212
6 5.916028 -3.1553361
11 4.0660677 5.460978
12 4.09193 6.148768
23 6.4045043 -3.6838355
25 6.0387797 -3.2655008
28 5.689988 -2.8375595
0 3.7499447 4.1939464
24 3.818609 4.3873744
20 4.091617 0.39432564
18 3.8842037 1.0363984
29 6.4876056 -3.7740166
9 3.890104 4.5440326
