30 2
4 3.9838152 1.0126177
21 3.481714 4.7261186
22 3.7542508 1.5961072
14 3.798154 1.8755717
16 3.7881773 1.677803
10 5.406664 -1.500605
28 5.895827 -2.2260876
25 6.162854 -2.5426443
1 3.3920777 5.172635
7 3.633517 1.9883709
19 5.367671 -1.5328448
23 6.819336 -3.2442155
13 5.377166 -1.5970466
27 3.5544217 6.1198845
8 6.171175 -2.5973668
15 3.8981116 1.2526264
17 3.9640396 1.3219604
5 6.34214 -2.7297933
26 3.6992424 2.064786
6 6.258776 -2.68803
11 3.4930985 6.134368
9 3.4426675 4.765957
20 4.054194 0.74599487
0 3.454131 4.656227
18 3.8573823 1.2478434
3 3.479419 4.335676
12 3.6376824 6.431811
24 3.442054 4.7284575
2 3.6761973 6.4893184
29 6.916203 -3.317238
