30 2
10 5.340442 -1.7240499
15 3.942252 1.3156788
4 4.006318 0.81173074
17 4.042033 1.1528578
14 3.7892218 1.968162
28 5.8320045 -2.633458
25 6.022675 -2.739903
21 3.718458 4.5330234
27 3.8299565 6.0078487
7 3.781671 2.0270503
20 4.0944533 0.45163974
22 3.8394938 1.366
16 3.9717674 1.5978999
23 6.603059 -3.5960634
1 3.7008007 5.05335
8 6.0040846 -2.7932932
0 3.654039 4.4947824
19 5.355905 -2.01811
12 3.9684603 6.159654
2 4.0140433 6.204495
26 3.6894832 2.1121776
9 3.7209487 4.645506
13 5.168218 -1.8242544
11 3.8045459 5.648341
6 6.0969896 -2.969773
24 3.7680078 4.5236554
29 6.7657957 -3.6976843
5 6.1441936 -3.122045
18 3.9227324 1.0788844
3 3.6787977 4.262918
