30 2
29 4.671962 3.4437463
14 -2.3784046 5.9922204
3 1.547908 4.0432644
20 -1.3200896 5.208537
7 4.249725 3.3266027
2 -2.0014777 5.7779913
22 4.48135 3.2860465
1 5.6745133 3.3522682
5 1.4856275 3.8770216
0 0.7134099 4.230977
23 -2.6847456 6.1053495
4 -2.1890402 5.8069544
24 1.4653237 4.0213847
18 -1.2710136 5.0804243
11 1.0212028 4.0521016
28 -1.5699914 5.307904
6 5.1147094 3.2037857
21 2.3286836 3.8413882
25 5.4351377 3.325738
12 5.1534095 3.3018506
15 5.98438 3.3083417
10 4.392671 3.4195106
27 1.9227765 3.8583286
19 -2.76011 6.313694
26 5.1089954 3.318384
13 2.3536198 3.688899
8 -1.5603487 5.244491
9 0.7547708 4.295995
17 -1.7605855 5.5279613
16 0.9362019 4.2812147
