30 2
22 3.6144402 2.1373723
16 3.6989095 2.0627325
14 3.4836621 2.2813542
15 3.7565217 1.8165541
1 2.882215 5.663965
7 3.3517249 2.6099927
8 6.4572406 -2.0235999
26 3.3641753 2.565491
21 3.007593 4.9007735
3 3.0559852 4.512913
17 3.8058221 1.7893827
10 5.4970555 -1.0736364
25 6.3785896 -1.9189117
19 5.5542326 -1.0511752
28 6.2122803 -1.8629102
13 5.457445 -0.980677
20 3.9156475 1.1896367
4 3.7861788 1.5404499
12 2.988892 6.6433415
18 3.6918766 1.6288692
9 3.0884376 4.935978
11 2.915816 6.286107
23 7.0807214 -2.4590037
27 2.9993386 6.4756503
2 2.9641316 6.9145303
6 6.50182 -1.9344372
24 3.0182028 4.994238
0 2.965521 4.8343477
5 6.647252 -2.2416668
29 7.169778 -2.5640843
