30 2
22 3.7072914 1.5894148
10 5.275946 -1.5164196
21 3.5922973 4.650153
16 3.8764737 1.6271472
1 3.455426 5.058096
8 6.133596 -2.5506277
12 3.7306023 6.352172
3 3.5559688 4.392274
4 4.015784 0.97957754
7 3.668073 2.0964139
27 3.6244795 5.9790435
26 3.6988952 2.2836015
14 3.7394469 1.9682293
19 5.3947616 -1.7071477
25 6.1093984 -2.7041903
15 3.9405377 1.2064338
0 3.4820232 4.5033956
6 6.1948047 -2.837701
23 6.6294813 -3.2448196
11 3.6581833 5.8986897
28 5.8580465 -2.546503
13 5.418823 -1.768002
17 3.989716 1.258142
20 4.080466 0.7747808
18 3.8115616 1.2449299
29 6.7695317 -3.3867803
9 3.6066804 4.5682926
24 3.5842948 4.66885
2 3.766452 6.279842
5 6.324878 -2.8933938
