30 2
22 3.7742524 1.607047
21 3.2986305 4.7586346
15 3.903118 1.5224212
16 3.7991478 1.8541833
10 5.347185 -1.3541892
14 3.671213 2.1131747
28 6.0547457 -2.29345
4 3.9394004 1.1002706
17 3.9629905 1.4881831
7 3.493003 2.281464
26 3.510504 2.4178102
23 6.975362 -3.1259506
25 6.177281 -2.2203267
13 5.5534654 -1.5314759
20 4.046515 0.9543038
6 6.4344935 -2.5491128
11 3.3916554 5.9187164
0 3.250287 4.636567
8 6.0998254 -2.2395368
9 3.3221502 4.999449
27 3.392088 6.1876316
1 3.3109765 5.427729
19 5.431713 -1.5280734
18 3.7683623 1.3579679
2 3.4829564 6.5967164
12 3.4269085 6.51171
5 6.44821 -2.593701
24 3.277917 4.844206
29 7.047071 -3.0575995
3 3.3073628 4.6308026
