30 2
3 1.4581726 4.000592
29 4.5631146 3.544642
2 -2.266071 5.785644
18 -1.3940635 5.040558
4 -2.296451 5.745821
14 -2.5888197 5.9202547
6 5.0034127 3.3648734
7 4.0122466 3.4492867
10 4.312823 3.5573819
1 5.6286674 3.462203
22 4.272763 3.3653266
11 1.114635 3.9945657
20 -1.4327838 5.224068
5 1.4959946 3.9421031
25 5.285668 3.4654543
21 2.422681 3.835431
0 0.62480617 4.2418056
16 0.75995153 4.290265
24 1.4438144 4.0547433
27 1.8217654 3.9141512
8 -1.5611575 5.1445966
26 5.154415 3.2892358
9 0.7592053 4.288457
17 -2.0185113 5.614406
19 -2.9764748 6.169635
15 5.6145873 3.5151153
28 -1.6130415 5.2069693
12 5.0295877 3.391929
13 2.3715563 3.714707
23 -2.718532 5.937114
