30 2
21 3.2000186 4.9201193
22 3.6940596 1.8182926
13 5.364283 -1.1486148
7 3.543731 2.3905
10 5.392596 -1.1017517
14 3.5299642 2.2983313
16 3.7121243 1.7816483
28 6.0336447 -1.8906008
27 3.1409981 6.247698
4 3.8515606 1.5077801
25 6.327921 -2.0755687
1 3.1264722 5.444313
0 3.0127046 4.726827
2 3.2541335 6.8469324
19 5.64997 -1.5251982
11 3.0599027 6.1411834
20 3.9907358 0.96236837
8 6.2940865 -2.0594196
26 3.3821604 2.7302978
12 3.1255279 6.5971966
15 3.8220768 1.5924925
9 3.0722344 4.8860655
17 3.8100007 1.7249118
3 3.0865762 4.5662785
24 3.1531618 4.9144006
5 6.502862 -2.2389874
23 7.010149 -2.7968547
18 3.7503552 1.5884186
29 7.233572 -2.8578713
6 6.401058 -2.1984754
