30 2
7 4.275497 3.322885
1 5.677114 3.3150804
5 1.5779297 3.9528792
29 4.587377 3.4838605
4 -2.1728992 5.736319
14 -2.4287333 6.0206385
3 1.6053046 4.058603
2 -2.0194824 5.783857
21 2.3391635 3.8984
0 0.69890803 4.2651033
18 -1.3866323 5.0745993
25 5.4684043 3.349617
10 4.428416 3.4493437
11 1.0763049 4.034163
20 -1.3821229 5.2483087
24 1.4581614 4.0418224
8 -1.6365355 5.231336
26 5.0935426 3.254625
6 5.023888 3.2541869
23 -2.7192633 6.0958967
28 -1.6690674 5.3010526
22 4.4152555 3.3553274
12 5.09149 3.3186204
15 5.917679 3.3750017
27 1.8667741 3.897325
19 -2.7351081 6.2539372
17 -1.8723847 5.5344715
16 0.8820556 4.3511815
13 2.417977 3.689271
9 0.7711621 4.302751
