30 2
25 6.1366043 -2.3424423
17 3.974791 1.4009315
21 3.3868906 4.75578
14 3.707713 1.9935178
28 6.0369105 -2.325099
4 3.9636877 1.1851076
0 3.286807 4.7581716
10 5.373747 -1.3367771
22 3.7626903 1.6300361
7 3.6184173 2.1697602
8 6.0675654 -2.218668
15 3.9183936 1.468998
20 4.031484 0.91035384
18 3.8952436 1.2793258
12 3.436235 6.5269494
26 3.614871 2.1700928
19 5.457421 -1.6144251
1 3.367827 5.38052
23 6.852191 -3.2180715
13 5.581742 -1.689051
24 3.3714776 4.749498
16 3.7991538 1.7242651
3 3.353984 4.545791
6 6.2767677 -2.5217
11 3.479599 6.0070925
27 3.3970861 6.2871737
5 6.427183 -2.6022587
9 3.3500373 4.8937287
29 7.0180697 -3.1579459
2 3.526634 6.528262
