30 2
7 4.477274 2.8188267
2 -1.2222852 5.989455
4 -1.4211633 5.9052978
29 4.914988 2.8343294
3 2.0350282 3.813169
20 -0.97493964 5.453809
0 1.2067447 4.091996
24 2.2341263 3.6758697
14 -1.7427049 6.204085
5 2.185904 3.6606529
22 4.690165 2.7904181
28 -1.2319944 5.7048974
11 1.7125095 3.8114233
1 5.928126 2.6193833
10 4.8723683 2.8403015
15 6.2046337 2.5613794
21 2.9510522 3.4473002
18 -0.61779433 5.3069954
16 1.5995805 4.111605
25 5.798682 2.6030536
27 2.3958414 3.5686607
6 5.452771 2.601361
23 -1.812765 6.4021883
26 5.6299825 2.604547
12 5.4426656 2.7287076
19 -1.8773984 6.522126
8 -0.96417284 5.4748564
9 1.521029 4.045222
17 -1.1798742 5.740035
13 3.0590465 3.3241663
