30 2
22 3.9190557 1.3267602
21 3.770317 4.5378733
16 3.8848827 1.6408262
17 4.09676 1.022728
0 3.7142062 4.3965325
20 4.058554 0.5384068
19 5.3451467 -1.9670522
25 6.024525 -2.9576488
7 3.754457 1.8920146
13 5.2011456 -1.8359265
1 3.7860665 5.071633
28 5.8357296 -2.6976256
4 4.0217805 0.8450014
14 3.8044329 1.8110005
23 6.540901 -3.660708
15 4.0025387 1.1214323
8 6.06583 -2.826318
10 5.235968 -1.8831826
27 3.877955 5.9224358
12 3.9417806 6.219859
6 5.986089 -3.1045668
26 3.6902478 2.1262236
24 3.6944087 4.518028
11 3.8826413 5.693503
5 6.0784755 -3.0275886
9 3.7635972 4.5190897
29 6.7913976 -3.6696963
18 3.9094067 1.085863
2 4.0287595 6.170356
3 3.782958 4.319082
