30 2
4 3.992713 1.0185562
22 3.7026396 1.7824308
10 5.3562336 -1.365364
1 3.4127781 5.1891694
15 3.893723 1.4214386
16 3.870203 1.5889014
25 6.2807503 -2.3854964
8 6.128235 -2.4239876
28 5.971328 -2.3276381
21 3.3968062 4.779703
14 3.74656 1.8073846
27 3.5086696 6.115389
7 3.605643 2.197316
13 5.4185534 -1.5932268
23 6.8712068 -3.2964926
6 6.227515 -2.5899556
20 4.0705004 0.9601576
12 3.6021667 6.425351
0 3.3677628 4.638251
26 3.6821442 2.275766
19 5.3775535 -1.4797177
24 3.446592 4.782888
9 3.4251282 4.768072
17 3.9564657 1.3649007
3 3.3425846 4.419967
11 3.4547567 6.1261454
2 3.6346376 6.5630937
18 3.8427703 1.3105665
29 6.9929013 -3.2517285
5 6.410912 -2.592985
