30 2
21 3.4349113 4.8064976
16 3.9137175 1.6525954
10 5.3297043 -1.3858123
17 3.8996124 1.3625661
22 3.6569746 1.7518586
28 5.9856906 -2.2939844
19 5.317789 -1.4943247
27 3.4721103 6.1735525
1 3.4150796 5.2347045
15 3.9642112 1.2560313
8 6.1036296 -2.3944488
7 3.5796983 2.1674137
6 6.295117 -2.651111
23 6.845993 -3.3050966
25 6.2274833 -2.53924
4 3.9777303 1.0310757
13 5.439601 -1.5633143
11 3.5378366 6.0812263
14 3.7559872 1.9188625
24 3.381022 4.7470255
2 3.698455 6.5045176
12 3.6458418 6.426853
29 6.9242926 -3.2000256
9 3.4635239 4.6772876
26 3.597694 2.2958777
0 3.4531267 4.7358594
20 4.085238 0.83065116
3 3.396796 4.391734
18 3.805317 1.3173265
5 6.3654327 -2.710298
